2  0  0  0
2  0.0628319  0  0
2  0.125664  0  0
2  0.188496  0  0
2  0.251327  0  0
2  0.314159  0  0
2  0.376991  0  0
2  0.439823  0  0
2  0.502655  0  0
2  0.565487  0  0
2  0.628319  0  0
2  0.69115  0  0
2  0.753982  0  0
2  0.816814  0  0
2  0.879646  0  0
2  0.942478  0  0
2  1.00531  0  0
2  1.06814  0  0
2  1.13097  0  0
2  1.19381  0  0
2  1.25664  0  0
2  1.31947  0  0
2  1.3823  0  0
2  1.44513  0  0
2  1.50796  0  0
2  1.5708  0  0
2  1.63363  0  0
2  1.69646  0  0
2  1.75929  0  0
2  1.82212  0  0
2  1.88496  0  0
2  1.94779  0  0
2  2.01062  0  0
2  2.07345  0  0
2  2.13628  0  0
2  2.19911  0  0
2  2.26195  0  0
2  2.32478  0  0
2  2.38761  0  0
2  2.45044  0  0
2  2.51327  0  0
2  2.57611  0  0
2  2.63894  0  0
2  2.70177  0  0
2  2.7646  0  0
2  2.82743  0  0
2  2.89027  0  0
2  2.9531  0  0
2  3.01593  0  0
2  3.07876  0  0
2.5  0  0  0
2.5  0.0628319  0  0
2.5  0.125664  0  0
2.5  0.188496  0  0
2.5  0.251327  0  0
2.5  0.314159  0  0
2.5  0.376991  0  0
2.5  0.439823  0  0
2.5  0.502655  0  0
2.5  0.565487  0  0
2.5  0.628319  0  0
2.5  0.69115  0  0
2.5  0.753982  0  0
2.5  0.816814  0  0
2.5  0.879646  0  0
2.5  0.942478  0  0
2.5  1.00531  0  0
2.5  1.06814  0  0
2.5  1.13097  0  0
2.5  1.19381  0  0
2.5  1.25664  0.241203  2.28257
2.5  1.31947  8.27762  13.3008
2.5  1.3823  20.5556  17.595
2.5  1.44513  4.16952  2.18498
2.5  1.50796  2.79719  0.822997
2.5  1.5708  2.9333  0.971835
2.5  1.63363  3.92822  2.17975
2.5  1.69646  3.60466  1.7789
2.5  1.75929  1.96962  1.06829
2.5  1.82212  18.9651  10.3638
2.5  1.88496  0  0
2.5  1.94779  0  0
2.5  2.01062  0  0
2.5  2.07345  0  0
2.5  2.13628  0  0
2.5  2.19911  0  0
2.5  2.26195  0  0
2.5  2.32478  0  0
2.5  2.38761  0  0
2.5  2.45044  0  0
2.5  2.51327  0  0
2.5  2.57611  0  0
2.5  2.63894  0  0
2.5  2.70177  0  0
2.5  2.7646  0  0
2.5  2.82743  0  0
2.5  2.89027  0  0
2.5  2.9531  0  0
2.5  3.01593  0  0
2.5  3.07876  0  0
3  0  0  0
3  0.0628319  0  0
3  0.125664  0  0
3  0.188496  0  0
3  0.251327  0  0
3  0.314159  0  0
3  0.376991  0  0
3  0.439823  0  0
3  0.502655  0  0
3  0.565487  0  0
3  0.628319  0  0
3  0.69115  0  0
3  0.753982  0  0
3  0.816814  0  0
3  0.879646  0  0
3  0.942478  8.41549  17.2551
3  1.00531  2.66683  0.351193
3  1.06814  2.29835  0.202755
3  1.13097  2.46591  0.206788
3  1.19381  2.32133  0.145195
3  1.25664  2.24674  0.139033
3  1.31947  2.1076  0.117619
3  1.3823  2.18757  0.118368
3  1.44513  2.29687  0.131992
3  1.50796  2.41862  0.149463
3  1.5708  1.96357  0.105105
3  1.63363  1.88433  0.109554
3  1.69646  1.85936  0.105546
3  1.75929  2.39943  0.161521
3  1.82212  2.06891  0.128062
3  1.88496  2.18956  0.13784
3  1.94779  2.38508  0.155132
3  2.01062  2.38806  0.229326
3  2.07345  2.26651  0.384667
3  2.13628  4.85437  3.00876
3  2.19911  19.6849  10.8044
3  2.26195  0  0
3  2.32478  0  0
3  2.38761  0  0
3  2.45044  0  0
3  2.51327  0  0
3  2.57611  0  0
3  2.63894  0  0
3  2.70177  0  0
3  2.7646  0  0
3  2.82743  0  0
3  2.89027  0  0
3  2.9531  0  0
3  3.01593  0  0
3  3.07876  0  0
3.5  0  0  0
3.5  0.0628319  0  0
3.5  0.125664  0  0
3.5  0.188496  0  0
3.5  0.251327  0  0
3.5  0.314159  0  0
3.5  0.376991  0  0
3.5  0.439823  0  0
3.5  0.502655  0  0
3.5  0.565487  0  0
3.5  0.628319  0  0
3.5  0.69115  0  0
3.5  0.753982  29.5662  28.9175
3.5  0.816814  2.47967  0.306868
3.5  0.879646  2.56673  0.156621
3.5  0.942478  2.3768  0.120859
3.5  1.00531  2.23941  0.128278
3.5  1.06814  1.96708  0.102305
3.5  1.13097  2.28605  0.132619
3.5  1.19381  2.13223  0.119547
3.5  1.25664  2.1869  0.123082
3.5  1.31947  2.2355  0.118122
3.5  1.3823  2.30558  0.155563
3.5  1.44513  2.25969  0.126319
3.5  1.50796  2.20096  0.139624
3.5  1.5708  1.94973  0.0976289
3.5  1.63363  2.44584  0.154402
3.5  1.69646  1.92255  0.105652
3.5  1.75929  2.42273  0.139724
3.5  1.82212  2.48059  0.164293
3.5  1.88496  2.2963  0.150542
3.5  1.94779  2.32788  0.124505
3.5  2.01062  2.22595  0.123905
3.5  2.07345  2.30946  0.12985
3.5  2.13628  2.36711  0.125933
3.5  2.19911  2.26938  0.159643
3.5  2.26195  2.82988  0.393636
3.5  2.32478  17.3642  18.8864
3.5  2.38761  0  0
3.5  2.45044  0.247618  1.90706
3.5  2.51327  0  0
3.5  2.57611  0  0
3.5  2.63894  0  0
3.5  2.70177  0  0
3.5  2.7646  0  0
3.5  2.82743  0  0
3.5  2.89027  0  0
3.5  2.9531  0  0
3.5  3.01593  0  0
3.5  3.07876  0  0
4  0  0  0
4  0.0628319  0  0
4  0.125664  0  0
4  0.188496  0  0
4  0.251327  0  0
4  0.314159  0  0
4  0.376991  0  0
4  0.439823  0  0
4  0.502655  0  0
4  0.565487  0  0
4  0.628319  0  0
4  0.69115  8.11436  4.39532
4  0.753982  2.43406  0.164631
4  0.816814  2.58161  0.152972
4  0.879646  2.50797  0.145008
4  0.942478  2.20086  0.108142
4  1.00531  2.36498  0.119568
4  1.06814  2.12929  0.10924
4  1.13097  2.13204  0.101888
4  1.19381  2.28316  0.119043
4  1.25664  2.1366  0.120028
4  1.31947  2.28193  0.146381
4  1.3823  2.29255  0.14303
4  1.44513  2.24765  0.138647
4  1.50796  2.18167  0.123578
4  1.5708  2.39452  0.127868
4  1.63363  2.21706  0.121168
4  1.69646  2.29995  0.159329
4  1.75929  2.01858  0.116061
4  1.82212  2.62695  0.155695
4  1.88496  2.08012  0.104662
4  1.94779  2.08793  0.102796
4  2.01062  2.42089  0.12021
4  2.07345  2.39986  0.143726
4  2.13628  2.22261  0.104716
4  2.19911  2.62234  0.126278
4  2.26195  2.7152  0.153417
4  2.32478  2.96676  0.247217
4  2.38761  3.98724  1.20299
4  2.45044  0  0
4  2.51327  0  0
4  2.57611  0  0
4  2.63894  0  0
4  2.70177  0  0
4  2.7646  0  0
4  2.82743  0  0
4  2.89027  0  0
4  2.9531  0  0
4  3.01593  0  0
4  3.07876  0  0
4.5  0  0  0
4.5  0.0628319  0  0
4.5  0.125664  0  0
4.5  0.188496  0  0
4.5  0.251327  0  0
4.5  0.314159  0  0
4.5  0.376991  0  0
4.5  0.439823  0  0
4.5  0.502655  0  0
4.5  0.565487  1.25039  9.17517
4.5  0.628319  6.14187  2.91202
4.5  0.69115  3.32358  0.420006
4.5  0.753982  2.90353  0.214657
4.5  0.816814  2.45073  0.120705
4.5  0.879646  2.3488  0.125264
4.5  0.942478  2.47744  0.129312
4.5  1.00531  2.2628  0.135132
4.5  1.06814  2.39732  0.13112
4.5  1.13097  2.43223  0.130832
4.5  1.19381  2.08363  0.114969
4.5  1.25664  2.29521  0.146334
4.5  1.31947  2.19132  0.131486
4.5  1.3823  2.03654  0.123827
4.5  1.44513  2.07163  0.105978
4.5  1.50796  2.08224  0.138969
4.5  1.5708  2.15276  0.113702
4.5  1.63363  2.11103  0.123524
4.5  1.69646  2.23556  0.118533
4.5  1.75929  1.90641  0.11475
4.5  1.82212  2.11646  0.127698
4.5  1.88496  1.82787  0.0983483
4.5  1.94779  2.4196  0.131627
4.5  2.01062  2.57676  0.129531
4.5  2.07345  2.49226  0.143334
4.5  2.13628  2.30513  0.116397
4.5  2.19911  2.62108  0.132281
4.5  2.26195  2.57167  0.150663
4.5  2.32478  2.81682  0.200527
4.5  2.38761  3.08744  0.292046
4.5  2.45044  4.53453  1.35462
4.5  2.51327  0.138932  1.01946
4.5  2.57611  0  0
4.5  2.63894  0  0
4.5  2.70177  0  0
4.5  2.7646  0  0
4.5  2.82743  0  0
4.5  2.89027  0  0
4.5  2.9531  0  0
4.5  3.01593  0  0
4.5  3.07876  0  0
5  0  0  0
5  0.0628319  0  0
5  0.125664  0  0
5  0.188496  0  0
5  0.251327  0  0
5  0.314159  0  0
5  0.376991  0  0
5  0.439823  0  0
5  0.502655  0  0
5  0.565487  6.32125  5.0302
5  0.628319  3.20098  0.428568
5  0.69115  3.01539  0.218497
5  0.753982  2.70968  0.19365
5  0.816814  2.66937  0.155544
5  0.879646  2.53527  0.137333
5  0.942478  2.48211  0.122244
5  1.00531  2.43213  0.144627
5  1.06814  2.39929  0.116074
5  1.13097  2.45793  0.157953
5  1.19381  2.24439  0.121805
5  1.25664  2.42486  0.112064
5  1.31947  2.2302  0.138118
5  1.3823  2.07817  0.109603
5  1.44513  2.16076  0.120012
5  1.50796  2.26678  0.128873
5  1.5708  2.12408  0.11898
5  1.63363  2.353  0.146969
5  1.69646  2.05134  0.109554
5  1.75929  2.10403  0.11372
5  1.82212  2.04308  0.105316
5  1.88496  2.05732  0.103122
5  1.94779  2.43245  0.150558
5  2.01062  2.57238  0.149833
5  2.07345  2.29472  0.1268
5  2.13628  2.54913  0.1145
5  2.19911  2.26502  0.116467
5  2.26195  2.82787  0.155409
5  2.32478  2.61269  0.168586
5  2.38761  2.60685  0.238623
5  2.45044  3.69194  0.529222
5  2.51327  9.74659  7.44093
5  2.57611  0  0
5  2.63894  0  0
5  2.70177  0  0
5  2.7646  0  0
5  2.82743  0  0
5  2.89027  0  0
5  2.9531  0  0
5  3.01593  0  0
5  3.07876  0  0
5.5  0  0  0
5.5  0.0628319  0  0
5.5  0.125664  0  0
5.5  0.188496  0  0
5.5  0.251327  0  0
5.5  0.314159  0  0
5.5  0.376991  0  0
5.5  0.439823  0  0
5.5  0.502655  9.05588  16.8219
5.5  0.565487  4.00649  0.788232
5.5  0.628319  2.53083  0.238105
5.5  0.69115  2.69103  0.237167
5.5  0.753982  2.57507  0.137258
5.5  0.816814  2.78604  0.152603
5.5  0.879646  2.60766  0.135381
5.5  0.942478  2.47852  0.130454
5.5  1.00531  2.35254  0.10974
5.5  1.06814  2.55208  0.152328
5.5  1.13097  2.25115  0.112176
5.5  1.19381  2.4638  0.144013
5.5  1.25664  2.27214  0.11974
5.5  1.31947  2.42095  0.128522
5.5  1.3823  2.19462  0.109773
5.5  1.44513  2.30139  0.136897
5.5  1.50796  2.16263  0.132983
5.5  1.5708  2.21428  0.127141
5.5  1.63363  2.28013  0.115262
5.5  1.69646  2.4137  0.144774
5.5  1.75929  2.31356  0.118221
5.5  1.82212  2.06174  0.132842
5.5  1.88496  2.21522  0.163604
5.5  1.94779  2.43957  0.124234
5.5  2.01062  2.42763  0.134556
5.5  2.07345  2.22879  0.108606
5.5  2.13628  2.45916  0.121143
5.5  2.19911  2.48472  0.113728
5.5  2.26195  2.42867  0.120497
5.5  2.32478  2.33554  0.124813
5.5  2.38761  2.75344  0.310494
5.5  2.45044  3.38246  0.411567
5.5  2.51327  4.41746  0.814633
5.5  2.57611  30.8601  29.1793
5.5  2.63894  0  0
5.5  2.70177  0  0
5.5  2.7646  0  0
5.5  2.82743  0  0
5.5  2.89027  0  0
5.5  2.9531  0  0
5.5  3.01593  0  0
5.5  3.07876  0  0
6  0  0  0
6  0.0628319  0  0
6  0.125664  0  0
6  0.188496  0  0
6  0.251327  0  0
6  0.314159  0  0
6  0.376991  0  0
6  0.439823  27.5018  14.9684
6  0.502655  8.63831  6.59561
6  0.565487  3.95473  0.804376
6  0.628319  2.90479  0.382671
6  0.69115  2.9194  0.26232
6  0.753982  2.96  0.185189
6  0.816814  2.45273  0.134395
6  0.879646  2.24691  0.116096
6  0.942478  2.67474  0.135462
6  1.00531  2.23342  0.133966
6  1.06814  2.2933  0.110177
6  1.13097  2.31635  0.105428
6  1.19381  2.42633  0.118619
6  1.25664  2.12517  0.115223
6  1.31947  2.23617  0.115003
6  1.3823  2.53254  0.133659
6  1.44513  2.14488  0.130691
6  1.50796  2.50387  0.147831
6  1.5708  2.33993  0.110431
6  1.63363  2.14488  0.0933263
6  1.69646  2.40133  0.118303
6  1.75929  2.14974  0.107774
6  1.82212  2.62374  0.141791
6  1.88496  2.3194  0.130761
6  1.94779  2.40809  0.120133
6  2.01062  2.41506  0.117757
6  2.07345  2.25036  0.107971
6  2.13628  2.46376  0.116935
6  2.19911  2.6073  0.120516
6  2.26195  2.70306  0.12717
6  2.32478  2.78075  0.203404
6  2.38761  3.00774  0.23855
6  2.45044  3.84714  0.574987
6  2.51327  5.72548  1.47833
6  2.57611  5.66142  2.44713
6  2.63894  0  0
6  2.70177  0  0
6  2.7646  0  0
6  2.82743  0  0
6  2.89027  0  0
6  2.9531  0  0
6  3.01593  0  0
6  3.07876  0  0
6.5  0  0  0
6.5  0.0628319  0  0
6.5  0.125664  0  0
6.5  0.188496  0  0
6.5  0.251327  0  0
6.5  0.314159  0  0
6.5  0.376991  0.251289  2.06432
6.5  0.439823  33.4877  27.6063
6.5  0.502655  5.47959  1.9255
6.5  0.565487  4.90243  0.915737
6.5  0.628319  4.24351  0.71191
6.5  0.69115  2.50167  0.192781
6.5  0.753982  2.72107  0.190814
6.5  0.816814  2.51166  0.118791
6.5  0.879646  2.58521  0.11958
6.5  0.942478  2.75972  0.141179
6.5  1.00531  2.3162  0.107192
6.5  1.06814  2.64945  0.150762
6.5  1.13097  2.41889  0.105477
6.5  1.19381  2.12209  0.125032
6.5  1.25664  2.44298  0.128975
6.5  1.31947  2.52835  0.135902
6.5  1.3823  2.19342  0.114872
6.5  1.44513  2.20586  0.1022
6.5  1.50796  2.2547  0.117934
6.5  1.5708  2.23573  0.114115
6.5  1.63363  2.15979  0.0922044
6.5  1.69646  2.08401  0.127694
6.5  1.75929  2.40471  0.140453
6.5  1.82212  2.41759  0.128113
6.5  1.88496  2.49036  0.133217
6.5  1.94779  2.31314  0.120916
6.5  2.01062  2.58836  0.110924
6.5  2.07345  2.40688  0.136497
6.5  2.13628  2.60582  0.120831
6.5  2.19911  2.57766  0.138431
6.5  2.26195  2.63678  0.126189
6.5  2.32478  2.88436  0.179095
6.5  2.38761  2.95729  0.242209
6.5  2.45044  3.22985  0.457359
6.5  2.51327  5.56961  1.5973
6.5  2.57611  6.80191  3.27229
6.5  2.63894  24.9403  24.8966
6.5  2.70177  0  0
6.5  2.7646  0  0
6.5  2.82743  0  0
6.5  2.89027  0  0
6.5  2.9531  0  0
6.5  3.01593  0  0
6.5  3.07876  0  0
7  0  0  0
7  0.0628319  0  0
7  0.125664  0  0
7  0.188496  0  0
7  0.251327  0  0
7  0.314159  0  0
7  0.376991  0.246646  2.24746
7  0.439823  10.2361  10.4647
7  0.502655  6.64122  2.26328
7  0.565487  4.54805  1.18799
7  0.628319  3.82468  0.527587
7  0.69115  2.82115  0.28589
7  0.753982  2.80021  0.142737
7  0.816814  2.45709  0.114506
7  0.879646  2.43376  0.127467
7  0.942478  2.54554  0.123274
7  1.00531  2.46781  0.110686
7  1.06814  2.5493  0.108415
7  1.13097  2.42354  0.101197
7  1.19381  2.29304  0.117891
7  1.25664  2.48619  0.139099
7  1.31947  2.46759  0.130882
7  1.3823  2.1553  0.101693
7  1.44513  2.46622  0.150654
7  1.50796  2.45682  0.144541
7  1.5708  2.36618  0.117078
7  1.63363  2.24155  0.114814
7  1.69646  2.10411  0.123274
7  1.75929  2.50543  0.147497
7  1.82212  2.40022  0.126512
7  1.88496  2.19326  0.116513
7  1.94779  2.56433  0.143065
7  2.01062  2.52046  0.117891
7  2.07345  2.43966  0.113724
7  2.13628  2.29008  0.0985654
7  2.19911  2.62811  0.115127
7  2.26195  2.67721  0.120726
7  2.32478  2.87375  0.172534
7  2.38761  3.03314  0.217089
7  2.45044  3.72993  0.404499
7  2.51327  4.67325  0.950679
7  2.57611  5.06055  1.56424
7  2.63894  11.0696  11.5709
7  2.70177  0  0
7  2.7646  0  0
7  2.82743  0  0
7  2.89027  0  0
7  2.9531  0  0
7  3.01593  0  0
7  3.07876  0  0
7.5  0  0  0
7.5  0.0628319  0  0
7.5  0.125664  0  0
7.5  0.188496  0  0
7.5  0.251327  0  0
7.5  0.314159  0  0
7.5  0.376991  0.247913  1.97293
7.5  0.439823  6.47895  3.27811
7.5  0.502655  7.12001  3.81582
7.5  0.565487  3.73844  0.581128
7.5  0.628319  3.28602  0.458938
7.5  0.69115  2.88358  0.259725
7.5  0.753982  2.86093  0.156257
7.5  0.816814  2.86301  0.137462
7.5  0.879646  2.65791  0.126112
7.5  0.942478  2.45183  0.108591
7.5  1.00531  2.572  0.141297
7.5  1.06814  2.26598  0.103117
7.5  1.13097  2.45345  0.120082
7.5  1.19381  2.47935  0.124554
7.5  1.25664  2.74501  0.138822
7.5  1.31947  2.07225  0.110916
7.5  1.3823  2.37808  0.125653
7.5  1.44513  2.08583  0.121458
7.5  1.50796  2.36713  0.113254
7.5  1.5708  2.5177  0.121792
7.5  1.63363  2.46916  0.133306
7.5  1.69646  2.34383  0.114919
7.5  1.75929  2.41236  0.119792
7.5  1.82212  2.37941  0.128614
7.5  1.88496  2.48301  0.132115
7.5  1.94779  2.02327  0.0970369
7.5  2.01062  2.35284  0.10349
7.5  2.07345  2.62282  0.110037
7.5  2.13628  2.5031  0.0961963
7.5  2.19911  2.65021  0.118573
7.5  2.26195  3.08311  0.156686
7.5  2.32478  3.25967  0.207163
7.5  2.38761  3.03324  0.211729
7.5  2.45044  3.04654  0.251452
7.5  2.51327  3.3225  0.411525
7.5  2.57611  4.86374  1.74171
7.5  2.63894  12.4376  22.5276
7.5  2.70177  0  0
7.5  2.7646  0  0
7.5  2.82743  0  0
7.5  2.89027  0  0
7.5  2.9531  0  0
7.5  3.01593  0  0
7.5  3.07876  0  0
8  0  0  0
8  0.0628319  0  0
8  0.125664  0  0
8  0.188496  0  0
8  0.251327  0  0
8  0.314159  0  0
8  0.376991  44.379  40.4984
8  0.439823  7.43746  3.22712
8  0.502655  4.28804  0.64658
8  0.565487  4.58703  0.763598
8  0.628319  3.37016  0.480711
8  0.69115  3.00037  0.200671
8  0.753982  2.70374  0.147764
8  0.816814  2.75198  0.127805
8  0.879646  2.66752  0.111928
8  0.942478  2.48576  0.114931
8  1.00531  2.46565  0.122122
8  1.06814  2.36876  0.11353
8  1.13097  2.6681  0.130146
8  1.19381  2.44739  0.10184
8  1.25664  2.27755  0.0915906
8  1.31947  2.14177  0.0983846
8  1.3823  2.48773  0.137377
8  1.44513  2.61967  0.150366
8  1.50796  2.48025  0.146017
8  1.5708  1.82776  0.0958756
8  1.63363  2.33015  0.112489
8  1.69646  2.60216  0.161788
8  1.75929  2.47367  0.127162
8  1.82212  2.30323  0.127014
8  1.88496  2.53409  0.122507
8  1.94779  2.35943  0.104538
8  2.01062  2.35144  0.107928
8  2.07345  2.51312  0.122525
8  2.13628  2.82002  0.116996
8  2.19911  2.70855  0.116727
8  2.26195  2.83827  0.124274
8  2.32478  2.79413  0.165578
8  2.38761  3.0696  0.270238
8  2.45044  3.60043  0.407025
8  2.51327  4.81954  0.893042
8  2.57611  5.82882  1.73517
8  2.63894  12.2434  12.3186
8  2.70177  15.4671  14.1995
8  2.7646  0  0
8  2.82743  0  0
8  2.89027  0  0
8  2.9531  0  0
8  3.01593  0  0
8  3.07876  0  0
8.5  0  0  0
8.5  0.0628319  0  0
8.5  0.125664  0  0
8.5  0.188496  0  0
8.5  0.251327  0  0
8.5  0.314159  0  0
8.5  0.376991  13.2355  25.3368
8.5  0.439823  9.17799  5.60595
8.5  0.502655  7.16561  2.95892
8.5  0.565487  4.3049  0.584616
8.5  0.628319  3.21022  0.336773
8.5  0.69115  3.03302  0.228708
8.5  0.753982  2.99111  0.157766
8.5  0.816814  2.54266  0.149532
8.5  0.879646  2.52019  0.121465
8.5  0.942478  2.67309  0.125466
8.5  1.00531  2.32449  0.114555
8.5  1.06814  2.59314  0.106311
8.5  1.13097  2.70355  0.160827
8.5  1.19381  2.50199  0.153204
8.5  1.25664  2.2549  0.116585
8.5  1.31947  2.10889  0.0991857
8.5  1.3823  2.39256  0.118532
8.5  1.44513  2.33579  0.111523
8.5  1.50796  2.19317  0.112747
8.5  1.5708  2.06711  0.117095
8.5  1.63363  2.17787  0.097987
8.5  1.69646  2.20125  0.106656
8.5  1.75929  2.39161  0.136921
8.5  1.82212  2.16447  0.104823
8.5  1.88496  2.41114  0.122662
8.5  1.94779  2.78541  0.133609
8.5  2.01062  2.46297  0.100366
8.5  2.07345  2.55572  0.121301
8.5  2.13628  2.70463  0.11678
8.5  2.19911  2.82881  0.130015
8.5  2.26195  2.43615  0.121717
8.5  2.32478  2.88797  0.251761
8.5  2.38761  3.25477  0.216545
8.5  2.45044  4.16637  0.504526
8.5  2.51327  4.74092  0.907832
8.5  2.57611  5.04312  1.34678
8.5  2.63894  8.08171  3.81794
8.5  2.70177  19.5285  12.8697
8.5  2.7646  0  0
8.5  2.82743  0  0
8.5  2.89027  0  0
8.5  2.9531  0  0
8.5  3.01593  0  0
8.5  3.07876  0  0
9  0  0  0
9  0.0628319  0  0
9  0.125664  0  0
9  0.188496  0  0
9  0.251327  0  0
9  0.314159  0  0
9  0.376991  11.5614  21.5518
9  0.439823  6.41132  2.67835
9  0.502655  6.6033  2.25086
9  0.565487  4.21863  0.66052
9  0.628319  3.31145  0.29668
9  0.69115  3.13396  0.192256
9  0.753982  2.79117  0.141246
9  0.816814  2.69501  0.12748
9  0.879646  2.47724  0.112336
9  0.942478  2.57018  0.110142
9  1.00531  2.61199  0.127531
9  1.06814  2.5157  0.120717
9  1.13097  2.50848  0.125016
9  1.19381  2.2452  0.108808
9  1.25664  2.4567  0.124802
9  1.31947  2.35704  0.114651
9  1.3823  2.06069  0.110624
9  1.44513  2.26811  0.114524
9  1.50796  2.36945  0.121569
9  1.5708  2.2559  0.107857
9  1.63363  2.21031  0.113632
9  1.69646  2.13427  0.118411
9  1.75929  2.25014  0.126712
9  1.82212  2.23388  0.105523
9  1.88496  2.18285  0.105463
9  1.94779  2.47476  0.125205
9  2.01062  2.3701  0.0967792
9  2.07345  2.45255  0.132254
9  2.13628  2.19968  0.0901219
9  2.19911  2.61362  0.104449
9  2.26195  2.51865  0.12405
9  2.32478  2.817  0.153938
9  2.38761  3.16896  0.258929
9  2.45044  2.85492  0.275792
9  2.51327  3.9689  0.45983
9  2.57611  6.71771  1.89049
9  2.63894  5.98296  2.45721
9  2.70177  9.79029  12.6682
9  2.7646  0  0
9  2.82743  0  0
9  2.89027  0  0
9  2.9531  0  0
9  3.01593  0  0
9  3.07876  0  0
9.5  0  0  0
9.5  0.0628319  0  0
9.5  0.125664  0  0
9.5  0.188496  0  0
9.5  0.251327  0  0
9.5  0.314159  0  0
9.5  0.376991  34.35  25.1124
9.5  0.439823  10.5052  7.74652
9.5  0.502655  5.67783  1.38862
9.5  0.565487  4.31513  0.786946
9.5  0.628319  3.37064  0.396554
9.5  0.69115  3.13307  0.25467
9.5  0.753982  2.87407  0.158995
9.5  0.816814  2.85937  0.137389
9.5  0.879646  2.61073  0.101062
9.5  0.942478  2.52297  0.102409
9.5  1.00531  2.52793  0.118911
9.5  1.06814  2.36527  0.102579
9.5  1.13097  2.3769  0.116149
9.5  1.19381  2.44515  0.118093
9.5  1.25664  2.09811  0.100065
9.5  1.31947  2.21913  0.124062
9.5  1.3823  2.21682  0.106085
9.5  1.44513  2.26842  0.112656
9.5  1.50796  2.09619  0.105797
9.5  1.5708  2.31148  0.107021
9.5  1.63363  2.28814  0.144213
9.5  1.69646  2.36157  0.112746
9.5  1.75929  2.23321  0.102111
9.5  1.82212  2.51789  0.125057
9.5  1.88496  2.15455  0.0980838
9.5  1.94779  2.33998  0.120659
9.5  2.01062  2.52204  0.103302
9.5  2.07345  2.46815  0.108435
9.5  2.13628  2.48023  0.106188
9.5  2.19911  2.65069  0.109688
9.5  2.26195  2.7808  0.121617
9.5  2.32478  2.92631  0.196742
9.5  2.38761  3.17508  0.225661
9.5  2.45044  3.33795  0.335508
9.5  2.51327  3.8451  0.458228
9.5  2.57611  5.08539  1.39575
9.5  2.63894  7.56182  3.17037
9.5  2.70177  11.5889  23.2477
9.5  2.7646  0  0
9.5  2.82743  0  0
9.5  2.89027  0  0
9.5  2.9531  0  0
9.5  3.01593  0  0
9.5  3.07876  0  0
10  0  0  0
10  0.0628319  0  0
10  0.125664  0  0
10  0.188496  0  0
10  0.251327  0  0
10  0.314159  0  0
10  0.376991  10.9006  12.7049
10  0.439823  6.69067  2.74152
10  0.502655  7.59857  2.17957
10  0.565487  4.28314  0.682946
10  0.628319  3.6528  0.392331
10  0.69115  3.12147  0.243236
10  0.753982  2.83196  0.155451
10  0.816814  2.70338  0.121933
10  0.879646  2.79447  0.134291
10  0.942478  2.75757  0.114188
10  1.00531  2.44827  0.101978
10  1.06814  2.2064  0.0976102
10  1.13097  2.31914  0.113878
10  1.19381  2.34105  0.115029
10  1.25664  2.24382  0.117758
10  1.31947  2.55151  0.128768
10  1.3823  2.03574  0.101733
10  1.44513  2.20529  0.119857
10  1.50796  2.04382  0.0953795
10  1.5708  2.11819  0.108598
10  1.63363  2.47262  0.129134
10  1.69646  2.26612  0.100971
10  1.75929  2.13338  0.116038
10  1.82212  2.37044  0.110043
10  1.88496  2.32932  0.122296
10  1.94779  2.18605  0.103931
10  2.01062  2.4107  0.113105
10  2.07345  2.428  0.103836
10  2.13628  2.47748  0.10054
10  2.19911  2.86843  0.123501
10  2.26195  2.72729  0.118682
10  2.32478  2.66956  0.122866
10  2.38761  2.79494  0.183283
10  2.45044  3.12793  0.312589
10  2.51327  4.39899  0.632733
10  2.57611  5.09723  1.17154
10  2.63894  9.33784  5.98442
10  2.70177  6.56795  4.11917
10  2.7646  0  0
10  2.82743  0  0
10  2.89027  0  0
10  2.9531  0  0
10  3.01593  0  0
10  3.07876  0  0
10.5  0  0  0
10.5  0.0628319  0  0
10.5  0.125664  0  0
10.5  0.188496  0  0
10.5  0.251327  0  0
10.5  0.314159  23.0552  11.6933
10.5  0.376991  13.7317  24.9946
10.5  0.439823  15.895  26.6384
10.5  0.502655  5.63631  1.37185
10.5  0.565487  4.62036  0.722911
10.5  0.628319  3.21861  0.356277
10.5  0.69115  2.9762  0.224659
10.5  0.753982  2.79  0.142211
10.5  0.816814  2.70294  0.142058
10.5  0.879646  2.48634  0.112728
10.5  0.942478  2.47766  0.112831
10.5  1.00531  2.29398  0.09754
10.5  1.06814  2.49415  0.119362
10.5  1.13097  2.53887  0.128917
10.5  1.19381  2.21435  0.10489
10.5  1.25664  2.3865  0.0965221
10.5  1.31947  2.44415  0.126813
10.5  1.3823  2.28914  0.111044
10.5  1.44513  2.10758  0.124837
10.5  1.50796  2.29112  0.11854
10.5  1.5708  2.14595  0.096659
10.5  1.63363  2.44466  0.132228
10.5  1.69646  2.11495  0.099927
10.5  1.75929  2.23269  0.146673
10.5  1.82212  2.27962  0.164898
10.5  1.88496  2.4349  0.118082
10.5  1.94779  2.64627  0.123722
10.5  2.01062  2.47808  0.132451
10.5  2.07345  2.20828  0.0894749
10.5  2.13628  2.39488  0.0931681
10.5  2.19911  2.67151  0.119241
10.5  2.26195  2.63845  0.107882
10.5  2.32478  2.95517  0.163972
10.5  2.38761  2.82364  0.193025
10.5  2.45044  3.18431  0.28345
10.5  2.51327  4.0242  0.588144
10.5  2.57611  5.79575  1.54717
10.5  2.63894  18.0693  20.3295
10.5  2.70177  7.23286  4.50345
10.5  2.7646  16.9886  13.0882
10.5  2.82743  0  0
10.5  2.89027  0  0
10.5  2.9531  0  0
10.5  3.01593  0  0
10.5  3.07876  0  0
11  0  0  0
11  0.0628319  0  0
11  0.125664  0  0
11  0.188496  0  0
11  0.251327  0  0
11  0.314159  7.57852  12.2012
11  0.376991  8.9889  8.13209
11  0.439823  6.87786  2.42598
11  0.502655  5.85607  1.45409
11  0.565487  3.77852  0.500152
11  0.628319  3.67352  0.378319
11  0.69115  3.16099  0.203246
11  0.753982  2.82791  0.15862
11  0.816814  2.9926  0.146851
11  0.879646  2.43267  0.114768
11  0.942478  2.54095  0.113313
11  1.00531  2.53843  0.135606
11  1.06814  2.41224  0.101982
11  1.13097  2.26814  0.102668
11  1.19381  2.52934  0.123218
11  1.25664  2.54425  0.149644
11  1.31947  2.36579  0.12928
11  1.3823  2.36136  0.117639
11  1.44513  2.33853  0.117058
11  1.50796  2.3022  0.115642
11  1.5708  2.09121  0.0934358
11  1.63363  2.26581  0.122978
11  1.69646  2.27082  0.117537
11  1.75929  2.24603  0.0998022
11  1.82212  2.22828  0.0981892
11  1.88496  2.36838  0.105039
11  1.94779  2.49236  0.139445
11  2.01062  2.38339  0.111723
11  2.07345  2.62434  0.120372
11  2.13628  2.3334  0.0913931
11  2.19911  2.58016  0.0953019
11  2.26195  2.75761  0.118508
11  2.32478  2.93253  0.171943
11  2.38761  3.72986  0.282174
11  2.45044  3.15863  0.288763
11  2.51327  4.70622  0.691348
11  2.57611  5.82182  1.31666
11  2.63894  8.75554  4.22415
11  2.70177  21.8931  28.004
11  2.7646  33.5788  16.7935
11  2.82743  0  0
11  2.89027  0  0
11  2.9531  0  0
11  3.01593  0  0
11  3.07876  0  0
11.5  0  0  0
11.5  0.0628319  0  0
11.5  0.125664  0  0
11.5  0.188496  0  0
11.5  0.251327  0  0
11.5  0.314159  30.7683  30.6979
11.5  0.376991  12.4179  11.613
11.5  0.439823  8.58894  5.08715
11.5  0.502655  6.77847  1.78772
11.5  0.565487  4.06357  0.420409
11.5  0.628319  3.44077  0.28824
11.5  0.69115  3.09707  0.231173
11.5  0.753982  2.57363  0.12918
11.5  0.816814  2.77624  0.133312
11.5  0.879646  2.58459  0.103951
11.5  0.942478  2.31304  0.121003
11.5  1.00531  2.34795  0.102286
11.5  1.06814  2.57276  0.113546
11.5  1.13097  2.37574  0.111512
11.5  1.19381  2.53975  0.120549
11.5  1.25664  1.98677  0.0927959
11.5  1.31947  2.24474  0.11321
11.5  1.3823  2.32175  0.106975
11.5  1.44513  2.18052  0.10838
11.5  1.50796  2.46714  0.114502
11.5  1.5708  2.46437  0.119857
11.5  1.63363  2.19557  0.137507
11.5  1.69646  2.07375  0.103203
11.5  1.75929  2.2097  0.10268
11.5  1.82212  2.26231  0.109089
11.5  1.88496  2.51181  0.120089
11.5  1.94779  2.35358  0.101828
11.5  2.01062  2.23673  0.0916177
11.5  2.07345  2.409  0.108961
11.5  2.13628  2.6105  0.10749
11.5  2.19911  2.45948  0.0922616
11.5  2.26195  2.97777  0.121982
11.5  2.32478  2.91223  0.138906
11.5  2.38761  2.84398  0.266998
11.5  2.45044  3.63683  0.400107
11.5  2.51327  3.98323  0.485939
11.5  2.57611  5.22335  1.12687
11.5  2.63894  8.79238  3.94911
11.5  2.70177  7.80703  5.13658
11.5  2.7646  43.9657  42.1174
11.5  2.82743  0  0
11.5  2.89027  0  0
11.5  2.9531  0  0
11.5  3.01593  0  0
11.5  3.07876  0  0
12  0  0  0
12  0.0628319  0  0
12  0.125664  0  0
12  0.188496  0  0
12  0.251327  0  0
12  0.314159  35.9304  34.192
12  0.376991  10.9003  11.946
12  0.439823  7.91988  3.39195
12  0.502655  5.88364  1.32633
12  0.565487  4.8849  0.745326
12  0.628319  4.51605  0.535408
12  0.69115  3.57211  0.251474
12  0.753982  2.79786  0.144782
12  0.816814  2.6774  0.122858
12  0.879646  2.63624  0.104999
12  0.942478  2.39083  0.102691
12  1.00531  2.38078  0.112522
12  1.06814  2.58151  0.114743
12  1.13097  2.31588  0.100471
12  1.19381  2.20536  0.105598
12  1.25664  2.20914  0.100761
12  1.31947  2.37621  0.110083
12  1.3823  2.38651  0.117152
12  1.44513  2.1115  0.113969
12  1.50796  2.30271  0.115532
12  1.5708  2.30182  0.127288
12  1.63363  2.31456  0.118079
12  1.69646  2.14895  0.120702
12  1.75929  2.34058  0.114341
12  1.82212  2.33057  0.108168
12  1.88496  2.4006  0.119338
12  1.94779  2.61582  0.131597
12  2.01062  2.38792  0.105964
12  2.07345  2.42241  0.0985961
12  2.13628  2.58846  0.103034
12  2.19911  2.72965  0.110881
12  2.26195  2.65865  0.110445
12  2.32478  2.77192  0.131916
12  2.38761  3.27825  0.233763
12  2.45044  3.29618  0.338676
12  2.51327  4.51195  0.56651
12  2.57611  5.92351  1.69717
12  2.63894  7.14281  2.70691
12  2.70177  9.82375  8.65839
12  2.7646  47.0658  23.5354
12  2.82743  0.25017  2.26579
12  2.89027  0  0
12  2.9531  0  0
12  3.01593  0  0
12  3.07876  0  0
12.5  0  0  0
12.5  0.0628319  0  0
12.5  0.125664  0  0
12.5  0.188496  0  0
12.5  0.251327  0  0
12.5  0.314159  34.6617  19.9623
12.5  0.376991  8.83044  6.02308
12.5  0.439823  5.85281  1.49328
12.5  0.502655  5.07117  0.931051
12.5  0.565487  4.62445  0.644882
12.5  0.628319  3.79068  0.407728
12.5  0.69115  2.75856  0.180949
12.5  0.753982  3.05518  0.156044
12.5  0.816814  2.68067  0.116928
12.5  0.879646  2.68481  0.13551
12.5  0.942478  2.70638  0.107908
12.5  1.00531  2.32785  0.0987557
12.5  1.06814  2.39057  0.108346
12.5  1.13097  2.38572  0.1219
12.5  1.19381  2.30364  0.108349
12.5  1.25664  2.50055  0.115322
12.5  1.31947  2.08236  0.113553
12.5  1.3823  2.25917  0.104865
12.5  1.44513  2.29932  0.0927258
12.5  1.50796  2.26598  0.112921
12.5  1.5708  2.00173  0.0987147
12.5  1.63363  2.3091  0.111619
12.5  1.69646  2.14297  0.0993759
12.5  1.75929  2.23343  0.102968
12.5  1.82212  2.52265  0.122385
12.5  1.88496  2.35852  0.108722
12.5  1.94779  2.40462  0.108484
12.5  2.01062  2.34538  0.104577
12.5  2.07345  2.49391  0.123648
12.5  2.13628  2.39515  0.102624
12.5  2.19911  2.68762  0.105041
12.5  2.26195  2.83713  0.126135
12.5  2.32478  2.73356  0.145312
12.5  2.38761  3.18213  0.221682
12.5  2.45044  3.41434  0.357209
12.5  2.51327  4.12035  0.588554
12.5  2.57611  6.75643  1.95699
12.5  2.63894  8.47202  3.87172
12.5  2.70177  10.9751  8.82665
12.5  2.7646  16.8719  22.4147
12.5  2.82743  0  0
12.5  2.89027  0  0
12.5  2.9531  0  0
12.5  3.01593  0  0
12.5  3.07876  0  0
13  0  0  0
13  0.0628319  0  0
13  0.125664  0  0
13  0.188496  0  0
13  0.251327  0  0
13  0.314159  46.6112  27.1915
13  0.376991  17.1316  29.5683
13  0.439823  5.80224  1.90152
13  0.502655  5.15575  0.91672
13  0.565487  4.11588  0.556757
13  0.628319  3.34784  0.325298
13  0.69115  3.36591  0.253024
13  0.753982  3.02546  0.167635
13  0.816814  2.81805  0.132474
13  0.879646  2.58786  0.123629
13  0.942478  2.6347  0.121414
13  1.00531  2.55888  0.109558
13  1.06814  2.42495  0.109028
13  1.13097  2.40689  0.10491
13  1.19381  2.37884  0.12181
13  1.25664  2.30456  0.107446
13  1.31947  2.10722  0.10303
13  1.3823  2.36173  0.112713
13  1.44513  2.0804  0.100948
13  1.50796  2.3399  0.113611
13  1.5708  2.32552  0.116431
13  1.63363  2.47024  0.121917
13  1.69646  2.31462  0.12665
13  1.75929  2.34491  0.115055
13  1.82212  2.33422  0.106442
13  1.88496  2.39709  0.118666
13  1.94779  2.51449  0.112714
13  2.01062  2.32415  0.101366
13  2.07345  2.49461  0.12128
13  2.13628  2.3846  0.0937319
13  2.19911  2.49638  0.105077
13  2.26195  2.67148  0.116804
13  2.32478  2.86002  0.134546
13  2.38761  3.02512  0.227083
13  2.45044  3.32506  0.359806
13  2.51327  3.91681  0.434608
13  2.57611  6.0871  1.60208
13  2.63894  8.80996  4.24939
13  2.70177  7.48045  3.79393
13  2.7646  15.1748  20.0742
13  2.82743  0  0
13  2.89027  0  0
13  2.9531  0  0
13  3.01593  0  0
13  3.07876  0  0
13.5  0  0  0
13.5  0.0628319  0  0
13.5  0.125664  0  0
13.5  0.188496  0  0
13.5  0.251327  0  0
13.5  0.314159  28.6991  22.204
13.5  0.376991  8.6224  5.29513
13.5  0.439823  5.36396  1.53636
13.5  0.502655  6.2386  1.31962
13.5  0.565487  4.98818  0.735008
13.5  0.628319  3.34238  0.268037
13.5  0.69115  3.39375  0.240987
13.5  0.753982  3.01762  0.16047
13.5  0.816814  2.77357  0.140488
13.5  0.879646  2.70503  0.124911
13.5  0.942478  2.55491  0.0990824
13.5  1.00531  2.74808  0.123853
13.5  1.06814  2.34297  0.11077
13.5  1.13097  2.44977  0.109466
13.5  1.19381  2.30966  0.10506
13.5  1.25664  2.23738  0.105572
13.5  1.31947  2.45637  0.110202
13.5  1.3823  2.55257  0.153506
13.5  1.44513  2.27144  0.117064
13.5  1.50796  2.2012  0.113602
13.5  1.5708  2.42609  0.123367
13.5  1.63363  2.17818  0.111991
13.5  1.69646  2.54595  0.121493
13.5  1.75929  2.48384  0.137232
13.5  1.82212  2.11368  0.103943
13.5  1.88496  2.38218  0.130049
13.5  1.94779  2.13293  0.105006
13.5  2.01062  2.31718  0.101558
13.5  2.07345  2.54318  0.132587
13.5  2.13628  2.76819  0.121491
13.5  2.19911  2.59954  0.100752
13.5  2.26195  2.59067  0.115035
13.5  2.32478  3.02279  0.155959
13.5  2.38761  3.17605  0.224857
13.5  2.45044  3.2865  0.284937
13.5  2.51327  4.30562  0.52804
13.5  2.57611  5.46618  1.21817
13.5  2.63894  6.44638  2.07934
13.5  2.70177  8.5146  4.07423
13.5  2.7646  21.3532  35.2091
13.5  2.82743  0  0
13.5  2.89027  0  0
13.5  2.9531  0  0
13.5  3.01593  0  0
13.5  3.07876  0  0
14  0  0  0
14  0.0628319  0  0
14  0.125664  0  0
14  0.188496  0  0
14  0.251327  0  0
14  0.314159  42.75  21.3816
14  0.376991  12.0258  11.3068
14  0.439823  9.78675  6.83571
14  0.502655  5.46294  1.09144
14  0.565487  4.44332  0.55732
14  0.628319  3.47036  0.346177
14  0.69115  3.22142  0.2252
14  0.753982  2.81588  0.134926
14  0.816814  2.16279  0.131785
14  0.879646  2.66547  0.120546
14  0.942478  2.52058  0.110769
14  1.00531  2.57729  0.107927
14  1.06814  2.52845  0.105456
14  1.13097  2.13135  0.09968
14  1.19381  2.41567  0.126265
14  1.25664  2.418  0.119479
14  1.31947  2.27517  0.12409
14  1.3823  2.30829  0.107175
14  1.44513  2.24009  0.101773
14  1.50796  2.39022  0.128636
14  1.5708  2.0277  0.10134
14  1.63363  2.44879  0.115226
14  1.69646  2.34401  0.125445
14  1.75929  2.44309  0.113922
14  1.82212  2.18116  0.10752
14  1.88496  2.02841  0.0864863
14  1.94779  2.45745  0.11293
14  2.01062  2.53468  0.109341
14  2.07345  2.6188  0.120813
14  2.13628  2.49636  0.110448
14  2.19911  2.69905  0.105814
14  2.26195  2.626  0.124983
14  2.32478  2.9705  0.153782
14  2.38761  3.39838  0.247817
14  2.45044  4.08716  0.35809
14  2.51327  5.2774  0.95323
14  2.57611  5.26123  1.01428
14  2.63894  6.81932  2.01482
14  2.70177  8.50103  6.25529
14  2.7646  20.2623  23.3332
14  2.82743  0  0
14  2.89027  0  0
14  2.9531  0  0
14  3.01593  0  0
14  3.07876  0  0
14.5  0  0  0
14.5  0.0628319  0  0
14.5  0.125664  0  0
14.5  0.188496  0  0
14.5  0.251327  0.25876  1.70225
14.5  0.314159  20.7023  29.6092
14.5  0.376991  9.86009  6.20523
14.5  0.439823  7.37289  2.8848
14.5  0.502655  6.26273  1.59567
14.5  0.565487  4.03636  0.402414
14.5  0.628319  2.91675  0.247843
14.5  0.69115  2.77991  0.166409
14.5  0.753982  3.17816  0.163774
14.5  0.816814  2.54734  0.107672
14.5  0.879646  2.64876  0.104481
14.5  0.942478  2.59501  0.126067
14.5  1.00531  2.29164  0.117082
14.5  1.06814  2.55203  0.134944
14.5  1.13097  2.33317  0.107703
14.5  1.19381  2.2848  0.0951998
14.5  1.25664  2.19801  0.114755
14.5  1.31947  2.43372  0.129647
14.5  1.3823  2.11893  0.0963719
14.5  1.44513  2.49305  0.143273
14.5  1.50796  2.53122  0.12742
14.5  1.5708  2.24613  0.101215
14.5  1.63363  2.28199  0.110041
14.5  1.69646  2.27697  0.107851
14.5  1.75929  2.49599  0.124144
14.5  1.82212  2.32735  0.116903
14.5  1.88496  2.39289  0.113225
14.5  1.94779  2.25778  0.111943
14.5  2.01062  2.55864  0.142792
14.5  2.07345  2.67062  0.124508
14.5  2.13628  2.44679  0.104142
14.5  2.19911  2.66748  0.113476
14.5  2.26195  3.06277  0.144946
14.5  2.32478  2.81121  0.159062
14.5  2.38761  3.13622  0.285418
14.5  2.45044  3.43109  0.333826
14.5  2.51327  4.82452  0.623333
14.5  2.57611  4.50153  1.19318
14.5  2.63894  11.6142  10.0733
14.5  2.70177  17.9595  29.5878
14.5  2.7646  34.118  19.7444
14.5  2.82743  0  0
14.5  2.89027  0  0
14.5  2.9531  0  0
14.5  3.01593  0  0
14.5  3.07876  0  0
15  0  0  0
15  0.0628319  0  0
15  0.125664  0  0
15  0.188496  0  0
15  0.251327  0  0
15  0.314159  16.0726  23.4511
15  0.376991  10.731  7.26646
15  0.439823  7.85575  2.59598
15  0.502655  6.06029  1.91933
15  0.565487  3.98222  0.680405
15  0.628319  3.37051  0.331059
15  0.69115  3.17132  0.221546
15  0.753982  2.63176  0.147149
15  0.816814  2.71076  0.11881
15  0.879646  2.63403  0.107704
15  0.942478  2.64538  0.110144
15  1.00531  2.38177  0.0953978
15  1.06814  2.49177  0.123934
15  1.13097  2.24637  0.0963836
15  1.19381  2.1429  0.109954
15  1.25664  2.4541  0.101441
15  1.31947  2.43519  0.115588
15  1.3823  2.18507  0.102092
15  1.44513  2.21762  0.121407
15  1.50796  2.20165  0.118068
15  1.5708  2.27071  0.129817
15  1.63363  2.14835  0.0945029
15  1.69646  2.38767  0.110258
15  1.75929  2.16732  0.0983808
15  1.82212  2.35182  0.115586
15  1.88496  2.46665  0.110519
15  1.94779  2.31519  0.092477
15  2.01062  2.28608  0.0960631
15  2.07345  2.61333  0.115201
15  2.13628  2.55499  0.102842
15  2.19911  2.51334  0.0978618
15  2.26195  2.84297  0.12458
15  2.32478  2.80108  0.138062
15  2.38761  2.34877  0.151377
15  2.45044  3.39163  0.325163
15  2.51327  4.35247  0.744913
15  2.57611  5.17723  1.31014
15  2.63894  7.69118  3.09066
15  2.70177  11.0957  11.6315
15  2.7646  21.287  33.5948
15  2.82743  3.4733  25.4866
15  2.89027  0  0
15  2.9531  0  0
15  3.01593  0  0
15  3.07876  0  0
15.5  0  0  0
15.5  0.0628319  0  0
15.5  0.125664  0  0
15.5  0.188496  0  0
15.5  0.251327  0.555728  4.07785
15.5  0.314159  10.3942  22.533
15.5  0.376991  10.953  10.2537
15.5  0.439823  9.77748  5.87804
15.5  0.502655  5.05053  0.887736
15.5  0.565487  4.05696  0.484633
15.5  0.628319  3.36772  0.298958
15.5  0.69115  2.95734  0.196208
15.5  0.753982  2.93101  0.162751
15.5  0.816814  2.73876  0.118199
15.5  0.879646  2.68151  0.109029
15.5  0.942478  2.59343  0.108894
15.5  1.00531  2.48159  0.0968166
15.5  1.06814  2.19995  0.113595
15.5  1.13097  2.20958  0.0939641
15.5  1.19381  2.28184  0.105935
15.5  1.25664  2.26064  0.116439
15.5  1.31947  2.28386  0.100479
15.5  1.3823  2.33574  0.124354
15.5  1.44513  2.58464  0.127631
15.5  1.50796  2.37002  0.108174
15.5  1.5708  2.31192  0.131816
15.5  1.63363  2.35831  0.115021
15.5  1.69646  2.44258  0.139145
15.5  1.75929  2.05805  0.0975991
15.5  1.82212  2.08161  0.106564
15.5  1.88496  2.39697  0.136859
15.5  1.94779  2.37388  0.106843
15.5  2.01062  2.35803  0.0985889
15.5  2.07345  2.50913  0.101248
15.5  2.13628  2.31673  0.0994319
15.5  2.19911  2.53053  0.102452
15.5  2.26195  2.74933  0.117763
15.5  2.32478  2.86653  0.143514
15.5  2.38761  2.66306  0.188083
15.5  2.45044  2.71037  0.270029
15.5  2.51327  3.87944  0.526947
15.5  2.57611  6.948  1.64647
15.5  2.63894  6.77733  2.76451
15.5  2.70177  18.1352  21.5245
15.5  2.7646  21.0552  26.7776
15.5  2.82743  0.69466  5.09732
15.5  2.89027  0  0
15.5  2.9531  0  0
15.5  3.01593  0  0
15.5  3.07876  0  0
16  0  0  0
16  0.0628319  0  0
16  0.125664  0  0
16  0.188496  0  0
16  0.251327  0  0
16  0.314159  43.75  43.5801
16  0.376991  9.09165  5.06585
16  0.439823  8.11211  3.03904
16  0.502655  4.78761  0.788257
16  0.565487  4.40175  0.539376
16  0.628319  4.1856  0.401258
16  0.69115  2.71923  0.216316
16  0.753982  2.95811  0.151369
16  0.816814  2.64488  0.143399
16  0.879646  2.84247  0.108556
16  0.942478  2.66773  0.112284
16  1.00531  2.33575  0.124764
16  1.06814  2.36741  0.116608
16  1.13097  2.34131  0.0973418
16  1.19381  2.11262  0.0945335
16  1.25664  2.14103  0.106103
16  1.31947  2.0809  0.0888634
16  1.3823  2.43819  0.131973
16  1.44513  2.35163  0.107406
16  1.50796  2.28095  0.112047
16  1.5708  2.14838  0.116953
16  1.63363  2.30706  0.129257
16  1.69646  1.96402  0.107724
16  1.75929  2.22166  0.086292
16  1.82212  2.33222  0.106451
16  1.88496  2.32504  0.107041
16  1.94779  2.50919  0.106208
16  2.01062  2.48034  0.128085
16  2.07345  2.34668  0.107282
16  2.13628  2.4868  0.111185
16  2.19911  2.56708  0.10594
16  2.26195  2.95943  0.117168
16  2.32478  2.70943  0.128367
16  2.38761  3.03662  0.197078
16  2.45044  3.52622  0.290778
16  2.51327  4.06123  0.558731
16  2.57611  5.61775  1.1056
16  2.63894  8.72626  3.62529
16  2.70177  10.0804  6.10637
16  2.7646  17.6479  27.8225
16  2.82743  36.942  19.5261
16  2.89027  0  0
16  2.9531  0  0
16  3.01593  0  0
16  3.07876  0  0
16.5  0  0  0
16.5  0.0628319  0  0
16.5  0.125664  0  0
16.5  0.188496  0  0
16.5  0.251327  0  0
16.5  0.314159  11.7498  12.1329
16.5  0.376991  11.9432  12.1012
16.5  0.439823  6.60769  2.08174
16.5  0.502655  7.97831  2.67655
16.5  0.565487  3.64185  0.490282
16.5  0.628319  3.61886  0.347627
16.5  0.69115  2.82292  0.16212
16.5  0.753982  3.23448  0.154242
16.5  0.816814  2.79272  0.150453
16.5  0.879646  2.64345  0.118584
16.5  0.942478  2.60331  0.112358
16.5  1.00531  2.32093  0.102004
16.5  1.06814  2.43393  0.115854
16.5  1.13097  2.10647  0.102014
16.5  1.19381  2.27926  0.111191
16.5  1.25664  2.0888  0.116089
16.5  1.31947  2.31239  0.108169
16.5  1.3823  2.24015  0.132476
16.5  1.44513  2.41336  0.124625
16.5  1.50796  2.2472  0.104242
16.5  1.5708  2.23893  0.110134
16.5  1.63363  2.23376  0.102296
16.5  1.69646  2.20382  0.111509
16.5  1.75929  2.25669  0.0911802
16.5  1.82212  2.22615  0.123489
16.5  1.88496  2.5415  0.141497
16.5  1.94779  2.42012  0.101928
16.5  2.01062  2.63571  0.131727
16.5  2.07345  2.78511  0.161597
16.5  2.13628  2.48511  0.106356
16.5  2.19911  2.39027  0.104421
16.5  2.26195  2.55305  0.11454
16.5  2.32478  2.78259  0.13825
16.5  2.38761  3.28621  0.229968
16.5  2.45044  3.4998  0.267473
16.5  2.51327  5.68782  1.08939
16.5  2.57611  5.18341  1.0262
16.5  2.63894  5.78842  1.42902
16.5  2.70177  12.2287  11.423
16.5  2.7646  13.3402  23.3512
16.5  2.82743  0.250076  2.21841
16.5  2.89027  0  0
16.5  2.9531  0  0
16.5  3.01593  0  0
16.5  3.07876  0  0
17  0  0  0
17  0.0628319  0  0
17  0.125664  0  0
17  0.188496  0  0
17  0.251327  0.138932  1.01946
17  0.314159  46.9081  45.3624
17  0.376991  13.5386  14.9489
17  0.439823  6.38512  2.1415
17  0.502655  5.74415  1.18586
17  0.565487  3.4301  0.379206
17  0.628319  3.40001  0.309998
17  0.69115  3.1943  0.198706
17  0.753982  2.98616  0.165445
17  0.816814  2.68899  0.113622
17  0.879646  2.73475  0.118829
17  0.942478  2.33865  0.097633
17  1.00531  2.48818  0.116743
17  1.06814  2.34352  0.104391
17  1.13097  2.42708  0.108761
17  1.19381  2.40661  0.112719
17  1.25664  2.46019  0.129192
17  1.31947  2.1572  0.101442
17  1.3823  2.07662  0.103008
17  1.44513  2.20749  0.107115
17  1.50796  2.38357  0.124641
17  1.5708  2.18993  0.108781
17  1.63363  2.27025  0.127533
17  1.69646  2.19838  0.102723
17  1.75929  2.18305  0.136305
17  1.82212  2.20819  0.109754
17  1.88496  2.37483  0.117437
17  1.94779  2.77493  0.136473
17  2.01062  2.11821  0.101879
17  2.07345  2.2703  0.0912768
17  2.13628  2.35479  0.0922416
17  2.19911  2.56599  0.0981353
17  2.26195  2.71488  0.109978
17  2.32478  3.05782  0.147193
17  2.38761  3.0717  0.257358
17  2.45044  3.36272  0.28481
17  2.51327  4.59206  0.82421
17  2.57611  4.95195  0.969795
17  2.63894  8.00221  2.89734
17  2.70177  12.178  13.0147
17  2.7646  17.0067  31.3648
17  2.82743  6.80767  49.9537
17  2.89027  0  0
17  2.9531  0  0
17  3.01593  0  0
17  3.07876  0  0
17.5  0  0  0
17.5  0.0628319  0  0
17.5  0.125664  0  0
17.5  0.188496  0  0
17.5  0.251327  2.91757  21.4087
17.5  0.314159  19.5971  19.671
17.5  0.376991  8.42095  4.64701
17.5  0.439823  7.37513  3.58446
17.5  0.502655  6.13012  1.63119
17.5  0.565487  5.18753  1.0419
17.5  0.628319  3.68611  0.339242
17.5  0.69115  3.0135  0.197377
17.5  0.753982  2.67619  0.138947
17.5  0.816814  2.72125  0.120215
17.5  0.879646  2.44396  0.0876511
17.5  0.942478  2.61219  0.11484
17.5  1.00531  2.51782  0.110035
17.5  1.06814  2.50633  0.11309
17.5  1.13097  2.31651  0.100425
17.5  1.19381  2.49385  0.129635
17.5  1.25664  2.1251  0.10209
17.5  1.31947  2.38878  0.107743
17.5  1.3823  2.22838  0.0974723
17.5  1.44513  2.12286  0.102536
17.5  1.50796  2.54629  0.11936
17.5  1.5708  2.19459  0.103096
17.5  1.63363  2.43262  0.116061
17.5  1.69646  2.22252  0.110939
17.5  1.75929  2.46369  0.126467
17.5  1.82212  2.27501  0.10277
17.5  1.88496  2.5846  0.127271
17.5  1.94779  2.27736  0.118511
17.5  2.01062  2.43063  0.109304
17.5  2.07345  2.3189  0.0977586
17.5  2.13628  2.39928  0.0986703
17.5  2.19911  2.70463  0.105788
17.5  2.26195  2.71276  0.125599
17.5  2.32478  2.98165  0.140474
17.5  2.38761  3.27053  0.227094
17.5  2.45044  4.11142  0.377777
17.5  2.51327  4.84661  0.809346
17.5  2.57611  5.41657  0.940081
17.5  2.63894  6.6382  1.8953
17.5  2.70177  9.30463  5.95019
17.5  2.7646  49.064  24.9133
17.5  2.82743  38.646  36.7158
17.5  2.89027  0  0
17.5  2.9531  0  0
17.5  3.01593  0  0
17.5  3.07876  0  0
18  0  0  0
18  0.0628319  0  0
18  0.125664  0  0
18  0.188496  0  0
18  0.251327  29.2078  14.6868
18  0.314159  12.5091  13.0383
18  0.376991  9.17824  8.01876
18  0.439823  7.27498  2.5634
18  0.502655  5.72586  1.12631
18  0.565487  4.13872  0.435449
18  0.628319  3.43452  0.321882
18  0.69115  3.20486  0.233245
18  0.753982  2.68829  0.159675
18  0.816814  2.64038  0.10963
18  0.879646  2.77267  0.121397
18  0.942478  2.53823  0.107545
18  1.00531  2.44165  0.0948064
18  1.06814  2.30336  0.113021
18  1.13097  2.42585  0.129363
18  1.19381  2.37536  0.119787
18  1.25664  2.38727  0.123346
18  1.31947  2.22488  0.109575
18  1.3823  2.25447  0.120905
18  1.44513  1.99844  0.111093
18  1.50796  2.21864  0.101874
18  1.5708  2.13291  0.0975982
18  1.63363  2.46788  0.107277
18  1.69646  2.38089  0.123464
18  1.75929  2.25516  0.0985647
18  1.82212  2.20551  0.0973852
18  1.88496  2.20371  0.112584
18  1.94779  2.31588  0.0953922
18  2.01062  2.61878  0.111839
18  2.07345  2.4369  0.0986288
18  2.13628  2.65328  0.111702
18  2.19911  2.46408  0.104289
18  2.26195  2.66275  0.121035
18  2.32478  2.62604  0.13993
18  2.38761  3.03897  0.17689
18  2.45044  3.46182  0.304652
18  2.51327  4.13073  0.618159
18  2.57611  5.84999  1.25305
18  2.63894  7.28452  3.49687
18  2.70177  10.2279  6.58638
18  2.7646  14.6059  22.409
18  2.82743  23.1714  15.5034
18  2.89027  0  0
18  2.9531  0  0
18  3.01593  0  0
18  3.07876  0  0
18.5  0  0  0
18.5  0.0628319  0  0
18.5  0.125664  0  0
18.5  0.188496  0  0
18.5  0.251327  0.249284  2.1611
18.5  0.314159  14.0258  28.0149
18.5  0.376991  10.0891  6.03001
18.5  0.439823  20.4955  29.5824
18.5  0.502655  5.77069  1.12819
18.5  0.565487  3.62969  0.389211
18.5  0.628319  3.20938  0.264914
18.5  0.69115  2.76474  0.206351
18.5  0.753982  2.91633  0.135957
18.5  0.816814  2.81791  0.137778
18.5  0.879646  2.44216  0.0936431
18.5  0.942478  2.38694  0.10201
18.5  1.00531  2.48253  0.0981932
18.5  1.06814  2.32466  0.101723
18.5  1.13097  2.20361  0.104715
18.5  1.19381  2.44681  0.134573
18.5  1.25664  2.35133  0.103092
18.5  1.31947  2.21852  0.100871
18.5  1.3823  2.2383  0.105589
18.5  1.44513  2.36974  0.116292
18.5  1.50796  2.42437  0.111314
18.5  1.5708  2.38349  0.129365
18.5  1.63363  2.40589  0.105909
18.5  1.69646  2.1417  0.115
18.5  1.75929  2.26198  0.120181
18.5  1.82212  2.61409  0.150808
18.5  1.88496  2.32665  0.117852
18.5  1.94779  2.2984  0.10248
18.5  2.01062  2.37365  0.109479
18.5  2.07345  2.66327  0.119588
18.5  2.13628  2.44344  0.103628
18.5  2.19911  2.53653  0.117066
18.5  2.26195  2.74873  0.123435
18.5  2.32478  2.74797  0.146119
18.5  2.38761  3.12282  0.284574
18.5  2.45044  3.02434  0.282726
18.5  2.51327  4.09527  0.488427
18.5  2.57611  4.72571  0.876642
18.5  2.63894  8.01495  3.63655
18.5  2.70177  7.70963  3.31905
18.5  2.7646  19.8963  22.413
18.5  2.82743  11.9866  27.0979
18.5  2.89027  0  0
18.5  2.9531  0  0
18.5  3.01593  0  0
18.5  3.07876  0  0
19  0  0  0
19  0.0628319  0  0
19  0.125664  0  0
19  0.188496  0  0
19  0.251327  0.247365  2.303
19  0.314159  44.7509  23.0867
19  0.376991  12.115  11.9147
19  0.439823  5.27172  0.998672
19  0.502655  5.86556  1.25559
19  0.565487  4.65525  0.645222
19  0.628319  3.26251  0.299895
19  0.69115  2.90476  0.189123
19  0.753982  2.98774  0.138716
19  0.816814  2.65424  0.117537
19  0.879646  2.52606  0.105361
19  0.942478  2.34997  0.095033
19  1.00531  2.46354  0.108056
19  1.06814  2.32594  0.104169
19  1.13097  2.19687  0.0903362
19  1.19381  2.30929  0.112912
19  1.25664  2.35491  0.104032
19  1.31947  2.49019  0.11184
19  1.3823  1.93664  0.106628
19  1.44513  2.46941  0.157663
19  1.50796  2.26857  0.100376
19  1.5708  2.33309  0.117087
19  1.63363  2.16563  0.109632
19  1.69646  2.4062  0.117154
19  1.75929  2.44386  0.1219
19  1.82212  2.4601  0.11105
19  1.88496  2.49782  0.144848
19  1.94779  2.37648  0.0984012
19  2.01062  2.37993  0.0915299
19  2.07345  2.46568  0.102823
19  2.13628  2.38236  0.10062
19  2.19911  2.42427  0.0969489
19  2.26195  2.72855  0.117637
19  2.32478  2.83479  0.145752
19  2.38761  2.74849  0.17435
19  2.45044  3.44256  0.287036
19  2.51327  4.2666  0.672014
19  2.57611  6.48298  1.36459
19  2.63894  5.8123  1.38901
19  2.70177  14.491  16.0114
19  2.7646  14.4856  18.226
19  2.82743  9.34704  7.71183
19  2.89027  0  0
19  2.9531  0  0
19  3.01593  0  0
19  3.07876  0  0
19.5  0  0  0
19.5  0.0628319  0  0
19.5  0.125664  0  0
19.5  0.188496  0  0
19.5  0.251327  6.98426  10.7862
19.5  0.314159  29.4847  34.6652
19.5  0.376991  16.8747  28.7328
19.5  0.439823  6.38622  2.41038
19.5  0.502655  5.38879  1.07649
19.5  0.565487  4.88306  0.785441
19.5  0.628319  3.18242  0.265437
19.5  0.69115  3.25338  0.214387
19.5  0.753982  2.91039  0.175494
19.5  0.816814  2.33229  0.101815
19.5  0.879646  2.78744  0.121882
19.5  0.942478  2.43509  0.103884
19.5  1.00531  2.49247  0.103162
19.5  1.06814  2.47911  0.112639
19.5  1.13097  2.19494  0.0957479
19.5  1.19381  2.19617  0.111463
19.5  1.25664  2.34031  0.127386
19.5  1.31947  2.18623  0.150071
19.5  1.3823  2.29969  0.0961886
19.5  1.44513  2.34076  0.120807
19.5  1.50796  2.15232  0.10214
19.5  1.5708  2.38308  0.112934
19.5  1.63363  2.15408  0.106588
19.5  1.69646  2.36963  0.114548
19.5  1.75929  2.30571  0.118069
19.5  1.82212  2.0912  0.0956092
19.5  1.88496  2.32541  0.112656
19.5  1.94779  2.36651  0.104394
19.5  2.01062  2.47336  0.116755
19.5  2.07345  2.41461  0.10364
19.5  2.13628  2.53958  0.124455
19.5  2.19911  2.34877  0.101397
19.5  2.26195  2.28418  0.11171
19.5  2.32478  2.93232  0.150621
19.5  2.38761  3.11307  0.211625
19.5  2.45044  3.27518  0.246813
19.5  2.51327  4.34644  0.726432
19.5  2.57611  5.90015  1.44658
19.5  2.63894  8.15164  4.05359
19.5  2.70177  8.52879  4.62973
19.5  2.7646  37.89  37.8867
19.5  2.82743  0.833592  6.11678
19.5  2.89027  0  0
19.5  2.9531  0  0
19.5  3.01593  0  0
19.5  3.07876  0  0
20  0  0  0
20  0.0628319  0  0
20  0.125664  0  0
20  0.188496  0  0
20  0.251327  39.4141  39.4045
20  0.314159  9.76037  7.59038
20  0.376991  9.81909  7.16888
20  0.439823  5.74644  1.76729
20  0.502655  4.8282  1.06616
20  0.565487  3.69868  0.418214
20  0.628319  3.71923  0.360597
20  0.69115  3.0381  0.189474
20  0.753982  3.05564  0.14503
20  0.816814  2.85984  0.132582
20  0.879646  2.45908  0.0973711
20  0.942478  2.65335  0.115412
20  1.00531  2.43433  0.107643
20  1.06814  2.2317  0.0974852
20  1.13097  2.45567  0.118897
20  1.19381  2.13085  0.0903709
20  1.25664  2.42556  0.130793
20  1.31947  2.2521  0.113239
20  1.3823  1.9888  0.0980447
20  1.44513  2.23806  0.111654
20  1.50796  2.28878  0.133442
20  1.5708  2.23796  0.0924987
20  1.63363  2.21314  0.110846
20  1.69646  2.01456  0.0991757
20  1.75929  2.25129  0.113437
20  1.82212  2.18543  0.111081
20  1.88496  2.50731  0.127227
20  1.94779  2.54368  0.116685
20  2.01062  2.60215  0.123778
20  2.07345  2.52149  0.11746
20  2.13628  2.49682  0.101776
20  2.19911  2.72923  0.125523
20  2.26195  2.58106  0.123068
20  2.32478  2.85776  0.144641
20  2.38761  3.33144  0.204158
20  2.45044  3.51707  0.390326
20  2.51327  5.05302  0.870287
20  2.57611  4.78418  0.922237
20  2.63894  14.8404  15.4269
20  2.70177  9.90881  6.27207
20  2.7646  14.7974  27.03
20  2.82743  47.6249  38.3958
20  2.89027  0  0
20  2.9531  0  0
20  3.01593  0  0
20  3.07876  0  0
20.5  0  0  0
20.5  0.0628319  0  0
20.5  0.125664  0  0
20.5  0.188496  0  0
20.5  0.251327  9.91206  15.9422
20.5  0.314159  8.38018  6.54494
20.5  0.376991  13.5365  16.326
20.5  0.439823  6.18213  1.85837
20.5  0.502655  6.19709  1.23037
20.5  0.565487  3.8482  0.488415
20.5  0.628319  3.58693  0.387251
20.5  0.69115  3.16211  0.224679
20.5  0.753982  2.89941  0.148309
20.5  0.816814  2.56906  0.117391
20.5  0.879646  2.68189  0.110262
20.5  0.942478  2.71937  0.116825
20.5  1.00531  2.59003  0.121032
20.5  1.06814  2.44762  0.103907
20.5  1.13097  2.38862  0.111866
20.5  1.19381  2.45459  0.110824
20.5  1.25664  2.27289  0.0997982
20.5  1.31947  2.17431  0.104969
20.5  1.3823  2.41905  0.14587
20.5  1.44513  2.30723  0.10142
20.5  1.50796  2.15739  0.102966
20.5  1.5708  2.1875  0.107954
20.5  1.63363  2.23101  0.127842
20.5  1.69646  2.38076  0.112533
20.5  1.75929  2.45824  0.14322
20.5  1.82212  2.24838  0.110417
20.5  1.88496  2.38714  0.118191
20.5  1.94779  2.41184  0.111139
20.5  2.01062  2.48696  0.110898
20.5  2.07345  2.26301  0.0882705
20.5  2.13628  2.4566  0.128281
20.5  2.19911  2.53754  0.103793
20.5  2.26195  2.64377  0.12235
20.5  2.32478  2.84095  0.160282
20.5  2.38761  2.94288  0.181499
20.5  2.45044  3.16593  0.281566
20.5  2.51327  4.26456  0.459873
20.5  2.57611  4.43961  0.60199
20.5  2.63894  8.14908  2.5997
20.5  2.70177  8.19018  3.47396
20.5  2.7646  10.9673  13.1055
20.5  2.82743  41.545  27.9299
20.5  2.89027  0  0
20.5  2.9531  0  0
20.5  3.01593  0  0
20.5  3.07876  0  0
21  0  0  0
21  0.0628319  0  0
21  0.125664  0  0
21  0.188496  0  0
21  0.251327  41.4827  23.8732
21  0.314159  47.0478  23.5242
21  0.376991  11.5622  11.3881
21  0.439823  8.36512  2.64808
21  0.502655  5.04096  1.28329
21  0.565487  5.66513  1.17546
21  0.628319  3.52047  0.298558
21  0.69115  2.79395  0.19516
21  0.753982  2.78561  0.157463
21  0.816814  2.82555  0.129569
21  0.879646  2.54968  0.11754
21  0.942478  2.29371  0.100054
21  1.00531  2.41115  0.10818
21  1.06814  2.24154  0.0996106
21  1.13097  2.28772  0.11212
21  1.19381  2.23904  0.103301
21  1.25664  2.16516  0.117608
21  1.31947  2.19391  0.113111
21  1.3823  2.11741  0.107198
21  1.44513  2.22037  0.101655
21  1.50796  2.07839  0.120342
21  1.5708  2.15276  0.106884
21  1.63363  2.4288  0.113345
21  1.69646  2.09789  0.0993341
21  1.75929  2.28382  0.0938077
21  1.82212  2.29498  0.127357
21  1.88496  2.29248  0.106379
21  1.94779  2.31653  0.118491
21  2.01062  2.3237  0.104202
21  2.07345  2.71126  0.114688
21  2.13628  2.50895  0.0991045
21  2.19911  2.28683  0.0869214
21  2.26195  2.72566  0.10911
21  2.32478  3.11029  0.19069
21  2.38761  2.72323  0.194928
21  2.45044  3.55718  0.336148
21  2.51327  3.70177  0.44855
21  2.57611  5.90897  1.38335
21  2.63894  8.0845  3.43105
21  2.70177  13.3563  12.2578
21  2.7646  37.2908  37.1516
21  2.82743  14.5445  22.0586
21  2.89027  0  0
21  2.9531  0  0
21  3.01593  0  0
21  3.07876  0  0
21.5  0  0  0
21.5  0.0628319  0  0
21.5  0.125664  0  0
21.5  0.188496  0  0
21.5  0.251327  2.08398  15.2919
21.5  0.314159  13.3888  26.6855
21.5  0.376991  45.0475  22.8228
21.5  0.439823  7.8197  2.65298
21.5  0.502655  4.56924  0.917457
21.5  0.565487  4.93831  0.815361
21.5  0.628319  3.66531  0.338111
21.5  0.69115  2.99246  0.191184
21.5  0.753982  2.58192  0.14115
21.5  0.816814  2.66271  0.103648
21.5  0.879646  2.52928  0.110274
21.5  0.942478  2.51323  0.0991443
21.5  1.00531  2.4824  0.116766
21.5  1.06814  2.52163  0.110628
21.5  1.13097  2.25103  0.103607
21.5  1.19381  2.48398  0.135026
21.5  1.25664  2.54315  0.104807
21.5  1.31947  2.1046  0.109074
21.5  1.3823  2.35217  0.114865
21.5  1.44513  2.06375  0.119861
21.5  1.50796  2.09759  0.113982
21.5  1.5708  1.96468  0.0919835
21.5  1.63363  2.22794  0.122198
21.5  1.69646  2.30132  0.111866
21.5  1.75929  2.3978  0.113093
21.5  1.82212  2.29241  0.0999175
21.5  1.88496  2.31184  0.107181
21.5  1.94779  2.36775  0.118006
21.5  2.01062  2.28533  0.106706
21.5  2.07345  2.24272  0.0953014
21.5  2.13628  2.48525  0.108806
21.5  2.19911  2.41007  0.0945407
21.5  2.26195  2.60063  0.107308
21.5  2.32478  2.54183  0.126488
21.5  2.38761  2.88656  0.177582
21.5  2.45044  3.12006  0.259301
21.5  2.51327  3.66765  0.357619
21.5  2.57611  5.36857  1.07864
21.5  2.63894  6.9373  1.88539
21.5  2.70177  10.0813  7.08618
21.5  2.7646  45.7894  25.6974
21.5  2.82743  6.95875  11.2758
21.5  2.89027  0  0
21.5  2.9531  0  0
21.5  3.01593  0  0
21.5  3.07876  0  0
22  0  0  0
22  0.0628319  0  0
22  0.125664  0  0
22  0.188496  0  0
22  0.251327  30.6325  18.0282
22  0.314159  18.473  21.1348
22  0.376991  9.4091  5.51883
22  0.439823  6.23214  1.69527
22  0.502655  4.73494  0.932235
22  0.565487  4.95904  0.668732
22  0.628319  3.5178  0.329469
22  0.69115  2.95632  0.184552
22  0.753982  2.7042  0.131484
22  0.816814  2.95919  0.160152
22  0.879646  2.76519  0.124621
22  0.942478  2.57006  0.121033
22  1.00531  2.5842  0.10402
22  1.06814  2.62423  0.123181
22  1.13097  2.52286  0.105822
22  1.19381  2.40806  0.114325
22  1.25664  2.21028  0.109618
22  1.31947  2.42239  0.110461
22  1.3823  2.05753  0.100116
22  1.44513  2.24077  0.104473
22  1.50796  2.12425  0.135132
22  1.5708  2.32129  0.109009
22  1.63363  2.1602  0.0950862
22  1.69646  2.22647  0.110518
22  1.75929  2.03848  0.0938306
22  1.82212  2.32012  0.113415
22  1.88496  2.40733  0.108188
22  1.94779  2.30421  0.0987457
22  2.01062  2.50668  0.132031
22  2.07345  2.66931  0.114815
22  2.13628  2.50347  0.104178
22  2.19911  2.70358  0.109132
22  2.26195  2.69962  0.108908
22  2.32478  2.74122  0.132747
22  2.38761  2.94167  0.195786
22  2.45044  4.08571  0.422815
22  2.51327  4.48055  0.558319
22  2.57611  5.01503  0.946697
22  2.63894  7.51507  2.9449
22  2.70177  15.6335  30.1422
22  2.7646  46.1849  23.2176
22  2.82743  43.6637  34.6277
22  2.89027  0  0
22  2.9531  0  0
22  3.01593  0  0
22  3.07876  0  0
22.5  0  0  0
22.5  0.0628319  0  0
22.5  0.125664  0  0
22.5  0.188496  0  0
22.5  0.251327  47.1019  38.7214
22.5  0.314159  48.2152  27.4757
22.5  0.376991  10.7845  6.93279
22.5  0.439823  8.37335  4.50588
22.5  0.502655  4.45069  0.860744
22.5  0.565487  3.92209  0.421756
22.5  0.628319  4.00061  0.342594
22.5  0.69115  3.05757  0.161956
22.5  0.753982  2.92935  0.137263
22.5  0.816814  2.75144  0.123716
22.5  0.879646  2.76455  0.110358
22.5  0.942478  2.33702  0.104412
22.5  1.00531  2.47912  0.115791
22.5  1.06814  2.37281  0.109005
22.5  1.13097  2.53733  0.146115
22.5  1.19381  2.17089  0.10144
22.5  1.25664  2.23613  0.114931
22.5  1.31947  2.06849  0.0988578
22.5  1.3823  2.33278  0.114217
22.5  1.44513  2.47646  0.116732
22.5  1.50796  2.24637  0.115959
22.5  1.5708  2.38845  0.125574
22.5  1.63363  2.31325  0.129008
22.5  1.69646  2.32113  0.114051
22.5  1.75929  2.38014  0.108425
22.5  1.82212  2.29825  0.101317
22.5  1.88496  2.40332  0.120731
22.5  1.94779  2.29911  0.121533
22.5  2.01062  2.50742  0.11365
22.5  2.07345  2.4583  0.0986692
22.5  2.13628  2.64926  0.119032
22.5  2.19911  2.62705  0.113008
22.5  2.26195  2.58167  0.105647
22.5  2.32478  2.93138  0.140347
22.5  2.38761  2.76245  0.174365
22.5  2.45044  3.76893  0.440081
22.5  2.51327  4.2357  0.560703
22.5  2.57611  5.55508  0.974688
22.5  2.63894  8.2566  3.23069
22.5  2.70177  7.83893  3.94928
22.5  2.7646  33.2458  26.1219
22.5  2.82743  29.439  20.99
22.5  2.89027  0  0
22.5  2.9531  0  0
22.5  3.01593  0  0
22.5  3.07876  0  0
23  0  0  0
23  0.0628319  0  0
23  0.125664  0  0
23  0.188496  0  0
23  0.251327  35.6391  20.933
23  0.314159  10.9502  11.7576
23  0.376991  22.3554  24.3997
23  0.439823  5.99111  1.47099
23  0.502655  5.51738  1.21006
23  0.565487  3.53216  0.390628
23  0.628319  3.32335  0.396794
23  0.69115  2.88474  0.197008
23  0.753982  3.10847  0.157962
23  0.816814  2.68224  0.12103
23  0.879646  2.58142  0.115659
23  0.942478  2.54954  0.106959
23  1.00531  2.24948  0.0838924
23  1.06814  2.41274  0.107888
23  1.13097  2.4312  0.118633
23  1.19381  2.42531  0.124458
23  1.25664  2.39014  0.0955449
23  1.31947  2.37042  0.10919
23  1.3823  2.39574  0.107466
23  1.44513  2.26512  0.109756
23  1.50796  2.37802  0.125399
23  1.5708  2.08403  0.099902
23  1.63363  2.49908  0.128133
23  1.69646  2.18858  0.119102
23  1.75929  2.40552  0.133321
23  1.82212  2.29424  0.111761
23  1.88496  2.61655  0.122036
23  1.94779  2.39504  0.0953461
23  2.01062  2.42614  0.114593
23  2.07345  2.2372  0.0966172
23  2.13628  2.5979  0.112199
23  2.19911  2.60365  0.115436
23  2.26195  2.80679  0.12601
23  2.32478  2.85653  0.146736
23  2.38761  3.33219  0.240529
23  2.45044  3.61243  0.361655
23  2.51327  3.95579  0.488508
23  2.57611  4.55523  0.790574
23  2.63894  5.60792  1.44212
23  2.70177  14.4724  15.968
23  2.7646  13.0387  18.3798
23  2.82743  45.6397  45.0308
23  2.89027  0  0
23  2.9531  0  0
23  3.01593  0  0
23  3.07876  0  0
23.5  0  0  0
23.5  0.0628319  0  0
23.5  0.125664  0  0
23.5  0.188496  0  0
23.5  0.251327  44.0799  36.459
23.5  0.314159  32.9465  32.8028
23.5  0.376991  12.793  11.697
23.5  0.439823  6.2878  1.77175
23.5  0.502655  5.74347  1.3164
23.5  0.565487  4.66622  0.611551
23.5  0.628319  3.34057  0.262109
23.5  0.69115  3.15779  0.212154
23.5  0.753982  2.79291  0.11921
23.5  0.816814  2.88995  0.133334
23.5  0.879646  2.75315  0.115159
23.5  0.942478  2.40694  0.116069
23.5  1.00531  2.34298  0.0987813
23.5  1.06814  2.50817  0.126011
23.5  1.13097  2.53946  0.11249
23.5  1.19381  2.38894  0.101789
23.5  1.25664  2.22801  0.0868393
23.5  1.31947  2.13564  0.095096
23.5  1.3823  2.0372  0.0947849
23.5  1.44513  2.27531  0.103655
23.5  1.50796  2.16059  0.0979504
23.5  1.5708  2.21923  0.120221
23.5  1.63363  2.04788  0.0980976
23.5  1.69646  2.15353  0.100728
23.5  1.75929  2.23001  0.106336
23.5  1.82212  2.19918  0.118128
23.5  1.88496  2.32117  0.116509
23.5  1.94779  2.16894  0.113106
23.5  2.01062  2.45324  0.122463
23.5  2.07345  2.58192  0.109887
23.5  2.13628  2.57955  0.101882
23.5  2.19911  2.38546  0.0978927
23.5  2.26195  2.53908  0.121661
23.5  2.32478  2.71846  0.12383
23.5  2.38761  3.15112  0.230539
23.5  2.45044  3.43821  0.364628
23.5  2.51327  3.87221  0.499554
23.5  2.57611  5.81979  1.03458
23.5  2.63894  6.55457  2.04347
23.5  2.70177  13.2398  14.0938
23.5  2.7646  14.5224  27.71
23.5  2.82743  40.9434  22.8062
23.5  2.89027  0  0
23.5  2.9531  0  0
23.5  3.01593  0  0
23.5  3.07876  0  0
24  0  0  0
24  0.0628319  0  0
24  0.125664  0  0
24  0.188496  0  0
24  0.251327  63.2652  59.5759
24  0.314159  24.1977  37.4809
24  0.376991  18.0747  27.7669
24  0.439823  8.74464  4.28852
24  0.502655  4.74054  1.02153
24  0.565487  4.10312  0.659985
24  0.628319  3.12844  0.243545
24  0.69115  3.04599  0.197308
24  0.753982  3.02654  0.162481
24  0.816814  2.60563  0.122157
24  0.879646  2.54699  0.104852
24  0.942478  2.64491  0.101441
24  1.00531  2.32347  0.105545
24  1.06814  2.43657  0.102668
24  1.13097  2.37818  0.108413
24  1.19381  2.2477  0.115606
24  1.25664  2.29246  0.115347
24  1.31947  1.91374  0.0785553
24  1.3823  2.32841  0.101994
24  1.44513  2.15319  0.100566
24  1.50796  2.44448  0.122426
24  1.5708  2.24195  0.104947
24  1.63363  2.45459  0.126088
24  1.69646  2.48158  0.133236
24  1.75929  2.29044  0.118751
24  1.82212  2.24195  0.131882
24  1.88496  2.47932  0.103864
24  1.94779  2.51352  0.126926
24  2.01062  2.32551  0.115237
24  2.07345  2.4482  0.104615
24  2.13628  2.65391  0.110387
24  2.19911  2.74145  0.11452
24  2.26195  2.7012  0.124768
24  2.32478  2.75132  0.149054
24  2.38761  2.87581  0.184599
24  2.45044  3.3756  0.286173
24  2.51327  3.81651  0.413314
24  2.57611  5.46043  1.25041
24  2.63894  4.7895  0.905943
24  2.70177  7.29991  3.06801
24  2.7646  39.3263  33.0361
24  2.82743  47.3609  23.8615
24  2.89027  0  0
24  2.9531  0  0
24  3.01593  0  0
24  3.07876  0  0
24.5  0  0  0
24.5  0.0628319  0  0
24.5  0.125664  0  0
24.5  0.188496  0  0
24.5  0.251327  38.3899  32.1341
24.5  0.314159  11.9189  12.1917
24.5  0.376991  11.4916  9.71059
24.5  0.439823  5.97078  1.66103
24.5  0.502655  4.86097  1.00699
24.5  0.565487  4.40155  0.571325
24.5  0.628319  3.03394  0.31937
24.5  0.69115  2.9677  0.170606
24.5  0.753982  2.70966  0.132687
24.5  0.816814  2.90551  0.142986
24.5  0.879646  2.6007  0.0918766
24.5  0.942478  2.28766  0.100411
24.5  1.00531  2.27215  0.105559
24.5  1.06814  2.43694  0.105764
24.5  1.13097  2.38938  0.107172
24.5  1.19381  2.36958  0.103781
24.5  1.25664  2.40058  0.132557
24.5  1.31947  2.45165  0.112585
24.5  1.3823  2.09226  0.0956008
24.5  1.44513  2.29348  0.123628
24.5  1.50796  2.00399  0.111104
24.5  1.5708  2.31864  0.111892
24.5  1.63363  2.05331  0.0945034
24.5  1.69646  2.26558  0.12351
24.5  1.75929  2.4398  0.121493
24.5  1.82212  2.06571  0.088384
24.5  1.88496  2.28736  0.0948355
24.5  1.94779  2.35883  0.101918
24.5  2.01062  2.51507  0.105081
24.5  2.07345  2.56716  0.104378
24.5  2.13628  2.57955  0.109332
24.5  2.19911  2.61056  0.104154
24.5  2.26195  2.36264  0.127356
24.5  2.32478  2.71632  0.11913
24.5  2.38761  2.98384  0.182443
24.5  2.45044  3.53741  0.345543
24.5  2.51327  4.37447  0.47872
24.5  2.57611  4.7902  1.00828
24.5  2.63894  6.85828  2.08845
24.5  2.70177  8.81209  5.8446
24.5  2.7646  14.8056  27.6683
24.5  2.82743  35.3443  27.0255
24.5  2.89027  0  0
24.5  2.9531  0  0
24.5  3.01593  0  0
24.5  3.07876  0  0
