2  0  0  0
2  0.0628319  0  0
2  0.125664  0  0
2  0.188496  0  0
2  0.251327  0  0
2  0.314159  0  0
2  0.376991  0  0
2  0.439823  0  0
2  0.502655  0  0
2  0.565487  0  0
2  0.628319  0  0
2  0.69115  0  0
2  0.753982  0  0
2  0.816814  0  0
2  0.879646  0  0
2  0.942478  0  0
2  1.00531  0  0
2  1.06814  0  0
2  1.13097  0  0
2  1.19381  0  0
2  1.25664  0  0
2  1.31947  0  0
2  1.3823  0  0
2  1.44513  0  0
2  1.50796  0  0
2  1.5708  0  0
2  1.63363  0  0
2  1.69646  0  0
2  1.75929  0  0
2  1.82212  0  0
2  1.88496  0  0
2  1.94779  0  0
2  2.01062  0  0
2  2.07345  0  0
2  2.13628  0  0
2  2.19911  0  0
2  2.26195  0  0
2  2.32478  0  0
2  2.38761  0  0
2  2.45044  0  0
2  2.51327  0  0
2  2.57611  0  0
2  2.63894  0  0
2  2.70177  0  0
2  2.7646  0  0
2  2.82743  0  0
2  2.89027  0  0
2  2.9531  0  0
2  3.01593  0  0
2  3.07876  0  0
2.5  0  0  0
2.5  0.0628319  0  0
2.5  0.125664  0  0
2.5  0.188496  0  0
2.5  0.251327  0  0
2.5  0.314159  0  0
2.5  0.376991  0  0
2.5  0.439823  0  0
2.5  0.502655  0  0
2.5  0.565487  0  0
2.5  0.628319  0  0
2.5  0.69115  0  0
2.5  0.753982  0  0
2.5  0.816814  0  0
2.5  0.879646  0  0
2.5  0.942478  0  0
2.5  1.00531  0  0
2.5  1.06814  0  0
2.5  1.13097  0  0
2.5  1.19381  0  0
2.5  1.25664  0  0
2.5  1.31947  0  0
2.5  1.3823  0  0
2.5  1.44513  0  0
2.5  1.50796  0  0
2.5  1.5708  0  0
2.5  1.63363  0  0
2.5  1.69646  0  0
2.5  1.75929  0  0
2.5  1.82212  0  0
2.5  1.88496  0  0
2.5  1.94779  0  0
2.5  2.01062  0  0
2.5  2.07345  0  0
2.5  2.13628  0  0
2.5  2.19911  0  0
2.5  2.26195  0  0
2.5  2.32478  0  0
2.5  2.38761  0  0
2.5  2.45044  0  0
2.5  2.51327  0  0
2.5  2.57611  0  0
2.5  2.63894  0  0
2.5  2.70177  0  0
2.5  2.7646  0  0
2.5  2.82743  0  0
2.5  2.89027  0  0
2.5  2.9531  0  0
2.5  3.01593  0  0
2.5  3.07876  0  0
3  0  0  0
3  0.0628319  0  0
3  0.125664  0  0
3  0.188496  0  0
3  0.251327  0  0
3  0.314159  0  0
3  0.376991  0  0
3  0.439823  0  0
3  0.502655  0  0
3  0.565487  0  0
3  0.628319  0  0
3  0.69115  0  0
3  0.753982  0  0
3  0.816814  0  0
3  0.879646  0  0
3  0.942478  0  0
3  1.00531  0.574713  0.758098
3  1.06814  2.66393  1.63216
3  1.13097  13.2924  3.64588
3  1.19381  22.1987  4.71155
3  1.25664  31.0112  5.56877
3  1.31947  35.2273  5.93526
3  1.3823  37.8251  6.15021
3  1.44513  42.8235  6.54397
3  1.50796  45.1613  6.72022
3  1.5708  45.9052  6.77534
3  1.63363  44.4444  6.66667
3  1.69646  46.0137  6.78334
3  1.75929  34.6983  5.89052
3  1.82212  27.8912  5.28121
3  1.88496  23.0942  4.80564
3  1.94779  12.3404  3.51289
3  2.01062  3.96825  1.99205
3  2.07345  0  0
3  2.13628  0  0
3  2.19911  0  0
3  2.26195  0  0
3  2.32478  0  0
3  2.38761  0  0
3  2.45044  0  0
3  2.51327  0  0
3  2.57611  0  0
3  2.63894  0  0
3  2.70177  0  0
3  2.7646  0  0
3  2.82743  0  0
3  2.89027  0  0
3  2.9531  0  0
3  3.01593  0  0
3  3.07876  0  0
3.5  0  0  0
3.5  0.0628319  0  0
3.5  0.125664  0  0
3.5  0.188496  0  0
3.5  0.251327  0  0
3.5  0.314159  0  0
3.5  0.376991  0  0
3.5  0.439823  0  0
3.5  0.502655  0  0
3.5  0.565487  0  0
3.5  0.628319  0  0
3.5  0.69115  0  0
3.5  0.753982  0  0
3.5  0.816814  7.35043  2.71117
3.5  0.879646  23.7522  4.87362
3.5  0.942478  41.1661  6.41608
3.5  1.00531  57.6577  7.59326
3.5  1.06814  71.6  8.46168
3.5  1.13097  74.538  8.63354
3.5  1.19381  75.0547  8.66341
3.5  1.25664  73.5892  8.57841
3.5  1.31947  78.5894  8.86507
3.5  1.3823  77.6018  8.80919
3.5  1.44513  75.2315  8.67361
3.5  1.50796  77.193  8.78595
3.5  1.5708  79.8526  8.93603
3.5  1.63363  81.5385  9.02986
3.5  1.69646  77.2622  8.78989
3.5  1.75929  74.6725  8.64132
3.5  1.82212  73.5632  8.5769
3.5  1.88496  73.8095  8.59125
3.5  1.94779  73.4914  8.57271
3.5  2.01062  69.8582  8.35812
3.5  2.07345  58.2593  7.63278
3.5  2.13628  42.8115  6.54305
3.5  2.19911  23.3279  4.8299
3.5  2.26195  6.28099  2.50619
3.5  2.32478  0.190476  0.436436
3.5  2.38761  0  0
3.5  2.45044  0  0
3.5  2.51327  0  0
3.5  2.57611  0  0
3.5  2.63894  0  0
3.5  2.70177  0  0
3.5  2.7646  0  0
3.5  2.82743  0  0
3.5  2.89027  0  0
3.5  2.9531  0  0
3.5  3.01593  0  0
3.5  3.07876  0  0
4  0  0  0
4  0.0628319  0  0
4  0.125664  0  0
4  0.188496  0  0
4  0.251327  0  0
4  0.314159  0  0
4  0.376991  0  0
4  0.439823  0  0
4  0.502655  0  0
4  0.565487  0  0
4  0.628319  0.623053  0.789337
4  0.69115  15.1659  3.89434
4  0.753982  41.4449  6.43777
4  0.816814  62.6786  7.91698
4  0.879646  64.9063  8.05644
4  0.942478  70.2381  8.38082
4  1.00531  72.5275  8.51631
4  1.06814  69.7723  8.35298
4  1.13097  72.9831  8.54302
4  1.19381  76.7654  8.76159
4  1.25664  75.6152  8.6957
4  1.31947  78.5714  8.86405
4  1.3823  77.1429  8.7831
4  1.44513  78.4264  8.85587
4  1.50796  80.6373  8.97982
4  1.5708  81.1414  9.00785
4  1.63363  77.7778  8.81917
4  1.69646  78.25  8.8459
4  1.75929  77.8037  8.82064
4  1.82212  77.5785  8.80786
4  1.88496  72.4211  8.51006
4  1.94779  74.6171  8.63812
4  2.01062  69.703  8.34883
4  2.07345  70.7843  8.41334
4  2.13628  68.2594  8.26192
4  2.19911  66.6667  8.16497
4  2.26195  62.0521  7.87732
4  2.32478  42.4951  6.51883
4  2.38761  11.9332  3.45444
4  2.45044  0  0
4  2.51327  0  0
4  2.57611  0  0
4  2.63894  0  0
4  2.70177  0  0
4  2.7646  0  0
4  2.82743  0  0
4  2.89027  0  0
4  2.9531  0  0
4  3.01593  0  0
4  3.07876  0  0
4.5  0  0  0
4.5  0.0628319  0  0
4.5  0.125664  0  0
4.5  0.188496  0  0
4.5  0.251327  0  0
4.5  0.314159  0  0
4.5  0.376991  0  0
4.5  0.439823  0  0
4.5  0.502655  0.458716  0.677285
4.5  0.565487  3.54331  1.88237
4.5  0.628319  33.6538  5.80119
4.5  0.69115  58.2569  7.63262
4.5  0.753982  61.2  7.82304
4.5  0.816814  66.7877  8.17237
4.5  0.879646  67.3108  8.20432
4.5  0.942478  67.7138  8.22884
4.5  1.00531  71.8336  8.47547
4.5  1.06814  71.8868  8.47861
4.5  1.13097  75  8.66025
4.5  1.19381  74.8219  8.64996
4.5  1.25664  77.907  8.82649
4.5  1.31947  74.2788  8.61852
4.5  1.3823  78.3133  8.84948
4.5  1.44513  82.619  9.0895
4.5  1.50796  80  8.94427
4.5  1.5708  80  8.94427
4.5  1.63363  77.7512  8.81766
4.5  1.69646  74.5536  8.63444
4.5  1.75929  78.4615  8.85785
4.5  1.82212  76.9048  8.76954
4.5  1.88496  79.3503  8.90788
4.5  1.94779  75.2515  8.67476
4.5  2.01062  72.6496  8.52347
4.5  2.07345  70.7635  8.4121
4.5  2.13628  68.5121  8.2772
4.5  2.19911  67.4757  8.21436
4.5  2.26195  61.4238  7.83734
4.5  2.32478  65.3641  8.08481
4.5  2.38761  58.1731  7.62713
4.5  2.45044  32.6087  5.7104
4.5  2.51327  2.17391  1.47442
4.5  2.57611  0  0
4.5  2.63894  0  0
4.5  2.70177  0  0
4.5  2.7646  0  0
4.5  2.82743  0  0
4.5  2.89027  0  0
4.5  2.9531  0  0
4.5  3.01593  0  0
4.5  3.07876  0  0
5  0  0  0
5  0.0628319  0  0
5  0.125664  0  0
5  0.188496  0  0
5  0.251327  0  0
5  0.314159  0  0
5  0.376991  0  0
5  0.439823  0  0
5  0.502655  2.88462  1.69842
5  0.565487  42.8571  6.54654
5  0.628319  53.8922  7.34113
5  0.69115  61.2981  7.82931
5  0.753982  65.4611  8.0908
5  0.816814  68.0851  8.25137
5  0.879646  69.8925  8.36017
5  0.942478  73.466  8.57123
5  1.00531  70.7273  8.40995
5  1.06814  75.7829  8.70534
5  1.13097  73.6264  8.58058
5  1.19381  76.2712  8.73334
5  1.25664  76.2712  8.73334
5  1.31947  76.2222  8.73053
5  1.3823  77.5982  8.80898
5  1.44513  82.793  9.09907
5  1.50796  81.6327  9.03508
5  1.5708  83.9729  9.16367
5  1.63363  82.8235  9.10074
5  1.69646  80.0454  8.94681
5  1.75929  76.9575  8.77254
5  1.82212  75.9637  8.71572
5  1.88496  76.7184  8.7589
5  1.94779  71.1864  8.43721
5  2.01062  78.3525  8.85169
5  2.07345  73.9362  8.59861
5  2.13628  69.5652  8.34058
5  2.19911  68.8663  8.29857
5  2.26195  66.8842  8.17827
5  2.32478  63.2353  7.95206
5  2.38761  63.1579  7.94719
5  2.45044  59.1429  7.69044
5  2.51327  41.1255  6.41292
5  2.57611  5.20833  2.28218
5  2.63894  0  0
5  2.70177  0  0
5  2.7646  0  0
5  2.82743  0  0
5  2.89027  0  0
5  2.9531  0  0
5  3.01593  0  0
5  3.07876  0  0
5.5  0  0  0
5.5  0.0628319  0  0
5.5  0.125664  0  0
5.5  0.188496  0  0
5.5  0.251327  0  0
5.5  0.314159  0  0
5.5  0.376991  0.769231  0.877058
5.5  0.439823  0  0
5.5  0.502655  34.9057  5.9081
5.5  0.565487  54.1667  7.3598
5.5  0.628319  61.1296  7.81854
5.5  0.69115  60.8696  7.80189
5.5  0.753982  65.2174  8.07573
5.5  0.816814  70.3767  8.38908
5.5  0.879646  72.578  8.51927
5.5  0.942478  72.6562  8.52386
5.5  1.00531  75.2212  8.67302
5.5  1.06814  75.8099  8.70689
5.5  1.13097  75.6757  8.69918
5.5  1.19381  78.7097  8.87185
5.5  1.25664  80  8.94427
5.5  1.31947  79.4621  8.91415
5.5  1.3823  84.2893  9.18092
5.5  1.44513  83.0588  9.11366
5.5  1.50796  84.2795  9.18039
5.5  1.5708  84.9148  9.21492
5.5  1.63363  78.7798  8.8758
5.5  1.69646  81.7536  9.04177
5.5  1.75929  77.7027  8.81491
5.5  1.82212  77.3067  8.79242
5.5  1.88496  74.6888  8.64227
5.5  1.94779  76.9565  8.77249
5.5  2.01062  75.4237  8.68468
5.5  2.07345  72.844  8.53487
5.5  2.13628  71.6814  8.46649
5.5  2.19911  73.1132  8.55063
5.5  2.26195  69.8333  8.35663
5.5  2.32478  65.4369  8.08931
5.5  2.38761  62.1687  7.88471
5.5  2.45044  55.9486  7.47988
5.5  2.51327  51.1905  7.15475
5.5  2.57611  30.1508  5.49097
5.5  2.63894  0  0
5.5  2.70177  0  0
5.5  2.7646  0  0
5.5  2.82743  0  0
5.5  2.89027  0  0
5.5  2.9531  0  0
5.5  3.01593  0  0
5.5  3.07876  0  0
6  0  0  0
6  0.0628319  0  0
6  0.125664  0  0
6  0.188496  0  0
6  0.251327  0  0
6  0.314159  0  0
6  0.376991  0  0
6  0.439823  17.7914  4.21799
6  0.502655  48.8764  6.99117
6  0.565487  51.8987  7.20408
6  0.628319  59.3023  7.7008
6  0.69115  61.7347  7.85714
6  0.753982  65.2495  8.07772
6  0.816814  66.4921  8.15427
6  0.879646  73.9968  8.60214
6  0.942478  71.8381  8.47574
6  1.00531  72.9831  8.54302
6  1.06814  75.4098  8.68388
6  1.13097  78.937  8.88465
6  1.19381  79.2363  8.90148
6  1.25664  83.4515  9.13518
6  1.31947  82.716  9.09484
6  1.3823  84.2752  9.18015
6  1.44513  82.8125  9.10014
6  1.50796  87.5576  9.35722
6  1.5708  85.4801  9.24554
6  1.63363  86.052  9.27642
6  1.69646  84.6652  9.20137
6  1.75929  81.457  9.02535
6  1.82212  80.8989  8.99438
6  1.88496  77.6344  8.81104
6  1.94779  79.7217  8.9287
6  2.01062  76.5408  8.74876
6  2.07345  72.9167  8.53913
6  2.13628  72.9819  8.54294
6  2.19911  72.9236  8.53953
6  2.26195  67.4342  8.21183
6  2.32478  65.8635  8.11563
6  2.38761  63.3508  7.95932
6  2.45044  62.029  7.87585
6  2.51327  59.7403  7.72918
6  2.57611  46.7593  6.83807
6  2.63894  15.4839  3.93496
6  2.70177  0  0
6  2.7646  0  0
6  2.82743  0  0
6  2.89027  0  0
6  2.9531  0  0
6  3.01593  0  0
6  3.07876  0  0
6.5  0  0  0
6.5  0.0628319  0  0
6.5  0.125664  0  0
6.5  0.188496  0  0
6.5  0.251327  0  0
6.5  0.314159  0  0
6.5  0.376991  0  0
6.5  0.439823  40.2597  6.34506
6.5  0.502655  45.7143  6.76123
6.5  0.565487  56.5371  7.51912
6.5  0.628319  63.7771  7.98606
6.5  0.69115  62.5616  7.90959
6.5  0.753982  69.7917  8.35414
6.5  0.816814  74.4027  8.6257
6.5  0.879646  70.3259  8.38605
6.5  0.942478  79.1594  8.89716
6.5  1.00531  73.4345  8.5694
6.5  1.06814  80.6391  8.97993
6.5  1.13097  81.7269  9.04029
6.5  1.19381  86.4583  9.2983
6.5  1.25664  86.7391  9.31338
6.5  1.31947  86.5116  9.30116
6.5  1.3823  88.1443  9.38852
6.5  1.44513  90.6921  9.52324
6.5  1.50796  93.1193  9.64983
6.5  1.5708  90.9091  9.53463
6.5  1.63363  90.9953  9.53914
6.5  1.69646  88.7781  9.42221
6.5  1.75929  87.8935  9.37515
6.5  1.82212  85.1064  9.22531
6.5  1.88496  84.8812  9.2131
6.5  1.94779  80.6452  8.98027
6.5  2.01062  78.2274  8.84462
6.5  2.07345  79.2976  8.90492
6.5  2.13628  76.5478  8.74916
6.5  2.19911  69.7531  8.35183
6.5  2.26195  68.5393  8.27885
6.5  2.32478  71.5094  8.45633
6.5  2.38761  64.4068  8.02538
6.5  2.45044  55.8989  7.47656
6.5  2.51327  63.5688  7.973
6.5  2.57611  49.7512  7.05346
6.5  2.63894  30.4636  5.51938
6.5  2.70177  2.34375  1.53093
6.5  2.7646  0  0
6.5  2.82743  0  0
6.5  2.89027  0  0
6.5  2.9531  0  0
6.5  3.01593  0  0
6.5  3.07876  0  0
7  0  0  0
7  0.0628319  0  0
7  0.125664  0  0
7  0.188496  0  0
7  0.251327  0  0
7  0.314159  0  0
7  0.376991  18.1102  4.25561
7  0.439823  31.3253  5.5969
7  0.502655  53.7383  7.33064
7  0.565487  62.6609  7.91587
7  0.628319  58.9124  7.67544
7  0.69115  64.133  8.00831
7  0.753982  72.037  8.48746
7  0.816814  70.8649  8.41813
7  0.879646  74.3939  8.62519
7  0.942478  76.8382  8.76574
7  1.00531  82.9787  9.10927
7  1.06814  83.2707  9.12528
7  1.13097  88.3871  9.40144
7  1.19381  91.4347  9.56215
7  1.25664  90.604  9.51861
7  1.31947  92.0746  9.59555
7  1.3823  94.0048  9.69561
7  1.44513  96.5517  9.82607
7  1.50796  99.0868  9.95423
7  1.5708  96.4455  9.82067
7  1.63363  95.5711  9.77605
7  1.69646  95.1111  9.75249
7  1.75929  95.2618  9.76022
7  1.82212  94.3355  9.71265
7  1.88496  89.4273  9.4566
7  1.94779  86.1771  9.28316
7  2.01062  82.2086  9.0669
7  2.07345  83.0827  9.11497
7  2.13628  79.2487  8.90217
7  2.19911  77.0798  8.77951
7  2.26195  70.8754  8.41875
7  2.32478  67.9389  8.24251
7  2.38761  65.618  8.10049
7  2.45044  59.6154  7.7211
7  2.51327  63.5983  7.97486
7  2.57611  48.1308  6.93764
7  2.63894  46.3087  6.80505
7  2.70177  11.9048  3.45033
7  2.7646  0  0
7  2.82743  0  0
7  2.89027  0  0
7  2.9531  0  0
7  3.01593  0  0
7  3.07876  0  0
7.5  0  0  0
7.5  0.0628319  0  0
7.5  0.125664  0  0
7.5  0.188496  0  0
7.5  0.251327  0  0
7.5  0.314159  0  0
7.5  0.376991  24.1379  4.91304
7.5  0.439823  37.1429  6.09449
7.5  0.502655  47  6.85565
7.5  0.565487  55.6  7.45654
7.5  0.628319  63.5088  7.96924
7.5  0.69115  65.9148  8.11879
7.5  0.753982  71.6567  8.46503
7.5  0.816814  73.5152  8.5741
7.5  0.879646  78.1302  8.83913
7.5  0.942478  82.6446  9.09091
7.5  1.00531  84.7397  9.20542
7.5  1.06814  90.5097  9.51366
7.5  1.13097  90.6694  9.52205
7.5  1.19381  94.3089  9.71128
7.5  1.25664  93.8215  9.68615
7.5  1.31947  93.1264  9.6502
7.5  1.3823  96.0829  9.80219
7.5  1.44513  96.5909  9.82807
7.5  1.50796  98.3871  9.91903
7.5  1.5708  98.3491  9.91711
7.5  1.63363  96.7603  9.83668
7.5  1.69646  94.2029  9.70582
7.5  1.75929  93.012  9.64428
7.5  1.82212  93.4211  9.66546
7.5  1.88496  92.1109  9.59744
7.5  1.94779  90.3689  9.50625
7.5  2.01062  89.5706  9.46417
7.5  2.07345  86.7621  9.31462
7.5  2.13628  85.7944  9.26253
7.5  2.19911  79.2208  8.90061
7.5  2.26195  74  8.60233
7.5  2.32478  71.2665  8.44195
7.5  2.38761  67.7804  8.23289
7.5  2.45044  67.2241  8.19903
7.5  2.51327  55.0943  7.42256
7.5  2.57611  56.5421  7.51945
7.5  2.63894  45.8333  6.77003
7.5  2.70177  22.6087  4.75486
7.5  2.7646  0  0
7.5  2.82743  0  0
7.5  2.89027  0  0
7.5  2.9531  0  0
7.5  3.01593  0  0
7.5  3.07876  0  0
8  0  0  0
8  0.0628319  0  0
8  0.125664  0  0
8  0.188496  0  0
8  0.251327  0  0
8  0.314159  3  1.73205
8  0.376991  31.3559  5.59964
8  0.439823  43.6364  6.60578
8  0.502655  50  7.07107
8  0.565487  57.7519  7.59947
8  0.628319  64.6341  8.03954
8  0.69115  70.2576  8.38198
8  0.753982  72.9045  8.53841
8  0.816814  75.3823  8.6823
8  0.879646  85.7143  9.2582
8  0.942478  84.8639  9.21216
8  1.00531  87.6426  9.36176
8  1.06814  88.5593  9.4106
8  1.13097  93.763  9.68313
8  1.19381  92.6437  9.62516
8  1.25664  92.4612  9.61567
8  1.31947  94.1606  9.70364
8  1.3823  95.5357  9.77424
8  1.44513  96.9555  9.8466
8  1.50796  97.2705  9.86258
8  1.5708  97.555  9.87699
8  1.63363  97.3621  9.86722
8  1.69646  93.5632  9.67281
8  1.75929  94.3662  9.71423
8  1.82212  95.599  9.77748
8  1.88496  92.7386  9.63009
8  1.94779  90.4077  9.5083
8  2.01062  87.6494  9.36213
8  2.07345  88.5659  9.41095
8  2.13628  88.7279  9.41955
8  2.19911  82.1782  9.06522
8  2.26195  79.2043  8.89968
8  2.32478  74.5856  8.6363
8  2.38761  67.9104  8.24078
8  2.45044  64.1104  8.0069
8  2.51327  58.0882  7.62156
8  2.57611  52.9101  7.27393
8  2.63894  42.1429  6.49175
8  2.70177  28.3582  5.32524
8  2.7646  2.29885  1.5162
8  2.82743  0  0
8  2.89027  0  0
8  2.9531  0  0
8  3.01593  0  0
8  3.07876  0  0
8.5  0  0  0
8.5  0.0628319  0  0
8.5  0.125664  0  0
8.5  0.188496  0  0
8.5  0.251327  0  0
8.5  0.314159  7  2.64575
8.5  0.376991  36.4407  6.03661
8.5  0.439823  52.4476  7.24207
8.5  0.502655  51.2953  7.16208
8.5  0.565487  62.0408  7.8766
8.5  0.628319  72  8.48528
8.5  0.69115  72.2101  8.49765
8.5  0.753982  78.6667  8.86942
8.5  0.816814  82.5503  9.08572
8.5  0.879646  87.7743  9.36879
8.5  0.942478  85.1327  9.22674
8.5  1.00531  89.7338  9.47279
8.5  1.06814  91.8288  9.58273
8.5  1.13097  89.6907  9.47052
8.5  1.19381  91.1364  9.54654
8.5  1.25664  93.75  9.68246
8.5  1.31947  95.3883  9.7667
8.5  1.3823  97.5787  9.87819
8.5  1.44513  96.3942  9.81806
8.5  1.50796  98.5542  9.92745
8.5  1.5708  97.7629  9.88751
8.5  1.63363  97.669  9.88276
8.5  1.69646  97.3366  9.86593
8.5  1.75929  96.2175  9.80905
8.5  1.82212  93.5714  9.67323
8.5  1.88496  93.2271  9.65542
8.5  1.94779  91.974  9.59031
8.5  2.01062  90.7662  9.52713
8.5  2.07345  87.7159  9.36568
8.5  2.13628  89.3864  9.45444
8.5  2.19911  84.8631  9.21212
8.5  2.26195  82.7751  9.09808
8.5  2.32478  76.4378  8.74287
8.5  2.38761  72.028  8.48693
8.5  2.45044  68.4524  8.2736
8.5  2.51327  63.9847  7.99904
8.5  2.57611  49.0741  7.00529
8.5  2.63894  40.2516  6.34441
8.5  2.70177  35.2941  5.94089
8.5  2.7646  2.15054  1.46647
8.5  2.82743  0  0
8.5  2.89027  0  0
8.5  2.9531  0  0
8.5  3.01593  0  0
8.5  3.07876  0  0
9  0  0  0
9  0.0628319  0  0
9  0.125664  0  0
9  0.188496  0  0
9  0.251327  0  0
9  0.314159  8.33333  2.88675
9  0.376991  40  6.32456
9  0.439823  48.2955  6.94949
9  0.502655  56.0606  7.48736
9  0.565487  62.3529  7.89639
9  0.628319  71.9512  8.48241
9  0.69115  76.0369  8.71991
9  0.753982  80.0366  8.94632
9  0.816814  82.8025  9.09959
9  0.879646  84  9.16515
9  0.942478  86.3636  9.2932
9  1.00531  89.464  9.45854
9  1.06814  89.2  9.44458
9  1.13097  90.4366  9.50982
9  1.19381  92.779  9.63219
9  1.25664  93.913  9.69087
9  1.31947  95.9716  9.79651
9  1.3823  97.8365  9.89124
9  1.44513  98.2379  9.9115
9  1.50796  98.3796  9.91865
9  1.5708  98.7685  9.93823
9  1.63363  98.7113  9.93536
9  1.69646  96.7366  9.83548
9  1.75929  95.8904  9.79236
9  1.82212  93.4132  9.66505
9  1.88496  91.939  9.58848
9  1.94779  93.3868  9.66368
9  2.01062  89.613  9.46642
9  2.07345  88  9.38083
9  2.13628  87.9599  9.37869
9  2.19911  83.0619  9.11383
9  2.26195  83.5255  9.13923
9  2.32478  81.2261  9.01255
9  2.38761  77.2397  8.78861
9  2.45044  65.7143  8.10643
9  2.51327  62.9167  7.932
9  2.57611  60.6965  7.7908
9  2.63894  50.6579  7.11744
9  2.70177  45.1852  6.72199
9  2.7646  18.8889  4.34613
9  2.82743  0  0
9  2.89027  0  0
9  2.9531  0  0
9  3.01593  0  0
9  3.07876  0  0
9.5  0  0  0
9.5  0.0628319  0  0
9.5  0.125664  0  0
9.5  0.188496  0  0
9.5  0.251327  0  0
9.5  0.314159  13.6986  3.70117
9.5  0.376991  37.7622  6.1451
9.5  0.439823  56.129  7.49193
9.5  0.502655  60.5911  7.78403
9.5  0.565487  60.7287  7.79287
9.5  0.628319  73.5562  8.57649
9.5  0.69115  80.2956  8.96078
9.5  0.753982  84.5124  9.19306
9.5  0.816814  81.6609  9.03664
9.5  0.879646  84.4086  9.18742
9.5  0.942478  87.9061  9.37583
9.5  1.00531  89.1089  9.43975
9.5  1.06814  91.6821  9.57508
9.5  1.13097  90.8524  9.53165
9.5  1.19381  93.7901  9.68453
9.5  1.25664  93.6123  9.67535
9.5  1.31947  93.9614  9.69337
9.5  1.3823  96.5347  9.82521
9.5  1.44513  98.6517  9.93236
9.5  1.50796  98.2097  9.91008
9.5  1.5708  98.995  9.94962
9.5  1.63363  98.3834  9.91884
9.5  1.69646  97.2851  9.86332
9.5  1.75929  95.9821  9.79705
9.5  1.82212  92.967  9.64194
9.5  1.88496  92.4945  9.61741
9.5  1.94779  91.3502  9.55773
9.5  2.01062  90.2778  9.50146
9.5  2.07345  88.1092  9.38665
9.5  2.13628  89.2437  9.44689
9.5  2.19911  87.3355  9.34535
9.5  2.26195  83.6938  9.14843
9.5  2.32478  79.7909  8.93258
9.5  2.38761  77.6942  8.81443
9.5  2.45044  71.7949  8.47319
9.5  2.51327  65.272  8.07911
9.5  2.57611  55.4945  7.44946
9.5  2.63894  44.5087  6.67148
9.5  2.70177  36.9369  6.07758
9.5  2.7646  25.7426  5.07371
9.5  2.82743  0  0
9.5  2.89027  0  0
9.5  2.9531  0  0
9.5  3.01593  0  0
9.5  3.07876  0  0
10  0  0  0
10  0.0628319  0  0
10  0.125664  0  0
10  0.188496  0  0
10  0.251327  1.66667  1.29099
10  0.314159  19.6262  4.43014
10  0.376991  42.5  6.5192
10  0.439823  48.227  6.94456
10  0.502655  56.0386  7.4859
10  0.565487  72.1569  8.49452
10  0.628319  77.0393  8.7772
10  0.69115  80.4878  8.9715
10  0.753982  80.3119  8.96169
10  0.816814  86.0884  9.27838
10  0.879646  87.291  9.34296
10  0.942478  87.0175  9.32832
10  1.00531  90.9091  9.53463
10  1.06814  88.8438  9.4257
10  1.13097  93.5282  9.671
10  1.19381  94.9119  9.74228
10  1.25664  96.401  9.8184
10  1.31947  95.5607  9.77552
10  1.3823  98.2456  9.91189
10  1.44513  97.9112  9.89501
10  1.50796  99.7585  9.98792
10  1.5708  99.7658  9.98828
10  1.63363  97.6905  9.88385
10  1.69646  98  9.89949
10  1.75929  96.696  9.83341
10  1.82212  95.0673  9.75024
10  1.88496  95.5508  9.77501
10  1.94779  91.4607  9.56351
10  2.01062  91.5385  9.56757
10  2.07345  88  9.38083
10  2.13628  87.4791  9.35303
10  2.19911  86.5415  9.30277
10  2.26195  83.7521  9.15162
10  2.32478  82.037  9.05743
10  2.38761  77.892  8.82565
10  2.45044  73.5736  8.5775
10  2.51327  74.9004  8.6545
10  2.57611  58.7302  7.66356
10  2.63894  49.6241  7.04443
10  2.70177  35.9375  5.99479
10  2.7646  25.8065  5.08001
10  2.82743  0  0
10  2.89027  0  0
10  2.9531  0  0
10  3.01593  0  0
10  3.07876  0  0
10.5  0  0  0
10.5  0.0628319  0  0
10.5  0.125664  0  0
10.5  0.188496  0  0
10.5  0.251327  0  0
10.5  0.314159  20.7921  4.55983
10.5  0.376991  45.082  6.71431
10.5  0.439823  57.764  7.60026
10.5  0.502655  64.2487  8.01553
10.5  0.565487  70.6522  8.40548
10.5  0.628319  74.5714  8.63548
10.5  0.69115  78.9709  8.88656
10.5  0.753982  82.3091  9.07244
10.5  0.816814  86.5815  9.30492
10.5  0.879646  85.7398  9.25958
10.5  0.942478  88.3721  9.40064
10.5  1.00531  89.1221  9.44045
10.5  1.06814  91.5058  9.56587
10.5  1.13097  91.9588  9.58951
10.5  1.19381  93.1959  9.6538
10.5  1.25664  95.4545  9.77008
10.5  1.31947  96.2963  9.81307
10.5  1.3823  96.9484  9.84624
10.5  1.44513  97.4537  9.87186
10.5  1.50796  99.3135  9.96562
10.5  1.5708  99.0762  9.9537
10.5  1.63363  98.9924  9.94949
10.5  1.69646  97.9911  9.89904
10.5  1.75929  96.4126  9.81899
10.5  1.82212  96.4523  9.82101
10.5  1.88496  93.047  9.64609
10.5  1.94779  91.5464  9.56799
10.5  2.01062  91.2602  9.55302
10.5  2.07345  89.2922  9.44945
10.5  2.13628  87.563  9.35751
10.5  2.19911  87.3311  9.34511
10.5  2.26195  82.6825  9.09299
10.5  2.32478  84.9699  9.21791
10.5  2.38761  77.7188  8.81583
10.5  2.45044  76  8.7178
10.5  2.51327  74.1176  8.60916
10.5  2.57611  60.1942  7.75849
10.5  2.63894  63.6943  7.98087
10.5  2.70177  44.5378  6.67367
10.5  2.7646  18.0851  4.25266
10.5  2.82743  1.66667  1.29099
10.5  2.89027  0  0
10.5  2.9531  0  0
10.5  3.01593  0  0
10.5  3.07876  0  0
11  0  0  0
11  0.0628319  0  0
11  0.125664  0  0
11  0.188496  0  0
11  0.251327  5.08475  2.25494
11  0.314159  17.8571  4.22577
11  0.376991  40  6.32456
11  0.439823  54.8611  7.40683
11  0.502655  67.1717  8.19584
11  0.565487  73.6  8.57904
11  0.628319  76.4526  8.74372
11  0.69115  79.6069  8.92227
11  0.753982  81.5443  9.03019
11  0.816814  83.1731  9.11993
11  0.879646  88.3058  9.39712
11  0.942478  86.5417  9.30278
11  1.00531  91.3208  9.55619
11  1.06814  90.3399  9.50473
11  1.13097  91.8794  9.58537
11  1.19381  93.6681  9.67823
11  1.25664  94.3052  9.71109
11  1.31947  97.8587  9.89235
11  1.3823  97.8208  9.89044
11  1.44513  98.8399  9.94183
11  1.50796  100  10
11  1.5708  99.284  9.96414
11  1.63363  98.861  9.94289
11  1.69646  97.1239  9.85515
11  1.75929  97.2093  9.85948
11  1.82212  95.4839  9.77158
11  1.88496  95.1435  9.75415
11  1.94779  94.8718  9.74022
11  2.01062  90.8898  9.53362
11  2.07345  89.3502  9.45252
11  2.13628  90.6463  9.52083
11  2.19911  88.6054  9.41305
11  2.26195  85.1455  9.22743
11  2.32478  84.1683  9.17433
11  2.38761  81.3299  9.01831
11  2.45044  74.6951  8.64263
11  2.51327  77.0213  8.77618
11  2.57611  65.0718  8.06671
11  2.63894  55.3333  7.43864
11  2.70177  44.7368  6.68856
11  2.7646  22.7723  4.77203
11  2.82743  3.8961  1.97386
11  2.89027  0  0
11  2.9531  0  0
11  3.01593  0  0
11  3.07876  0  0
11.5  0  0  0
11.5  0.0628319  0  0
11.5  0.125664  0  0
11.5  0.188496  0  0
11.5  0.251327  0  0
11.5  0.314159  37.8947  6.15587
11.5  0.376991  42.0635  6.48564
11.5  0.439823  53.2164  7.29496
11.5  0.502655  60.8466  7.80042
11.5  0.565487  67.1937  8.19717
11.5  0.628319  77.1987  8.78628
11.5  0.69115  80.9639  8.99799
11.5  0.753982  79.0607  8.89161
11.5  0.816814  84.1727  9.17457
11.5  0.879646  88.2166  9.39237
11.5  0.942478  86.7424  9.31356
11.5  1.00531  89.5204  9.46152
11.5  1.06814  91.8033  9.5814
11.5  1.13097  92.3848  9.6117
11.5  1.19381  91.455  9.56321
11.5  1.25664  95.7303  9.78419
11.5  1.31947  95.5189  9.77338
11.5  1.3823  99.0172  9.95074
11.5  1.44513  98.7147  9.93552
11.5  1.50796  99.7506  9.98752
11.5  1.5708  99.25  9.96243
11.5  1.63363  97.1564  9.85679
11.5  1.69646  96.7581  9.83657
11.5  1.75929  95.5814  9.77657
11.5  1.82212  95.6916  9.78221
11.5  1.88496  93.8998  9.69019
11.5  1.94779  92.9461  9.64085
11.5  2.01062  91.3655  9.55853
11.5  2.07345  91.3725  9.5589
11.5  2.13628  90.5797  9.51734
11.5  2.19911  85.1974  9.23024
11.5  2.26195  84.82  9.20978
11.5  2.32478  80.1603  8.95323
11.5  2.38761  77.9376  8.82823
11.5  2.45044  78.125  8.83883
11.5  2.51327  72.1992  8.49701
11.5  2.57611  63.3028  7.9563
11.5  2.63894  55.6213  7.45797
11.5  2.70177  43.609  6.60371
11.5  2.7646  30.7692  5.547
11.5  2.82743  0  0
11.5  2.89027  0  0
11.5  2.9531  0  0
11.5  3.01593  0  0
11.5  3.07876  0  0
12  0  0  0
12  0.0628319  0  0
12  0.125664  0  0
12  0.188496  0  0
12  0.251327  5.7971  2.40772
12  0.314159  29.703  5.45004
12  0.376991  41.8033  6.46555
12  0.439823  53.1034  7.28721
12  0.502655  62.1495  7.8835
12  0.565487  69.7095  8.34922
12  0.628319  72.3333  8.5049
12  0.69115  82.1516  9.06375
12  0.753982  83.7524  9.15163
12  0.816814  86.562  9.30387
12  0.879646  88.4858  9.40669
12  0.942478  88.8342  9.42519
12  1.00531  89.6679  9.46931
12  1.06814  95.3333  9.76388
12  1.13097  93.1864  9.65331
12  1.19381  95.4649  9.77061
12  1.25664  93.8389  9.68705
12  1.31947  97.4118  9.86974
12  1.3823  97.2286  9.86046
12  1.44513  98.2885  9.91406
12  1.50796  99.5037  9.97516
12  1.5708  99.3392  9.96691
12  1.63363  98.1481  9.90697
12  1.69646  99.1525  9.95754
12  1.75929  96.3235  9.81446
12  1.82212  95.6803  9.78163
12  1.88496  92.3963  9.6123
12  1.94779  94.7589  9.73442
12  2.01062  91.6667  9.57427
12  2.07345  88.0137  9.38156
12  2.13628  88.8889  9.42809
12  2.19911  86.5913  9.30544
12  2.26195  85.6688  9.25574
12  2.32478  85.9438  9.27059
12  2.38761  80.4819  8.97117
12  2.45044  78.5479  8.86272
12  2.51327  74.812  8.64939
12  2.57611  66.5138  8.1556
12  2.63894  53.9394  7.34434
12  2.70177  37.7358  6.14295
12  2.7646  30.7692  5.547
12  2.82743  3.7037  1.9245
12  2.89027  0  0
12  2.9531  0  0
12  3.01593  0  0
12  3.07876  0  0
12.5  0  0  0
12.5  0.0628319  0  0
12.5  0.125664  0  0
12.5  0.188496  0  0
12.5  0.251327  3.0303  1.74078
12.5  0.314159  29.0698  5.39164
12.5  0.376991  53.5714  7.31925
12.5  0.439823  62.1622  7.8843
12.5  0.502655  65.3846  8.08608
12.5  0.565487  74.7899  8.64812
12.5  0.628319  75.5747  8.69337
12.5  0.69115  79.8687  8.93693
12.5  0.753982  84.264  9.17954
12.5  0.816814  84.1328  9.1724
12.5  0.879646  87.2408  9.34028
12.5  0.942478  89.2361  9.44649
12.5  1.00531  91.4855  9.56481
12.5  1.06814  91.1243  9.5459
12.5  1.13097  92.3868  9.61181
12.5  1.19381  94.3052  9.71109
12.5  1.25664  97.4118  9.86974
12.5  1.31947  97.0874  9.85329
12.5  1.3823  98.4816  9.92379
12.5  1.44513  98.7745  9.93854
12.5  1.50796  99.2823  9.96405
12.5  1.5708  99.2736  9.96361
12.5  1.63363  98.0296  9.90099
12.5  1.69646  97.1897  9.85848
12.5  1.75929  96.5517  9.82607
12.5  1.82212  94.4325  9.71764
12.5  1.88496  95.5504  9.77499
12.5  1.94779  91.0931  9.54427
12.5  2.01062  91.6357  9.57265
12.5  2.07345  90.8911  9.53368
12.5  2.13628  87.6426  9.36176
12.5  2.19911  87.4608  9.35205
12.5  2.26195  85.3952  9.24095
12.5  2.32478  82.9787  9.10927
12.5  2.38761  80.2885  8.96038
12.5  2.45044  73.1034  8.55006
12.5  2.51327  75.9398  8.71435
12.5  2.57611  63.5  7.96869
12.5  2.63894  63.2911  7.95557
12.5  2.70177  49.5575  7.03971
12.5  2.7646  27.3684  5.23148
12.5  2.82743  6.49351  2.54824
12.5  2.89027  0  0
12.5  2.9531  0  0
12.5  3.01593  0  0
12.5  3.07876  0  0
13  0  0  0
13  0.0628319  0  0
13  0.125664  0  0
13  0.188496  0  0
13  0.251327  2.7027  1.64399
13  0.314159  29.7872  5.45777
13  0.376991  50.8197  7.12879
13  0.439823  58.5987  7.65498
13  0.502655  63.0769  7.9421
13  0.565487  72.3485  8.50579
13  0.628319  76.4526  8.74372
13  0.69115  80.7339  8.98521
13  0.753982  85.206  9.23071
13  0.816814  85.4452  9.24366
13  0.879646  87.1022  9.33285
13  0.942478  89.5105  9.461
13  1.00531  89.9083  9.482
13  1.06814  89.6488  9.4683
13  1.13097  92.1529  9.59963
13  1.19381  93.6082  9.67514
13  1.25664  96.1969  9.808
13  1.31947  97.5336  9.87591
13  1.3823  96.1446  9.80533
13  1.44513  99.7525  9.98762
13  1.50796  99.7494  9.98746
13  1.5708  99.768  9.98839
13  1.63363  98.0535  9.9022
13  1.69646  97.4057  9.86943
13  1.75929  96.6837  9.83279
13  1.82212  96.8326  9.84035
13  1.88496  94  9.69536
13  1.94779  93.2243  9.65527
13  2.01062  91.8063  9.58156
13  2.07345  90.631  9.52003
13  2.13628  88.1633  9.38953
13  2.19911  84.5295  9.19399
13  2.26195  85.8885  9.2676
13  2.32478  83.0709  9.11432
13  2.38761  80.2083  8.95591
13  2.45044  77.4411  8.80006
13  2.51327  74.1525  8.61119
13  2.57611  67.9775  8.24485
13  2.63894  55.4054  7.44348
13  2.70177  44.7154  6.68696
13  2.7646  27.2727  5.22233
13  2.82743  5.47945  2.34082
13  2.89027  0  0
13  2.9531  0  0
13  3.01593  0  0
13  3.07876  0  0
13.5  0  0  0
13.5  0.0628319  0  0
13.5  0.125664  0  0
13.5  0.188496  0  0
13.5  0.251327  6.06061  2.46183
13.5  0.314159  42.1687  6.49374
13.5  0.376991  55  7.4162
13.5  0.439823  60.9272  7.80558
13.5  0.502655  65.896  8.11763
13.5  0.565487  70.6612  8.40602
13.5  0.628319  76.4881  8.74575
13.5  0.69115  81.8182  9.04534
13.5  0.753982  86.6545  9.30884
13.5  0.816814  86.7572  9.31436
13.5  0.879646  87.4419  9.35104
13.5  0.942478  87.8623  9.37349
13.5  1.00531  88.9734  9.43257
13.5  1.06814  91.6501  9.57341
13.5  1.13097  92.3077  9.60769
13.5  1.19381  94.4321  9.71762
13.5  1.25664  95.2278  9.75847
13.5  1.31947  95.99  9.79745
13.5  1.3823  97.9452  9.89673
13.5  1.44513  99.3789  9.9689
13.5  1.50796  99.3007  9.96497
13.5  1.5708  100  10
13.5  1.63363  97.9263  9.89577
13.5  1.69646  97.8673  9.89279
13.5  1.75929  96.577  9.82736
13.5  1.82212  96.0739  9.80173
13.5  1.88496  94.9309  9.74325
13.5  1.94779  92.0814  9.59591
13.5  2.01062  91.0603  9.54255
13.5  2.07345  90.942  9.53635
13.5  2.13628  87.0242  9.32868
13.5  2.19911  84.8837  9.21324
13.5  2.26195  85.4133  9.24193
13.5  2.32478  84.3575  9.18464
13.5  2.38761  82.6303  9.09012
13.5  2.45044  75.974  8.71631
13.5  2.51327  70.7224  8.40966
13.5  2.57611  62.7027  7.9185
13.5  2.63894  65.2778  8.07947
13.5  2.70177  53.0973  7.28679
13.5  2.7646  24.359  4.93548
13.5  2.82743  1.85185  1.36083
13.5  2.89027  0  0
13.5  2.9531  0  0
13.5  3.01593  0  0
13.5  3.07876  0  0
14  0  0  0
14  0.0628319  0  0
14  0.125664  0  0
14  0.188496  0  0
14  0.251327  6.52174  2.55377
14  0.314159  38.0952  6.17213
14  0.376991  52.459  7.24286
14  0.439823  60  7.74597
14  0.502655  70.936  8.42235
14  0.565487  76.8559  8.76675
14  0.628319  77.3006  8.79208
14  0.69115  82.904  9.10516
14  0.753982  81.9608  9.05322
14  0.816814  84.1216  9.17178
14  0.879646  89.7394  9.47309
14  0.942478  87.7076  9.36524
14  1.00531  91.1153  9.54543
14  1.06814  91.018  9.54033
14  1.13097  94.2792  9.70975
14  1.19381  96.0373  9.79986
14  1.25664  95.4751  9.77114
14  1.31947  96.3855  9.81761
14  1.3823  97.1765  9.85781
14  1.44513  97.9275  9.89583
14  1.50796  99.5338  9.97666
14  1.5708  99.2941  9.96464
14  1.63363  99.0654  9.95316
14  1.69646  96.875  9.84251
14  1.75929  94.878  9.74054
14  1.82212  96.1259  9.80438
14  1.88496  95.4338  9.76902
14  1.94779  95.3629  9.76539
14  2.01062  92.1722  9.60064
14  2.07345  88.7299  9.41965
14  2.13628  88.6926  9.41767
14  2.19911  88.0126  9.3815
14  2.26195  84.0557  9.16819
14  2.32478  82.6087  9.08893
14  2.38761  79.1667  8.89757
14  2.45044  74.2647  8.6177
14  2.51327  72.8395  8.53461
14  2.57611  67.4286  8.21149
14  2.63894  61.6279  7.85034
14  2.70177  51.1628  7.15282
14  2.7646  34.0659  5.8366
14  2.82743  3.0303  1.74078
14  2.89027  0  0
14  2.9531  0  0
14  3.01593  0  0
14  3.07876  0  0
14.5  0  0  0
14.5  0.0628319  0  0
14.5  0.125664  0  0
14.5  0.188496  0  0
14.5  0.251327  5.6338  2.37356
14.5  0.314159  31.25  5.59017
14.5  0.376991  45.2703  6.72832
14.5  0.439823  60.9929  7.8098
14.5  0.502655  71.3636  8.4477
14.5  0.565487  73.3591  8.56499
14.5  0.628319  77.7126  8.81548
14.5  0.69115  78.7081  8.87176
14.5  0.753982  86.8173  9.31758
14.5  0.816814  83.3603  9.13018
14.5  0.879646  87.6603  9.36271
14.5  0.942478  91.6974  9.57588
14.5  1.00531  90.5769  9.51719
14.5  1.06814  93.032  9.64531
14.5  1.13097  94.9686  9.74518
14.5  1.19381  92.8726  9.63704
14.5  1.25664  93.6937  9.67955
14.5  1.31947  95.8998  9.79284
14.5  1.3823  96.9773  9.84771
14.5  1.44513  98.2234  9.91077
14.5  1.50796  99.4885  9.97439
14.5  1.5708  99.7389  9.98694
14.5  1.63363  98.6456  9.93205
14.5  1.69646  98.8453  9.9421
14.5  1.75929  97.3913  9.8687
14.5  1.82212  95.0783  9.75081
14.5  1.88496  93.3761  9.66313
14.5  1.94779  92.8879  9.63784
14.5  2.01062  91.945  9.5888
14.5  2.07345  88.7324  9.41979
14.5  2.13628  90.0344  9.48864
14.5  2.19911  88.6139  9.41349
14.5  2.26195  83.9733  9.16369
14.5  2.32478  84.2308  9.17773
14.5  2.38761  81.5  9.02774
14.5  2.45044  76.9737  8.77346
14.5  2.51327  70.229  8.38027
14.5  2.57611  69.5876  8.34192
14.5  2.63894  58.7413  7.66428
14.5  2.70177  43.0894  6.56425
14.5  2.7646  31.9588  5.65321
14.5  2.82743  9.09091  3.01511
14.5  2.89027  0  0
14.5  2.9531  0  0
14.5  3.01593  0  0
14.5  3.07876  0  0
15  0  0  0
15  0.0628319  0  0
15  0.125664  0  0
15  0.188496  0  0
15  0.251327  10.5263  3.24443
15  0.314159  26.9231  5.18875
15  0.376991  51.6393  7.18605
15  0.439823  60.9929  7.8098
15  0.502655  69.7436  8.35126
15  0.565487  75.9825  8.7168
15  0.628319  74.9226  8.65578
15  0.69115  81  9
15  0.753982  83.3034  9.12707
15  0.816814  84.8797  9.21302
15  0.879646  87.457  9.35185
15  0.942478  88.6403  9.4149
15  1.00531  90.8397  9.53099
15  1.06814  91.1937  9.54954
15  1.13097  90.9274  9.53559
15  1.19381  94.7808  9.73554
15  1.25664  95.3125  9.76281
15  1.31947  96.1722  9.80675
15  1.3823  98.4127  9.92032
15  1.44513  98.4655  9.92298
15  1.50796  99.7738  9.98868
15  1.5708  98.5816  9.92882
15  1.63363  99.5122  9.97558
15  1.69646  97.733  9.886
15  1.75929  96.4455  9.82067
15  1.82212  95.7647  9.78594
15  1.88496  92.5847  9.6221
15  1.94779  94.4321  9.71762
15  2.01062  90.8738  9.53277
15  2.07345  90.3226  9.50382
15  2.13628  90.5074  9.51354
15  2.19911  87.3217  9.34461
15  2.26195  85.6128  9.25272
15  2.32478  87.5472  9.35666
15  2.38761  81.2346  9.01302
15  2.45044  75.8209  8.70752
15  2.51327  73.0769  8.5485
15  2.57611  65.3333  8.0829
15  2.63894  55.4217  7.44457
15  2.70177  51.2821  7.16115
15  2.7646  28.9157  5.37733
15  2.82743  12.8571  3.58569
15  2.89027  0  0
15  2.9531  0  0
15  3.01593  0  0
15  3.07876  0  0
15.5  0  0  0
15.5  0.0628319  0  0
15.5  0.125664  0  0
15.5  0.188496  0  0
15.5  0.251327  14.2857  3.77964
15.5  0.314159  33  5.74456
15.5  0.376991  51.6129  7.18421
15.5  0.439823  64.8276  8.05156
15.5  0.502655  75.6757  8.69918
15.5  0.565487  72.3881  8.50812
15.5  0.628319  79.8762  8.93735
15.5  0.69115  82.0276  9.05691
15.5  0.753982  85.1351  9.22687
15.5  0.816814  85.2101  9.23093
15.5  0.879646  87.7709  9.36861
15.5  0.942478  89.9145  9.48233
15.5  1.00531  91.5315  9.56721
15.5  1.06814  92.0502  9.59428
15.5  1.13097  92.2764  9.60606
15.5  1.19381  95.2381  9.759
15.5  1.25664  94.964  9.74495
15.5  1.31947  95.6916  9.78221
15.5  1.3823  98.5222  9.92583
15.5  1.44513  97.6852  9.88358
15.5  1.50796  99.536  9.97677
15.5  1.5708  99.7585  9.98792
15.5  1.63363  99.0099  9.95037
15.5  1.69646  98.0392  9.90148
15.5  1.75929  95.9821  9.79705
15.5  1.82212  93.6681  9.67823
15.5  1.88496  93.8356  9.68688
15.5  1.94779  93.9394  9.69223
15.5  2.01062  91.8  9.58123
15.5  2.07345  90.535  9.51499
15.5  2.13628  90.4132  9.50859
15.5  2.19911  88.5662  9.41096
15.5  2.26195  86.0577  9.27673
15.5  2.32478  82.1839  9.06553
15.5  2.38761  80.1843  8.95457
15.5  2.45044  79.4326  8.9125
15.5  2.51327  73.8806  8.59538
15.5  2.57611  70.5263  8.39799
15.5  2.63894  56.5789  7.5219
15.5  2.70177  53.2258  7.2956
15.5  2.7646  39  6.245
15.5  2.82743  12.3077  3.50823
15.5  2.89027  0  0
15.5  2.9531  0  0
15.5  3.01593  0  0
15.5  3.07876  0  0
16  0  0  0
16  0.0628319  0  0
16  0.125664  0  0
16  0.188496  0  0
16  0.251327  11.1111  3.33333
16  0.314159  35.2273  5.93526
16  0.376991  61.2613  7.82696
16  0.439823  60.625  7.78621
16  0.502655  69.0821  8.31157
16  0.565487  71.1462  8.43482
16  0.628319  75.5043  8.68932
16  0.69115  79.2325  8.90126
16  0.753982  85.4043  9.24145
16  0.816814  85.596  9.25181
16  0.879646  85.567  9.25024
16  0.942478  87.2987  9.34338
16  1.00531  89.8374  9.47826
16  1.06814  91.3215  9.55623
16  1.13097  91.0788  9.54352
16  1.19381  94.0919  9.7001
16  1.25664  95.4338  9.76902
16  1.31947  95.5257  9.77373
16  1.3823  98.1524  9.90719
16  1.44513  97.8417  9.8915
16  1.50796  99.3228  9.96608
16  1.5708  99.7567  9.98783
16  1.63363  98.8372  9.94169
16  1.69646  97.5446  9.87647
16  1.75929  96.9907  9.84839
16  1.82212  95.7245  9.78389
16  1.88496  94.4554  9.71882
16  1.94779  94.8276  9.73795
16  2.01062  91.4226  9.56152
16  2.07345  90.3922  9.50748
16  2.13628  91.2972  9.55496
16  2.19911  86.3176  9.29072
16  2.26195  85.5946  9.25174
16  2.32478  84.2  9.17606
16  2.38761  83.7472  9.15135
16  2.45044  73.2143  8.55653
16  2.51327  74.2647  8.6177
16  2.57611  68.0556  8.24958
16  2.63894  67.8571  8.23754
16  2.70177  50  7.07107
16  2.7646  28.866  5.37271
16  2.82743  13.3333  3.65148
16  2.89027  0  0
16  2.9531  0  0
16  3.01593  0  0
16  3.07876  0  0
16.5  0  0  0
16.5  0.0628319  0  0
16.5  0.125664  0  0
16.5  0.188496  0  0
16.5  0.251327  10.6061  3.25669
16.5  0.314159  29.4118  5.42326
16.5  0.376991  55.5556  7.45356
16.5  0.439823  65.035  8.06443
16.5  0.502655  64.1304  8.00815
16.5  0.565487  73.5772  8.57772
16.5  0.628319  78.3237  8.85007
16.5  0.69115  79.5238  8.91761
16.5  0.753982  83.0088  9.11092
16.5  0.816814  85.0877  9.2243
16.5  0.879646  87.0588  9.33053
16.5  0.942478  91.3495  9.55769
16.5  1.00531  94.0695  9.69894
16.5  1.06814  94.5155  9.72191
16.5  1.13097  92.3241  9.60854
16.5  1.19381  93.1183  9.64978
16.5  1.25664  93.9394  9.69223
16.5  1.31947  95.2854  9.76142
16.5  1.3823  98.2143  9.91031
16.5  1.44513  97.5336  9.87591
16.5  1.50796  98.7835  9.93899
16.5  1.5708  99.4987  9.97491
16.5  1.63363  99.0148  9.95062
16.5  1.69646  98.5472  9.9271
16.5  1.75929  96.9309  9.84535
16.5  1.82212  95.6221  9.77866
16.5  1.88496  95.5508  9.77501
16.5  1.94779  93.4043  9.66459
16.5  2.01062  92.7165  9.62894
16.5  2.07345  90.8759  9.53289
16.5  2.13628  88.9078  9.4291
16.5  2.19911  88.125  9.38749
16.5  2.26195  87.0017  9.32747
16.5  2.32478  81.9608  9.05322
16.5  2.38761  83.6634  9.14677
16.5  2.45044  76.4706  8.74475
16.5  2.51327  73.8095  8.59125
16.5  2.57611  70.5263  8.39799
16.5  2.63894  68.2119  8.25905
16.5  2.70177  50  7.07107
16.5  2.7646  30.8642  5.55556
16.5  2.82743  11.2676  3.35673
16.5  2.89027  0  0
16.5  2.9531  0  0
16.5  3.01593  0  0
16.5  3.07876  0  0
17  0  0  0
17  0.0628319  0  0
17  0.125664  0  0
17  0.188496  0  0
17  0.251327  16.25  4.03113
17  0.314159  33.7349  5.80818
17  0.376991  57.377  7.57476
17  0.439823  61.1842  7.82203
17  0.502655  64.9289  8.05785
17  0.565487  72.4528  8.51192
17  0.628319  73.9683  8.60048
17  0.69115  80.7018  8.98342
17  0.753982  82.8413  9.10172
17  0.816814  87.3504  9.34615
17  0.879646  88.8147  9.42415
17  0.942478  90.3879  9.50725
17  1.00531  90.7843  9.52808
17  1.06814  90.7216  9.52479
17  1.13097  94.3359  9.71267
17  1.19381  94.6237  9.72747
17  1.25664  95.0249  9.74807
17  1.31947  97.397  9.86899
17  1.3823  96.9412  9.84587
17  1.44513  98.3683  9.91808
17  1.50796  99.2874  9.96431
17  1.5708  99.7549  9.98774
17  1.63363  98.2456  9.91189
17  1.69646  98.3871  9.91903
17  1.75929  95.6522  9.78019
17  1.82212  95.6916  9.78221
17  1.88496  95.5083  9.77283
17  1.94779  92.4152  9.61328
17  2.01062  94.0358  9.69721
17  2.07345  89.5954  9.46548
17  2.13628  86.3322  9.29151
17  2.19911  87.785  9.36937
17  2.26195  86.8561  9.31966
17  2.32478  85.4291  9.24279
17  2.38761  77.635  8.81107
17  2.45044  77.7049  8.81504
17  2.51327  76.3441  8.73751
17  2.57611  69.1489  8.31558
17  2.63894  59.375  7.70552
17  2.70177  52.2124  7.22581
17  2.7646  35.8025  5.98352
17  2.82743  8.10811  2.84747
17  2.89027  0  0
17  2.9531  0  0
17  3.01593  0  0
17  3.07876  0  0
17.5  0  0  0
17.5  0.0628319  0  0
17.5  0.125664  0  0
17.5  0.188496  0  0
17.5  0.251327  10.4478  3.2323
17.5  0.314159  32.3529  5.68796
17.5  0.376991  60.5839  7.78357
17.5  0.439823  62.7329  7.92041
17.5  0.502655  72.3077  8.50339
17.5  0.565487  69.962  8.36433
17.5  0.628319  76.3514  8.73793
17.5  0.69115  79.3017  8.90515
17.5  0.753982  80.1852  8.95462
17.5  0.816814  86.6432  9.30823
17.5  0.879646  87.4804  9.3531
17.5  0.942478  90.4839  9.5123
17.5  1.00531  89.7391  9.47307
17.5  1.06814  94.5841  9.72544
17.5  1.13097  94.6281  9.7277
17.5  1.19381  94.8347  9.73831
17.5  1.25664  94.5946  9.72598
17.5  1.31947  97.7728  9.88801
17.5  1.3823  96.5909  9.82807
17.5  1.44513  98.5138  9.92541
17.5  1.50796  99.7585  9.98792
17.5  1.5708  99.5546  9.9777
17.5  1.63363  99.5249  9.97622
17.5  1.69646  97.2163  9.85983
17.5  1.75929  96.6903  9.83312
17.5  1.82212  95.4327  9.76897
17.5  1.88496  94.4915  9.72068
17.5  1.94779  93.5238  9.67077
17.5  2.01062  89.3878  9.45451
17.5  2.07345  93.0147  9.64441
17.5  2.13628  89.7033  9.47118
17.5  2.19911  89.1473  9.44178
17.5  2.26195  85.0318  9.22127
17.5  2.32478  86.1057  9.27931
17.5  2.38761  78.2082  8.84354
17.5  2.45044  79.3443  8.90754
17.5  2.51327  72.1088  8.49169
17.5  2.57611  73.1183  8.55092
17.5  2.63894  66.0131  8.12484
17.5  2.70177  54.3307  7.37094
17.5  2.7646  38.9474  6.24078
17.5  2.82743  14.7059  3.83482
17.5  2.89027  0  0
17.5  2.9531  0  0
17.5  3.01593  0  0
17.5  3.07876  0  0
18  0  0  0
18  0.0628319  0  0
18  0.125664  0  0
18  0.188496  0  0
18  0.251327  14.4928  3.80693
18  0.314159  40  6.32456
18  0.376991  53.1532  7.29062
18  0.439823  66.4557  8.15204
18  0.502655  71.7593  8.47108
18  0.565487  76.2411  8.73162
18  0.628319  75.1572  8.66933
18  0.69115  80.0959  8.94963
18  0.753982  84.8816  9.21312
18  0.816814  84.007  9.16553
18  0.879646  87.415  9.3496
18  0.942478  92.3599  9.61041
18  1.00531  88.8668  9.42692
18  1.06814  93.1907  9.65353
18  1.13097  91.6844  9.5752
18  1.19381  93.9597  9.69328
18  1.25664  95.5056  9.7727
18  1.31947  97.6581  9.88221
18  1.3823  98.2143  9.91031
18  1.44513  99.2788  9.96388
18  1.50796  99  9.94987
18  1.5708  99.7753  9.98876
18  1.63363  98.3796  9.91865
18  1.69646  98.0198  9.9005
18  1.75929  96.7742  9.83739
18  1.82212  91.8794  9.58537
18  1.88496  94.1441  9.70279
18  1.94779  95.0339  9.74853
18  2.01062  91.8561  9.58416
18  2.07345  91.9192  9.58745
18  2.13628  89.1709  9.44303
18  2.19911  86.5948  9.30563
18  2.26195  85.1171  9.22589
18  2.32478  84.1912  9.17557
18  2.38761  81.6038  9.03348
18  2.45044  77.2308  8.7881
18  2.51327  75.1825  8.67078
18  2.57611  65.9574  8.12142
18  2.63894  65.1613  8.07225
18  2.70177  48.7395  6.98137
18  2.7646  44.898  6.70059
18  2.82743  16.4179  4.0519
18  2.89027  2.27273  1.50756
18  2.9531  0  0
18  3.01593  0  0
18  3.07876  0  0
18.5  0  0  0
18.5  0.0628319  0  0
18.5  0.125664  0  0
18.5  0.188496  0  0
18.5  0.251327  22.3881  4.7316
18.5  0.314159  42.4242  6.51339
18.5  0.376991  45.8333  6.77003
18.5  0.439823  60.1351  7.75468
18.5  0.502655  69.4581  8.33415
18.5  0.565487  74.5174  8.63234
18.5  0.628319  74.0625  8.60596
18.5  0.69115  81.4721  9.02619
18.5  0.753982  82.8897  9.10438
18.5  0.816814  85.342  9.23807
18.5  0.879646  83.9258  9.1611
18.5  0.942478  90.18  9.49632
18.5  1.00531  90.3704  9.50633
18.5  1.06814  91.9608  9.58962
18.5  1.13097  90.2542  9.50022
18.5  1.19381  93.578  9.67357
18.5  1.25664  95.1501  9.75449
18.5  1.31947  95.4869  9.77174
18.5  1.3823  97.3626  9.86725
18.5  1.44513  98.1524  9.90719
18.5  1.50796  99.7462  9.9873
18.5  1.5708  99.7555  9.98777
18.5  1.63363  98.4091  9.92014
18.5  1.69646  97.561  9.8773
18.5  1.75929  96.0177  9.79886
18.5  1.82212  96.9432  9.84598
18.5  1.88496  94.8347  9.73831
18.5  1.94779  92.3729  9.61108
18.5  2.01062  90.3292  9.50417
18.5  2.07345  89.5464  9.46289
18.5  2.13628  89.7993  9.47625
18.5  2.19911  87.2852  9.34266
18.5  2.26195  85.8885  9.2676
18.5  2.32478  83.953  9.16259
18.5  2.38761  83.8028  9.15439
18.5  2.45044  78.3383  8.85089
18.5  2.51327  73.2759  8.56013
18.5  2.57611  77.8846  8.82523
18.5  2.63894  63.2911  7.95557
18.5  2.70177  53.7037  7.32828
18.5  2.7646  49.5327  7.03795
18.5  2.82743  10  3.16228
18.5  2.89027  0  0
18.5  2.9531  0  0
18.5  3.01593  0  0
18.5  3.07876  0  0
19  0  0  0
19  0.0628319  0  0
19  0.125664  0  0
19  0.188496  0  0
19  0.251327  20  4.47214
19  0.314159  34.9398  5.91099
19  0.376991  55.5556  7.45356
19  0.439823  58.1006  7.62237
19  0.502655  70.1493  8.37552
19  0.565487  74.3478  8.62252
19  0.628319  77.4603  8.80115
19  0.69115  77.6722  8.81318
19  0.753982  84.0319  9.16689
19  0.816814  83.5034  9.13802
19  0.879646  87.9808  9.37981
19  0.942478  91.0596  9.54252
19  1.00531  88.7619  9.42135
19  1.06814  92.2607  9.60524
19  1.13097  94.4444  9.71825
19  1.19381  94.508  9.72152
19  1.25664  96.9095  9.84426
19  1.31947  97.1491  9.85643
19  1.3823  98.2885  9.91406
19  1.44513  98.8095  9.9403
19  1.50796  99.5215  9.97605
19  1.5708  99.1131  9.95556
19  1.63363  99.2701  9.96344
19  1.69646  97.995  9.89924
19  1.75929  95.8963  9.79267
19  1.82212  93.7778  9.68389
19  1.88496  94.617  9.72713
19  1.94779  93.2314  9.65564
19  2.01062  91.791  9.58076
19  2.07345  90.5622  9.51642
19  2.13628  88.6824  9.41714
19  2.19911  87.0759  9.33145
19  2.26195  85.5422  9.2489
19  2.32478  82.8678  9.10317
19  2.38761  79.3765  8.90935
19  2.45044  77.5  8.80341
19  2.51327  75.3846  8.68243
19  2.57611  72.4138  8.50963
19  2.63894  71.5847  8.46077
19  2.70177  60.5769  7.78312
19  2.7646  39.5833  6.29153
19  2.82743  10.1695  3.18896
19  2.89027  0  0
19  2.9531  0  0
19  3.01593  0  0
19  3.07876  0  0
19.5  0  0  0
19.5  0.0628319  0  0
19.5  0.125664  0  0
19.5  0.188496  0  0
19.5  0.251327  13.3333  3.65148
19.5  0.314159  45.7627  6.76481
19.5  0.376991  54.955  7.41316
19.5  0.439823  66.6667  8.16497
19.5  0.502655  66.5025  8.1549
19.5  0.565487  73.7069  8.58527
19.5  0.628319  79.8271  8.9346
19.5  0.69115  83.2099  9.12194
19.5  0.753982  81.6135  9.03402
19.5  0.816814  85.4369  9.24321
19.5  0.879646  87.907  9.37587
19.5  0.942478  89.6673  9.46928
19.5  1.00531  92.6782  9.62695
19.5  1.06814  89.1182  9.44024
19.5  1.13097  91.8182  9.58218
19.5  1.19381  94.2922  9.71042
19.5  1.25664  97.8448  9.89165
19.5  1.31947  95.7547  9.78543
19.5  1.3823  97.3475  9.86648
19.5  1.44513  98.2843  9.91384
19.5  1.50796  99.7475  9.98737
19.5  1.5708  99.5074  9.97534
19.5  1.63363  98.4694  9.92317
19.5  1.69646  98.5542  9.92745
19.5  1.75929  97.8402  9.89142
19.5  1.82212  93.8819  9.68927
19.5  1.88496  91.7211  9.57712
19.5  1.94779  93.6842  9.67906
19.5  2.01062  92.1569  9.59984
19.5  2.07345  91.0112  9.53998
19.5  2.13628  89.7436  9.47331
19.5  2.19911  86.927  9.32346
19.5  2.26195  84.3803  9.18588
19.5  2.32478  82.6172  9.0894
19.5  2.38761  83.2898  9.12633
19.5  2.45044  79.6296  8.92354
19.5  2.51327  72.9508  8.54113
19.5  2.57611  70.2128  8.37931
19.5  2.63894  63.871  7.99193
19.5  2.70177  62.6087  7.91257
19.5  2.7646  42.8571  6.54654
19.5  2.82743  15.4762  3.93398
19.5  2.89027  0  0
19.5  2.9531  0  0
19.5  3.01593  0  0
19.5  3.07876  0  0
20  0  0  0
20  0.0628319  0  0
20  0.125664  0  0
20  0.188496  2.17391  1.47442
20  0.251327  16.9231  4.11377
20  0.314159  38.2979  6.18853
20  0.376991  46.0938  6.78924
20  0.439823  69.1824  8.3176
20  0.502655  67.3267  8.20529
20  0.565487  74.3295  8.62146
20  0.628319  75.6906  8.70003
20  0.69115  80.8081  8.98933
20  0.753982  85.3282  9.23733
20  0.816814  88.4752  9.40612
20  0.879646  88.5217  9.4086
20  0.942478  88.9845  9.43316
20  1.00531  91.8164  9.58209
20  1.06814  93.0085  9.64409
20  1.13097  92.1325  9.59857
20  1.19381  93.8166  9.6859
20  1.25664  95.0113  9.74738
20  1.31947  96.8109  9.83925
20  1.3823  97.8723  9.89305
20  1.44513  98.8584  9.94276
20  1.50796  100  10
20  1.5708  99.4962  9.97478
20  1.63363  98.2456  9.91189
20  1.69646  99.0172  9.95074
20  1.75929  96.4206  9.8194
20  1.82212  94.4915  9.72068
20  1.88496  96.0739  9.80173
20  1.94779  92.5847  9.6221
20  2.01062  92.4453  9.61485
20  2.07345  90.9774  9.53821
20  2.13628  87.5622  9.35747
20  2.19911  87.8247  9.37148
20  2.26195  84.953  9.21699
20  2.32478  83.3671  9.13056
20  2.38761  80.4749  8.97078
20  2.45044  79.0769  8.89252
20  2.51327  76.2452  8.73185
20  2.57611  71.0526  8.42927
20  2.63894  56.8421  7.53937
20  2.70177  57.554  7.58643
20  2.7646  42  6.48074
20  2.82743  8.95522  2.99253
20  2.89027  0  0
20  2.9531  0  0
20  3.01593  0  0
20  3.07876  0  0
20.5  0  0  0
20.5  0.0628319  0  0
20.5  0.125664  0  0
20.5  0.188496  3.77358  1.94257
20.5  0.251327  17.1875  4.14578
20.5  0.314159  38.8235  6.23085
20.5  0.376991  46.6667  6.8313
20.5  0.439823  59.3333  7.70281
20.5  0.502655  68.4211  8.2717
20.5  0.565487  76.2712  8.73334
20.5  0.628319  74.2765  8.61838
20.5  0.69115  80  8.94427
20.5  0.753982  84.879  9.21298
20.5  0.816814  81.5126  9.02843
20.5  0.879646  88.48  9.40638
20.5  0.942478  89.1709  9.44303
20.5  1.00531  89.8032  9.47646
20.5  1.06814  91.3556  9.55801
20.5  1.13097  91.5464  9.56799
20.5  1.19381  93.1478  9.65131
20.5  1.25664  97.235  9.86078
20.5  1.31947  95.2164  9.75789
20.5  1.3823  96.4045  9.81858
20.5  1.44513  97.8049  9.88963
20.5  1.50796  99.4737  9.97365
20.5  1.5708  99.5294  9.97644
20.5  1.63363  98.1265  9.90588
20.5  1.69646  97.1111  9.8545
20.5  1.75929  96.0526  9.80064
20.5  1.82212  95.2484  9.75953
20.5  1.88496  94.3966  9.71579
20.5  1.94779  94.0574  9.69832
20.5  2.01062  91.8715  9.58496
20.5  2.07345  90.0188  9.48783
20.5  2.13628  91.4516  9.56303
20.5  2.19911  86.5794  9.3048
20.5  2.26195  86.6782  9.31011
20.5  2.32478  83.6694  9.1471
20.5  2.38761  81  9
20.5  2.45044  76.1905  8.72872
20.5  2.51327  73.7052  8.58517
20.5  2.57611  72.0524  8.48837
20.5  2.63894  59.375  7.70552
20.5  2.70177  62.8571  7.92825
20.5  2.7646  39.3258  6.27103
20.5  2.82743  13.2353  3.63803
20.5  2.89027  0  0
20.5  2.9531  0  0
20.5  3.01593  0  0
20.5  3.07876  0  0
21  0  0  0
21  0.0628319  0  0
21  0.125664  0  0
21  0.188496  2.17391  1.47442
21  0.251327  15.1515  3.89249
21  0.314159  41.7582  6.46206
21  0.376991  44.186  6.64726
21  0.439823  59.3985  7.70704
21  0.502655  68.9655  8.30455
21  0.565487  75.969  8.71602
21  0.628319  80.8307  8.99059
21  0.69115  82.6603  9.09177
21  0.753982  83.8207  9.15536
21  0.816814  88.6731  9.41664
21  0.879646  87.6847  9.36401
21  0.942478  89.6014  9.4658
21  1.00531  90.0901  9.49158
21  1.06814  92.9104  9.63901
21  1.13097  93.3054  9.65947
21  1.19381  95.4148  9.76805
21  1.25664  96.5278  9.82486
21  1.31947  96.5753  9.82728
21  1.3823  97.8313  9.89097
21  1.44513  98.6842  9.93399
21  1.50796  99.7561  9.9878
21  1.5708  99.5249  9.97622
21  1.63363  98.3871  9.91903
21  1.69646  97.066  9.85221
21  1.75929  95.2153  9.75783
21  1.82212  96.0784  9.80196
21  1.88496  95.3642  9.76546
21  1.94779  91.2713  9.5536
21  2.01062  93.6685  9.67825
21  2.07345  90.0952  9.49185
21  2.13628  89.8276  9.47774
21  2.19911  88.1301  9.38776
21  2.26195  87.8315  9.37185
21  2.32478  81.8356  9.0463
21  2.38761  83.3333  9.12871
21  2.45044  77.1429  8.7831
21  2.51327  73.75  8.58778
21  2.57611  65.4867  8.09239
21  2.63894  66.8605  8.17682
21  2.70177  53.7815  7.33359
21  2.7646  49.4382  7.03123
21  2.82743  20  4.47214
21  2.89027  0  0
21  2.9531  0  0
21  3.01593  0  0
21  3.07876  0  0
21.5  0  0  0
21.5  0.0628319  0  0
21.5  0.125664  0  0
21.5  0.188496  0  0
21.5  0.251327  21.0526  4.58831
21.5  0.314159  34.7826  5.89768
21.5  0.376991  58.4746  7.64687
21.5  0.439823  68.4211  8.2717
21.5  0.502655  72.5738  8.51903
21.5  0.565487  68.7783  8.29327
21.5  0.628319  79.2398  8.90167
21.5  0.69115  79.1563  8.89698
21.5  0.753982  82.7184  9.09497
21.5  0.816814  87.2666  9.34166
21.5  0.879646  86.0585  9.27677
21.5  0.942478  91.1184  9.5456
21.5  1.00531  90  9.48683
21.5  1.06814  91.0615  9.54261
21.5  1.13097  92.4949  9.61743
21.5  1.19381  94.0265  9.69673
21.5  1.25664  95.4233  9.76849
21.5  1.31947  95.2267  9.75842
21.5  1.3823  97.3747  9.86786
21.5  1.44513  98.3254  9.91591
21.5  1.50796  99.7802  9.989
21.5  1.5708  99.5025  9.97509
21.5  1.63363  98.8235  9.941
21.5  1.69646  96.8254  9.83999
21.5  1.75929  96.729  9.83509
21.5  1.82212  96.4045  9.81858
21.5  1.88496  92.389  9.61192
21.5  1.94779  92.7711  9.63177
21.5  2.01062  93.7063  9.6802
21.5  2.07345  89.0943  9.43898
21.5  2.13628  89.1798  9.4435
21.5  2.19911  89.172  9.44309
21.5  2.26195  87.1022  9.33285
21.5  2.32478  82.8125  9.10014
21.5  2.38761  79.5213  8.91747
21.5  2.45044  80.3681  8.96483
21.5  2.51327  75.7937  8.70595
21.5  2.57611  63.1313  7.94552
21.5  2.63894  62.6374  7.91438
21.5  2.70177  51.2397  7.15819
21.5  2.7646  46.3415  6.80746
21.5  2.82743  19.403  4.40488
21.5  2.89027  0  0
21.5  2.9531  0  0
21.5  3.01593  0  0
21.5  3.07876  0  0
22  0  0  0
22  0.0628319  0  0
22  0.125664  0  0
22  0.188496  0  0
22  0.251327  22.807  4.77567
22  0.314159  49.0385  7.00275
22  0.376991  54.2857  7.36788
22  0.439823  66.8712  8.17748
22  0.502655  72.8155  8.5332
22  0.565487  73.2283  8.55736
22  0.628319  76.4526  8.74372
22  0.69115  83.6493  9.146
22  0.753982  84.4523  9.18979
22  0.816814  86.7987  9.31658
22  0.879646  87.4172  9.34972
22  0.942478  91.1817  9.54891
22  1.00531  92.3232  9.6085
22  1.06814  90.7173  9.52456
22  1.13097  93.2039  9.65422
22  1.19381  93.4685  9.66791
22  1.25664  94.0133  9.69605
22  1.31947  95.0372  9.7487
22  1.3823  98.3373  9.91652
22  1.44513  98.2759  9.91342
22  1.50796  99.7712  9.98855
22  1.5708  99.1071  9.95526
22  1.63363  98.5258  9.92602
22  1.69646  96.7532  9.83632
22  1.75929  97.0075  9.84924
22  1.82212  94.7867  9.73585
22  1.88496  93.5345  9.67132
22  1.94779  92.0259  9.59301
22  2.01062  90.7298  9.52522
22  2.07345  89.8336  9.47806
22  2.13628  89.5798  9.46466
22  2.19911  86.2355  9.28631
22  2.26195  87.7256  9.3662
22  2.32478  84.879  9.21298
22  2.38761  80.7198  8.98442
22  2.45044  80.8642  8.99245
22  2.51327  73.8956  8.59625
22  2.57611  69.0058  8.30698
22  2.63894  65.493  8.09277
22  2.70177  54.4776  7.3809
22  2.7646  36.3636  6.03023
22  2.82743  21.9178  4.68165
22  2.89027  2.32558  1.52499
22  2.9531  0  0
22  3.01593  0  0
22  3.07876  0  0
22.5  0  0  0
22.5  0.0628319  0  0
22.5  0.125664  0  0
22.5  0.188496  0  0
22.5  0.251327  23.2143  4.81812
22.5  0.314159  46.2366  6.79975
22.5  0.376991  48.3871  6.95608
22.5  0.439823  61.9632  7.87167
22.5  0.502655  66.129  8.13198
22.5  0.565487  75.1969  8.67161
22.5  0.628319  77.439  8.79994
22.5  0.69115  81.3559  9.01975
22.5  0.753982  81.8548  9.04737
22.5  0.816814  85.3448  9.23823
22.5  0.879646  88.0623  9.38415
22.5  0.942478  90.1254  9.49344
22.5  1.00531  89.8876  9.48091
22.5  1.06814  91.7647  9.57939
22.5  1.13097  94.3633  9.71408
22.5  1.19381  94.9791  9.74572
22.5  1.25664  95.122  9.75305
22.5  1.31947  95.7921  9.78734
22.5  1.3823  97.7833  9.88854
22.5  1.44513  98.2143  9.91031
22.5  1.50796  99.4832  9.97413
22.5  1.5708  100  10
22.5  1.63363  97.5309  9.87577
22.5  1.69646  99.0632  9.95305
22.5  1.75929  97.7556  9.88714
22.5  1.82212  95.2991  9.76213
22.5  1.88496  93.8679  9.68855
22.5  1.94779  92.5049  9.61795
22.5  2.01062  93.501  9.66959
22.5  2.07345  92.7007  9.62812
22.5  2.13628  89.2035  9.44476
22.5  2.19911  86.9355  9.32392
22.5  2.26195  88.3013  9.39688
22.5  2.32478  85.9048  9.26848
22.5  2.38761  78.7958  8.8767
22.5  2.45044  79.5322  8.91808
22.5  2.51327  73.8776  8.59521
22.5  2.57611  70.5  8.39643
22.5  2.63894  57.8616  7.60668
22.5  2.70177  52.349  7.23526
22.5  2.7646  45.5556  6.74949
22.5  2.82743  12.6984  3.56348
22.5  2.89027  0  0
22.5  2.9531  5  2.23607
22.5  3.01593  0  0
22.5  3.07876  0  0
23  0  0  0
23  0.0628319  0  0
23  0.125664  0  0
23  0.188496  0  0
23  0.251327  19.5122  4.41726
23  0.314159  41.8605  6.46997
23  0.376991  45.082  6.71431
23  0.439823  59.7561  7.73021
23  0.502655  69.2308  8.3205
23  0.565487  72.1774  8.49573
23  0.628319  81.8713  9.04828
23  0.69115  79.9511  8.94154
23  0.753982  84.6154  9.19866
23  0.816814  83.816  9.15511
23  0.879646  87.1404  9.3349
23  0.942478  89.5726  9.46428
23  1.00531  92.0904  9.59637
23  1.06814  91.8251  9.58254
23  1.13097  93.8689  9.6886
23  1.19381  95.0324  9.74846
23  1.25664  96.8182  9.83962
23  1.31947  97.2727  9.86269
23  1.3823  97.2973  9.86394
23  1.44513  98.8235  9.941
23  1.50796  99.5392  9.97693
23  1.5708  99.7658  9.98828
23  1.63363  99.0991  9.95485
23  1.69646  97.7041  9.88454
23  1.75929  96.875  9.84251
23  1.82212  95.8637  9.791
23  1.88496  95.1883  9.75645
23  1.94779  93.2099  9.65453
23  2.01062  90.7025  9.52378
23  2.07345  92.2662  9.60553
23  2.13628  87.8893  9.37493
23  2.19911  87.6161  9.36035
23  2.26195  89.0435  9.43629
23  2.32478  80.3922  8.96617
23  2.38761  83.4568  9.13547
23  2.45044  77.9874  8.83105
23  2.51327  70.9924  8.4257
23  2.57611  68.8525  8.29774
23  2.63894  71.3376  8.44616
23  2.70177  64.5833  8.03638
23  2.7646  34.7107  5.89158
23  2.82743  19.403  4.40488
23  2.89027  0  0
23  2.9531  0  0
23  3.01593  0  0
23  3.07876  0  0
23.5  0  0  0
23.5  0.0628319  0  0
23.5  0.125664  0  0
23.5  0.188496  0  0
23.5  0.251327  14.5161  3.81
23.5  0.314159  33.3333  5.7735
23.5  0.376991  54.2373  7.3646
23.5  0.439823  61.0738  7.81497
23.5  0.502655  65.8416  8.11428
23.5  0.565487  75.7463  8.70323
23.5  0.628319  77.5701  8.80739
23.5  0.69115  81.2065  9.01146
23.5  0.753982  85.918  9.2692
23.5  0.816814  84.1918  9.17561
23.5  0.879646  88.1107  9.38673
23.5  0.942478  88.9273  9.43013
23.5  1.00531  92.7374  9.63003
23.5  1.06814  93.3723  9.66294
23.5  1.13097  92.0168  9.59254
23.5  1.19381  93.75  9.68246
23.5  1.25664  97.1014  9.85401
23.5  1.31947  95.0472  9.74921
23.5  1.3823  97.7578  9.88726
23.5  1.44513  99.115  9.95565
23.5  1.50796  99.2701  9.96344
23.5  1.5708  99.0654  9.95316
23.5  1.63363  98.3491  9.91711
23.5  1.69646  96.9388  9.84575
23.5  1.75929  96.4789  9.82237
23.5  1.82212  96.6507  9.83111
23.5  1.88496  92.8731  9.63707
23.5  1.94779  94.6746  9.73009
23.5  2.01062  92.9825  9.64274
23.5  2.07345  91.9517  9.58915
23.5  2.13628  89.8361  9.47819
23.5  2.19911  85.9967  9.27344
23.5  2.26195  83.9404  9.1619
23.5  2.32478  81.7143  9.0396
23.5  2.38761  81.3699  9.02052
23.5  2.45044  81.3754  9.02083
23.5  2.51327  72.9008  8.53819
23.5  2.57611  65.0718  8.06671
23.5  2.63894  67.7215  8.22931
23.5  2.70177  59.7122  7.72737
23.5  2.7646  44.5545  6.67491
23.5  2.82743  15.873  3.9841
23.5  2.89027  0  0
23.5  2.9531  0  0
23.5  3.01593  0  0
23.5  3.07876  0  0
24  0  0  0
24  0.0628319  0  0
24  0.125664  0  0
24  0.188496  0  0
24  0.251327  17.7419  4.21212
24  0.314159  37  6.08276
24  0.376991  61.157  7.8203
24  0.439823  61.9355  7.86991
24  0.502655  69.9531  8.36379
24  0.565487  69.0083  8.30712
24  0.628319  79.4721  8.91471
24  0.69115  79.108  8.89427
24  0.753982  83.0571  9.11357
24  0.816814  86.8078  9.31707
24  0.879646  89.4822  9.4595
24  0.942478  90.5861  9.51768
24  1.00531  90.0175  9.48776
24  1.06814  92.126  9.59823
24  1.13097  92.0879  9.59624
24  1.19381  94.9896  9.74626
24  1.25664  94.4321  9.71762
24  1.31947  96.0688  9.80147
24  1.3823  97.733  9.886
24  1.44513  99.095  9.95465
24  1.50796  99.3228  9.96608
24  1.5708  100  10
24  1.63363  97.6293  9.88075
24  1.69646  97.9112  9.89501
24  1.75929  95.7871  9.78709
24  1.82212  96.5087  9.82389
24  1.88496  94.9425  9.74385
24  1.94779  92.6923  9.62768
24  2.01062  90.8705  9.5326
24  2.07345  88.7218  9.41923
24  2.13628  90.0542  9.48969
24  2.19911  87.602  9.35959
24  2.26195  84.743  9.20559
24  2.32478  84.2308  9.17773
24  2.38761  81.0606  9.00337
24  2.45044  74.5509  8.63429
24  2.51327  66.9355  8.18141
24  2.57611  70.0483  8.36949
24  2.63894  56.875  7.54155
24  2.70177  59.3496  7.70387
24  2.7646  40.6977  6.37947
24  2.82743  21.1538  4.59933
24  2.89027  0  0
24  2.9531  0  0
24  3.01593  0  0
24  3.07876  0  0
24.5  0  0  0
24.5  0.0628319  0  0
24.5  0.125664  0  0
24.5  0.188496  0  0
24.5  0.251327  14.7541  3.84111
24.5  0.314159  37.037  6.08581
24.5  0.376991  53.3898  7.30683
24.5  0.439823  68.0272  8.24786
24.5  0.502655  65.6388  8.10178
24.5  0.565487  74.9049  8.65476
24.5  0.628319  80.0595  8.9476
24.5  0.69115  80.198  8.95533
24.5  0.753982  83.4244  9.1337
24.5  0.816814  86.9067  9.32238
24.5  0.879646  88.0126  9.3815
24.5  0.942478  91.1304  9.54623
24.5  1.00531  88.4817  9.40647
24.5  1.06814  92.471  9.61619
24.5  1.13097  90.8142  9.52965
24.5  1.19381  94.2792  9.70975
24.5  1.25664  95.8963  9.79267
24.5  1.31947  98.3173  9.91551
24.5  1.3823  97.75  9.88686
24.5  1.44513  98.9247  9.94609
24.5  1.50796  99.7717  9.98858
24.5  1.5708  99.7585  9.98792
24.5  1.63363  98.1087  9.90499
24.5  1.69646  96.4989  9.82339
24.5  1.75929  96.1098  9.80356
24.5  1.82212  94.5596  9.72418
24.5  1.88496  96.0265  9.79931
24.5  1.94779  96.0089  9.79841
24.5  2.01062  92.4272  9.61391
24.5  2.07345  90.4277  9.50935
24.5  2.13628  88.1384  9.3882
24.5  2.19911  88.6326  9.41449
24.5  2.26195  88.6139  9.41349
24.5  2.32478  83.7687  9.15252
24.5  2.38761  81.0811  9.0045
24.5  2.45044  80.5643  8.97576
24.5  2.51327  75.1004  8.66605
24.5  2.57611  72.5389  8.51697
24.5  2.63894  66.6667  8.16497
24.5  2.70177  48.7805  6.9843
24.5  2.7646  52.5  7.24569
24.5  2.82743  23.2877  4.82573
24.5  2.89027  2.43902  1.56174
24.5  2.9531  0  0
24.5  3.01593  0  0
24.5  3.07876  0  0
