2  0  0  0
2  0.0628319  0  0
2  0.125664  0  0
2  0.188496  0  0
2  0.251327  0  0
2  0.314159  0  0
2  0.376991  0  0
2  0.439823  0  0
2  0.502655  0  0
2  0.565487  0  0
2  0.628319  0  0
2  0.69115  0  0
2  0.753982  0  0
2  0.816814  0  0
2  0.879646  0  0
2  0.942478  0  0
2  1.00531  0  0
2  1.06814  0  0
2  1.13097  0  0
2  1.19381  0  0
2  1.25664  0  0
2  1.31947  0  0
2  1.3823  0  0
2  1.44513  0  0
2  1.50796  0  0
2  1.5708  0  0
2  1.63363  0  0
2  1.69646  0  0
2  1.75929  0  0
2  1.82212  0  0
2  1.88496  0  0
2  1.94779  0  0
2  2.01062  0  0
2  2.07345  0  0
2  2.13628  0  0
2  2.19911  0  0
2  2.26195  0  0
2  2.32478  0  0
2  2.38761  0  0
2  2.45044  0  0
2  2.51327  0  0
2  2.57611  0  0
2  2.63894  0  0
2  2.70177  0  0
2  2.7646  0  0
2  2.82743  0  0
2  2.89027  0  0
2  2.9531  0  0
2  3.01593  0  0
2  3.07876  0  0
3  0  0  0
3  0.0628319  0  0
3  0.125664  0  0
3  0.188496  0  0
3  0.251327  0  0
3  0.314159  0  0
3  0.376991  0  0
3  0.439823  0  0
3  0.502655  0  0
3  0.565487  0  0
3  0.628319  0  0
3  0.69115  0  0
3  0.753982  0  0
3  0.816814  0.13947  0.373457
3  0.879646  0.13459  0.366864
3  0.942478  0.275482  0.524864
3  1.00531  3.98352  1.99587
3  1.06814  18.5008  4.30126
3  1.13097  32.7119  5.71943
3  1.19381  39.6825  6.29941
3  1.25664  45.8491  6.77119
3  1.31947  52.7778  7.26483
3  1.3823  59.6078  7.72061
3  1.44513  61.2903  7.82881
3  1.50796  70.4918  8.39594
3  1.5708  66.1638  8.13411
3  1.63363  63.8723  7.99201
3  1.69646  61.7647  7.85905
3  1.75929  54.7758  7.40107
3  1.82212  48.6034  6.97161
3  1.88496  41.2963  6.42622
3  1.94779  28.3154  5.32122
3  2.01062  17.2156  4.14916
3  2.07345  4.85133  2.20257
3  2.13628  0.273973  0.523424
3  2.19911  0  0
3  2.26195  0.138889  0.372678
3  2.32478  0  0
3  2.38761  0  0
3  2.45044  0.26178  0.511645
3  2.51327  0  0
3  2.57611  0  0
3  2.63894  0  0
3  2.70177  0  0
3  2.7646  0  0
3  2.82743  0  0
3  2.89027  0  0
3  2.9531  0  0
3  3.01593  0  0
3  3.07876  0  0
4  0  0  0
4  0.0628319  0  0
4  0.125664  0  0
4  0.188496  0  0
4  0.251327  0  0
4  0.314159  0  0
4  0.376991  0  0
4  0.439823  0  0
4  0.502655  0  0
4  0.565487  0  0
4  0.628319  0.27248  0.521996
4  0.69115  0.21097  0.459315
4  0.753982  0.152207  0.390137
4  0.816814  4.57516  2.13896
4  0.879646  26.3689  5.13506
4  0.942478  50.831  7.12959
4  1.00531  68.3409  8.26686
4  1.06814  73.7097  8.58543
4  1.13097  73.0903  8.54929
4  1.19381  75.9786  8.71657
4  1.25664  78.2692  8.84699
4  1.31947  80.7547  8.98636
4  1.3823  77.7096  8.81531
4  1.44513  78.5859  8.86487
4  1.50796  83.7067  9.14914
4  1.5708  84.3564  9.18458
4  1.63363  81.9923  9.05496
4  1.69646  83.9286  9.16125
4  1.75929  82.23  9.06807
4  1.82212  78.5448  8.86255
4  1.88496  75.0436  8.66277
4  1.94779  73.0392  8.5463
4  2.01062  72.4541  8.512
4  2.07345  67.5716  8.2202
4  2.13628  49.2492  7.01778
4  2.19911  27.3842  5.23299
4  2.26195  6.25889  2.50178
4  2.32478  0  0
4  2.38761  0.20202  0.449467
4  2.45044  0  0
4  2.51327  0  0
4  2.57611  0  0
4  2.63894  0  0
4  2.70177  0  0
4  2.7646  0  0
4  2.82743  0  0
4  2.89027  0  0
4  2.9531  0  0
4  3.01593  0  0
4  3.07876  0  0
5  0  0  0
5  0.0628319  0  0
5  0.125664  0  0
5  0.188496  0  0
5  0.251327  0  0
5  0.314159  0  0
5  0.376991  0.662252  0.813788
5  0.439823  0  0
5  0.502655  0.438596  0.662266
5  0.565487  0  0
5  0.628319  0  0
5  0.69115  5.7971  2.40772
5  0.753982  31.2312  5.58849
5  0.816814  59.1489  7.69083
5  0.879646  68.3938  8.27005
5  0.942478  72.0898  8.49057
5  1.00531  78.7053  8.8716
5  1.06814  79.717  8.92844
5  1.13097  85.0085  9.22001
5  1.19381  86.3884  9.29454
5  1.25664  89.6491  9.46832
5  1.31947  90.7869  9.52822
5  1.3823  92.0408  9.59379
5  1.44513  96.9697  9.84732
5  1.50796  95.171  9.75556
5  1.5708  96.3928  9.81798
5  1.63363  93.1774  9.65284
5  1.69646  94.7858  9.7358
5  1.75929  90.9594  9.53726
5  1.82212  89.6853  9.47023
5  1.88496  88.2784  9.39566
5  1.94779  84.7985  9.20861
5  2.01062  85.3616  9.23913
5  2.07345  78.5494  8.86281
5  2.13628  72.6375  8.52276
5  2.19911  67.1795  8.19631
5  2.26195  57.9874  7.61495
5  2.32478  31.4516  5.60817
5  2.38761  3.78151  1.94461
5  2.45044  0  0
5  2.51327  0  0
5  2.57611  0  0
5  2.63894  0  0
5  2.70177  0  0
5  2.7646  0  0
5  2.82743  0  0
5  2.89027  0  0
5  2.9531  0  0
5  3.01593  0  0
5  3.07876  0  0
6  0  0  0
6  0.0628319  0  0
6  0.125664  0  0
6  0.188496  0  0
6  0.251327  0  0
6  0.314159  0  0
6  0.376991  0  0
6  0.439823  0  0
6  0.502655  0.784314  0.885615
6  0.565487  0  0
6  0.628319  10.3275  3.21364
6  0.69115  47.5309  6.89426
6  0.753982  66.2379  8.13867
6  0.816814  68.8126  8.29534
6  0.879646  77.1386  8.78286
6  0.942478  83.5391  9.13997
6  1.00531  84.5411  9.19462
6  1.06814  89.3189  9.45087
6  1.13097  91.8963  9.58625
6  1.19381  90.7638  9.527
6  1.25664  93.2358  9.65587
6  1.31947  96.6601  9.83159
6  1.3823  97.2167  9.85985
6  1.44513  97.053  9.85155
6  1.50796  97.9675  9.89785
6  1.5708  98.3425  9.91678
6  1.63363  97.451  9.87173
6  1.69646  95.8874  9.79221
6  1.75929  95.6522  9.78019
6  1.82212  93.8343  9.68681
6  1.88496  91.5194  9.56658
6  1.94779  89.8067  9.47664
6  2.01062  84.8631  9.21212
6  2.07345  85.0523  9.22238
6  2.13628  83.4543  9.13533
6  2.19911  80.2539  8.95845
6  2.26195  75.3701  8.6816
6  2.32478  64.9762  8.06078
6  2.38761  46.0606  6.7868
6  2.45044  7.14286  2.67261
6  2.51327  0.649351  0.805823
6  2.57611  0  0
6  2.63894  0  0
6  2.70177  0  0
6  2.7646  0  0
6  2.82743  0  0
6  2.89027  0  0
6  2.9531  0  0
6  3.01593  0  0
6  3.07876  0  0
7  0  0  0
7  0.0628319  0  0
7  0.125664  0  0
7  0.188496  0  0
7  0.251327  0  0
7  0.314159  1.1236  1.06
7  0.376991  0  0
7  0.439823  0.526316  0.725476
7  0.502655  0.425532  0.652328
7  0.565487  3.83387  1.95803
7  0.628319  50.6394  7.11614
7  0.69115  65.0628  8.06615
7  0.753982  74.6711  8.64124
7  0.816814  76.9231  8.77058
7  0.879646  83.0013  9.11051
7  0.942478  85.9944  9.27332
7  1.00531  90.5199  9.51419
7  1.06814  89.8827  9.48065
7  1.13097  89.9824  9.48591
7  1.19381  93.6057  9.675
7  1.25664  94.5055  9.72139
7  1.31947  95.5166  9.77326
7  1.3823  97.5309  9.87577
7  1.44513  97.1193  9.85491
7  1.50796  99.8081  9.9904
7  1.5708  99.3878  9.96934
7  1.63363  98.6381  9.93167
7  1.69646  97.4359  9.87096
7  1.75929  95.9114  9.79344
7  1.82212  95.4198  9.76831
7  1.88496  93.6479  9.67719
7  1.94779  91.9658  9.58988
7  2.01062  93.1464  9.65124
7  2.07345  90.2208  9.49846
7  2.13628  88.8235  9.42462
7  2.19911  83.727  9.15025
7  2.26195  79.6345  8.92381
7  2.32478  72.9904  8.54344
7  2.38761  63.7527  7.98453
7  2.45044  45.7801  6.7661
7  2.51327  7.28477  2.69903
7  2.57611  0.401606  0.633724
7  2.63894  1.62162  1.27343
7  2.70177  0  0
7  2.7646  0  0
7  2.82743  0  0
7  2.89027  0  0
7  2.9531  0  0
7  3.01593  100  10
7  3.07876  0  0
8  0  0  0
8  0.0628319  0  0
8  0.125664  0  0
8  0.188496  0  0
8  0.251327  1.66667  1.29099
8  0.314159  0  0
8  0.376991  1.6129  1.27
8  0.439823  1.0989  1.04828
8  0.502655  1.18577  1.08893
8  0.565487  38.3333  6.19139
8  0.628319  62.7027  7.9185
8  0.69115  69.1057  8.31298
8  0.753982  77.9967  8.83157
8  0.816814  81.1111  9.00617
8  0.879646  87.8788  9.37437
8  0.942478  85.6738  9.25601
8  1.00531  89.2508  9.44726
8  1.06814  88.2353  9.39336
8  1.13097  93.2482  9.65651
8  1.19381  93.6416  9.67686
8  1.25664  96.2825  9.81237
8  1.31947  94.1406  9.70261
8  1.3823  95.4635  9.77054
8  1.44513  98.0354  9.90128
8  1.50796  99.4083  9.97037
8  1.5708  99.5918  9.97957
8  1.63363  98.6328  9.93141
8  1.69646  97.3029  9.86422
8  1.75929  97.4074  9.86952
8  1.82212  95.01  9.74731
8  1.88496  95.4631  9.77052
8  1.94779  92.8803  9.63744
8  2.01062  90.0787  9.49098
8  2.07345  87.8419  9.3724
8  2.13628  85.6502  9.25474
8  2.19911  86.3636  9.2932
8  2.26195  83.4025  9.1325
8  2.32478  78.4571  8.8576
8  2.38761  71.8107  8.47412
8  2.45044  60.8808  7.80262
8  2.51327  35.0168  5.9175
8  2.57611  0.403226  0.635001
8  2.63894  0.537634  0.733236
8  2.70177  0  0
8  2.7646  1.41844  1.19098
8  2.82743  0  0
8  2.89027  0  0
8  2.9531  0  0
8  3.01593  0  0
8  3.07876  0  0
9  0  0  0
9  0.0628319  0  0
9  0.125664  0  0
9  0.188496  0  0
9  0.251327  0  0
9  0.314159  0  0
9  0.376991  0  0
9  0.439823  1.97044  1.40372
9  0.502655  18.7251  4.32725
9  0.565487  57.5472  7.58599
9  0.628319  65.2661  8.07874
9  0.69115  78.2787  8.84752
9  0.753982  80.4523  8.96952
9  0.816814  83.0137  9.11119
9  0.879646  85.3825  9.24027
9  0.942478  87.4339  9.35061
9  1.00531  91.25  9.55249
9  1.06814  89.9038  9.48176
9  1.13097  93.4233  9.66557
9  1.19381  94.8905  9.74118
9  1.25664  93.7618  9.68307
9  1.31947  97.556  9.87704
9  1.3823  95.5307  9.77398
9  1.44513  97.8992  9.8944
9  1.50796  99.1753  9.95868
9  1.5708  99.2233  9.96109
9  1.63363  98.7552  9.93756
9  1.69646  97.5048  9.87445
9  1.75929  96.5517  9.82607
9  1.82212  95.01  9.74731
9  1.88496  93.2292  9.65553
9  1.94779  92.8333  9.63501
9  2.01062  90.9524  9.5369
9  2.07345  90.3561  9.50558
9  2.13628  86.727  9.31273
9  2.19911  85.2865  9.23507
9  2.26195  81.9389  9.05201
9  2.32478  80.4207  8.96776
9  2.38761  77.1134  8.78142
9  2.45044  67.7686  8.23217
9  2.51327  58.3072  7.63592
9  2.57611  16.5919  4.07332
9  2.63894  3.08642  1.75682
9  2.70177  0  0
9  2.7646  0  0
9  2.82743  0  0
9  2.89027  0  0
9  2.9531  0  0
9  3.01593  0  0
9  3.07876  0  0
10  0  0  0
10  0.0628319  0  0
10  0.125664  0  0
10  0.188496  1.51515  1.23091
10  0.251327  0  0
10  0.314159  0  0
10  0.376991  0.694444  0.833333
10  0.439823  1.02564  1.01274
10  0.502655  41.6667  6.45497
10  0.565487  67.0068  8.18577
10  0.628319  73.0159  8.54493
10  0.69115  77.4793  8.80223
10  0.753982  81.1802  9.01001
10  0.816814  85.2825  9.23485
10  0.879646  86.7568  9.31433
10  0.942478  85.8726  9.26675
10  1.00531  89.3519  9.45261
10  1.06814  90.971  9.53787
10  1.13097  94.0323  9.69702
10  1.19381  93.7615  9.68305
10  1.25664  92.9078  9.63887
10  1.31947  96.5184  9.82438
10  1.3823  97.053  9.85155
10  1.44513  98.835  9.94158
10  1.50796  99.4197  9.97094
10  1.5708  99.1837  9.9591
10  1.63363  98.2979  9.91453
10  1.69646  97.0803  9.85293
10  1.75929  96.5392  9.82543
10  1.82212  95.155  9.75474
10  1.88496  93.1338  9.65059
10  1.94779  95.0427  9.74899
10  2.01062  90.7407  9.52579
10  2.07345  90.9236  9.53538
10  2.13628  89.2655  9.44804
10  2.19911  86.7021  9.3114
10  2.26195  83.1956  9.12116
10  2.32478  80.1252  8.95127
10  2.38761  74.4048  8.62582
10  2.45044  71.6381  8.46393
10  2.51327  61.5894  7.84789
10  2.57611  45.1477  6.7192
10  2.63894  1.54639  1.24354
10  2.70177  0  0
10  2.7646  0.980392  0.990148
10  2.82743  0  0
10  2.89027  0  0
10  2.9531  0  0
10  3.01593  0  0
10  3.07876  0  0
11  0  0  0
11  0.0628319  0  0
11  0.125664  0  0
11  0.188496  0  0
11  0.251327  0  0
11  0.314159  1.25  1.11803
11  0.376991  0.729927  0.854358
11  0.439823  15.544  3.94259
11  0.502655  50.6122  7.11423
11  0.565487  69.0096  8.3072
11  0.628319  73.3167  8.56252
11  0.69115  78.8671  8.88072
11  0.753982  82.4484  9.08011
11  0.816814  82.8612  9.10281
11  0.879646  85.4951  9.24636
11  0.942478  86.2069  9.28477
11  1.00531  88.3861  9.40139
11  1.06814  91.6264  9.57217
11  1.13097  91.5517  9.56827
11  1.19381  93.7853  9.68428
11  1.25664  95.0266  9.74816
11  1.31947  95.9292  9.79435
11  1.3823  97.1751  9.85775
11  1.44513  98.0545  9.90225
11  1.50796  99.7788  9.98893
11  1.5708  100  10
11  1.63363  98.6301  9.93127
11  1.69646  98.1707  9.90811
11  1.75929  96.2302  9.8097
11  1.82212  96.9589  9.84677
11  1.88496  93.5702  9.67317
11  1.94779  92.228  9.60354
11  2.01062  92.4007  9.61253
11  2.07345  91.6149  9.57157
11  2.13628  87.5  9.35414
11  2.19911  83.5341  9.1397
11  2.26195  83.4899  9.13728
11  2.32478  80.5778  8.97652
11  2.38761  77.5785  8.80786
11  2.45044  74.938  8.65667
11  2.51327  70.607  8.4028
11  2.57611  53.2189  7.29513
11  2.63894  9.67742  3.11086
11  2.70177  0  0
11  2.7646  0  0
11  2.82743  0  0
11  2.89027  0  0
11  2.9531  0  0
11  3.01593  0  0
11  3.07876  0  0
12  0  0  0
12  0.0628319  0  0
12  0.125664  0  0
12  0.188496  0  0
12  0.251327  0  0
12  0.314159  0.813008  0.90167
12  0.376991  1.3986  1.18262
12  0.439823  30.5263  5.52506
12  0.502655  57.2034  7.56329
12  0.565487  66.9725  8.18367
12  0.628319  70.2638  8.38235
12  0.69115  82.4847  9.08211
12  0.753982  81.0694  9.00385
12  0.816814  85.5263  9.24804
12  0.879646  85.8711  9.26666
12  0.942478  88.3234  9.39805
12  1.00531  90.72  9.5247
12  1.06814  90.566  9.51662
12  1.13097  93.4974  9.6694
12  1.19381  94.0141  9.69609
12  1.25664  95.0909  9.75146
12  1.31947  96.381  9.81738
12  1.3823  97.3129  9.86473
12  1.44513  98.7903  9.93933
12  1.50796  99.2793  9.9639
12  1.5708  99.3802  9.96896
12  1.63363  98.8439  9.94203
12  1.69646  96.7807  9.83772
12  1.75929  97.0472  9.85126
12  1.82212  95.922  9.79398
12  1.88496  94.3396  9.71286
12  1.94779  93.299  9.65914
12  2.01062  92.5466  9.62011
12  2.07345  89.7152  9.47181
12  2.13628  87.4631  9.35217
12  2.19911  84.3342  9.18337
12  2.26195  83.4646  9.13589
12  2.32478  81.2598  9.01442
12  2.38761  76.6739  8.75636
12  2.45044  79.9427  8.94107
12  2.51327  71.9064  8.47976
12  2.57611  53.9095  7.34231
12  2.63894  27.3196  5.22681
12  2.70177  0.584795  0.764719
12  2.7646  0  0
12  2.82743  0  0
12  2.89027  2.5  1.58114
12  2.9531  0  0
12  3.01593  0  0
12  3.07876  0  0
13  0  0  0
13  0.0628319  0  0
13  0.125664  3.33333  1.82574
13  0.188496  0  0
13  0.251327  0  0
13  0.314159  0  0
13  0.376991  3.20513  1.79029
13  0.439823  43.0769  6.5633
13  0.502655  59.1837  7.69309
13  0.565487  65.3722  8.08531
13  0.628319  74.4361  8.62764
13  0.69115  78.6561  8.86883
13  0.753982  81.9063  9.05021
13  0.816814  84.0164  9.16605
13  0.879646  87.3973  9.34865
13  0.942478  90.3272  9.50406
13  1.00531  90.1082  9.49253
13  1.06814  89.8574  9.47931
13  1.13097  93.311  9.65976
13  1.19381  95.1493  9.75445
13  1.25664  95.2381  9.759
13  1.31947  95.8724  9.79145
13  1.3823  96.8224  9.83984
13  1.44513  98.8189  9.94077
13  1.50796  98.8212  9.94089
13  1.5708  99.7881  9.9894
13  1.63363  98.2283  9.91102
13  1.69646  96.6  9.82853
13  1.75929  96.9424  9.84594
13  1.82212  95.6284  9.77898
13  1.88496  93.1159  9.64966
13  1.94779  93.2605  9.65715
13  2.01062  90.88  9.5331
13  2.07345  89.4488  9.45774
13  2.13628  87.5375  9.35615
13  2.19911  88.0674  9.38443
13  2.26195  83.6158  9.14417
13  2.32478  82.9653  9.10853
13  2.38761  79.7468  8.93011
13  2.45044  79.1667  8.89757
13  2.51327  69.6875  8.3479
13  2.57611  61.5686  7.84657
13  2.63894  42.9379  6.5527
13  2.70177  3.63636  1.90693
13  2.7646  0.819672  0.905357
13  2.82743  0  0
13  2.89027  0  0
13  2.9531  0  0
13  3.01593  0  0
13  3.07876  100  10
14  0  0  0
14  0.0628319  0  0
14  0.125664  0  0
14  0.188496  0  0
14  0.251327  0  0
14  0.314159  1.96078  1.40028
14  0.376991  8.59375  2.93151
14  0.439823  50  7.07107
14  0.502655  60.7306  7.79298
14  0.565487  71.8543  8.47669
14  0.628319  75.5208  8.69027
14  0.69115  80.5556  8.97527
14  0.753982  81.5661  9.03139
14  0.816814  84.6154  9.19866
14  0.879646  87.0394  9.32949
14  0.942478  89.4217  9.45631
14  1.00531  88.5845  9.41193
14  1.06814  89.0344  9.4358
14  1.13097  93.1034  9.64901
14  1.19381  95.2145  9.75779
14  1.25664  96.2366  9.81002
14  1.31947  95.102  9.75203
14  1.3823  98.6434  9.93194
14  1.44513  98.0973  9.90441
14  1.50796  99.0724  9.95351
14  1.5708  98.3773  9.91853
14  1.63363  98.4095  9.92016
14  1.69646  97.8805  9.89346
14  1.75929  95.9559  9.79571
14  1.82212  95.2294  9.75855
14  1.88496  95.1987  9.75698
14  1.94779  92.0962  9.59668
14  2.01062  90.5245  9.51444
14  2.07345  88.764  9.42147
14  2.13628  89.3531  9.45268
14  2.19911  87.4494  9.35144
14  2.26195  83.6242  9.14462
14  2.32478  80.6647  8.98135
14  2.38761  78.5425  8.86242
14  2.45044  78.5714  8.86405
14  2.51327  71.8182  8.47456
14  2.57611  65.9091  8.11844
14  2.63894  50.2513  7.08881
14  2.70177  10.0775  3.17451
14  2.7646  1.66667  1.29099
14  2.82743  0  0
14  2.89027  0  0
14  2.9531  0  0
14  3.01593  0  0
14  3.07876  0  0
15  0  0  0
15  0.0628319  0  0
15  0.125664  0  0
15  0.188496  0  0
15  0.251327  1.42857  1.19523
15  0.314159  0  0
15  0.376991  24.3243  4.93197
15  0.439823  51.8349  7.19964
15  0.502655  65  8.06226
15  0.565487  76.6234  8.75348
15  0.628319  73.1903  8.55514
15  0.69115  81.4318  9.02396
15  0.753982  83.9344  9.16157
15  0.816814  85.1701  9.22876
15  0.879646  86.0202  9.2747
15  0.942478  88.8567  9.42638
15  1.00531  89.4246  9.45646
15  1.06814  91.7609  9.57919
15  1.13097  92.9091  9.63894
15  1.19381  94.8365  9.7384
15  1.25664  95.0998  9.75191
15  1.31947  95.7831  9.78689
15  1.3823  95.8848  9.79208
15  1.44513  99.4083  9.97037
15  1.50796  99.375  9.9687
15  1.5708  99.6063  9.9803
15  1.63363  99.4393  9.97192
15  1.69646  96.9582  9.84673
15  1.75929  97.1429  9.85611
15  1.82212  97.351  9.86666
15  1.88496  93.945  9.69252
15  1.94779  91.5921  9.57038
15  2.01062  92.775  9.63198
15  2.07345  88.8722  9.4272
15  2.13628  86.5185  9.30153
15  2.19911  86.5806  9.30487
15  2.26195  80.7278  8.98486
15  2.32478  82.2188  9.06746
15  2.38761  78.33  8.85042
15  2.45044  75.3425  8.68
15  2.51327  72.7564  8.52974
15  2.57611  63.981  7.99882
15  2.63894  52.6316  7.25476
15  2.70177  17.2619  4.15474
15  2.7646  0.952381  0.9759
15  2.82743  1.69492  1.30189
15  2.89027  0  0
15  2.9531  0  0
15  3.01593  0  0
15  3.07876  0  0
16  0  0  0
16  0.0628319  0  0
16  0.125664  0  0
16  0.188496  1.53846  1.24035
16  0.251327  0  0
16  0.314159  0  0
16  0.376991  24.359  4.93548
16  0.439823  51.5306  7.17848
16  0.502655  63.5193  7.9699
16  0.565487  69.2063  8.31904
16  0.628319  77.0492  8.77777
16  0.69115  80.5328  8.97401
16  0.753982  81.0559  9.00311
16  0.816814  86.7872  9.31597
16  0.879646  86.3881  9.29452
16  0.942478  89.1207  9.44038
16  1.00531  91.6667  9.57427
16  1.06814  91.4333  9.56208
16  1.13097  92.3461  9.60969
16  1.19381  94.3715  9.7145
16  1.25664  95.5437  9.77464
16  1.31947  97.1857  9.85828
16  1.3823  98.2249  9.91085
16  1.44513  97.8402  9.89142
16  1.50796  99.0138  9.95057
16  1.5708  99.435  9.97171
16  1.63363  98.8848  9.94408
16  1.69646  97.7597  9.88735
16  1.75929  96.4945  9.82316
16  1.82212  96.8519  9.84133
16  1.88496  94.7276  9.73281
16  1.94779  93.75  9.68246
16  2.01062  93.2874  9.65854
16  2.07345  88.854  9.42624
16  2.13628  87.3259  9.34483
16  2.19911  87.3278  9.34494
16  2.26195  86.2719  9.28827
16  2.32478  80.3571  8.96421
16  2.38761  77.2152  8.78722
16  2.45044  72.3684  8.50696
16  2.51327  73.2673  8.55963
16  2.57611  62.7049  7.91864
16  2.63894  57.0755  7.55483
16  2.70177  23.8806  4.88678
16  2.7646  0  0
16  2.82743  1.36986  1.17041
16  2.89027  0  0
16  2.9531  0  0
16  3.01593  0  0
16  3.07876  0  0
17  0  0  0
17  0.0628319  0  0
17  0.125664  0  0
17  0.188496  0  0
17  0.251327  0  0
17  0.314159  0.847458  0.920575
17  0.376991  32.4503  5.69652
17  0.439823  63.3166  7.95717
17  0.502655  66.1088  8.13073
17  0.565487  70.3448  8.38718
17  0.628319  77.0992  8.78062
17  0.69115  83.1373  9.11796
17  0.753982  83.1731  9.11993
17  0.816814  85.1695  9.22873
17  0.879646  85.1662  9.22856
17  0.942478  89  9.43398
17  1.00531  88.9197  9.42972
17  1.06814  91.4573  9.56333
17  1.13097  93.1389  9.65085
17  1.19381  94.087  9.69984
17  1.25664  94.8399  9.73858
17  1.31947  96.4851  9.82268
17  1.3823  98.5772  9.92861
17  1.44513  98.1744  9.9083
17  1.50796  99.5927  9.97961
17  1.5708  98.5772  9.92861
17  1.63363  97.6608  9.88235
17  1.69646  97.5285  9.87565
17  1.75929  96.5932  9.82818
17  1.82212  94.3119  9.71143
17  1.88496  93.5764  9.67349
17  1.94779  93.5368  9.67144
17  2.01062  94.8553  9.73937
17  2.07345  88.8235  9.42462
17  2.13628  86.963  9.32539
17  2.19911  85.5007  9.24666
17  2.26195  83.9456  9.16218
17  2.32478  82.4561  9.08054
17  2.38761  78.5714  8.86405
17  2.45044  78.744  8.87378
17  2.51327  75  8.66025
17  2.57611  64.0167  8.00105
17  2.63894  56.6138  7.52421
17  2.70177  30.1724  5.49294
17  2.7646  2  1.41421
17  2.82743  1.21951  1.10432
17  2.89027  0  0
17  2.9531  0  0
17  3.01593  0  0
17  3.07876  0  0
18  0  0  0
18  0.0628319  0  0
18  0.125664  0  0
18  0.188496  0  0
18  0.251327  0  0
18  0.314159  2.17391  1.47442
18  0.376991  43.4211  6.58947
18  0.439823  61.0811  7.81544
18  0.502655  61.9658  7.87184
18  0.565487  70.3947  8.39016
18  0.628319  73.3333  8.56349
18  0.69115  78.8423  8.87932
18  0.753982  82.7372  9.096
18  0.816814  84.6154  9.19866
18  0.879646  85.4881  9.24598
18  0.942478  88.3688  9.40047
18  1.00531  90.5632  9.51647
18  1.06814  90.5172  9.51405
18  1.13097  93.4783  9.66842
18  1.19381  93.6688  9.67827
18  1.25664  95.6204  9.77857
18  1.31947  96.2687  9.81166
18  1.3823  97.9633  9.89764
18  1.44513  98.2726  9.91325
18  1.50796  99.3915  9.96953
18  1.5708  99.8054  9.99027
18  1.63363  98.6842  9.93399
18  1.69646  98.6965  9.93461
18  1.75929  96.9574  9.8467
18  1.82212  95.825  9.78903
18  1.88496  95.3668  9.76559
18  1.94779  91.4089  9.5608
18  2.01062  91.5141  9.5663
18  2.07345  89.8649  9.47971
18  2.13628  87.8116  9.37079
18  2.19911  83.6735  9.14732
18  2.26195  83.3559  9.12994
18  2.32478  81.8182  9.04534
18  2.38761  78.1182  8.83845
18  2.45044  79.2683  8.90327
18  2.51327  66.5653  8.15876
18  2.57611  68.3486  8.26732
18  2.63894  57.6271  7.59125
18  2.70177  47.6562  6.90335
18  2.7646  6.66667  2.58199
18  2.82743  1.20482  1.09764
18  2.89027  0  0
18  2.9531  0  0
18  3.01593  0  0
18  3.07876  0  0
19  0  0  0
19  0.0628319  0  0
19  0.125664  0  0
19  0.188496  0  0
19  0.251327  0  0
19  0.314159  8.77193  2.96174
19  0.376991  37.1257  6.09309
19  0.439823  61.2022  7.82318
19  0.502655  61.7188  7.85613
19  0.565487  69.1489  8.31558
19  0.628319  72.2628  8.50075
19  0.69115  76.4706  8.74475
19  0.753982  84.1167  9.17152
19  0.816814  86.1073  9.2794
19  0.879646  85.0267  9.22099
19  0.942478  89.3004  9.44989
19  1.00531  89.5706  9.46417
19  1.06814  92.8571  9.63624
19  1.13097  93.2384  9.65601
19  1.19381  93.2624  9.65725
19  1.25664  96.337  9.81514
19  1.31947  95.6522  9.78019
19  1.3823  98.4344  9.92141
19  1.44513  98.2178  9.91049
19  1.50796  99.7955  9.98977
19  1.5708  100  10
19  1.63363  98.1203  9.90557
19  1.69646  98.7611  9.93786
19  1.75929  96.6203  9.82956
19  1.82212  94.7471  9.73381
19  1.88496  94.2004  9.70569
19  1.94779  94.198  9.70556
19  2.01062  91.7492  9.57858
19  2.07345  90.228  9.49884
19  2.13628  88.3065  9.39715
19  2.19911  87.0504  9.33008
19  2.26195  82.3607  9.07528
19  2.32478  84.9379  9.21618
19  2.38761  80.0425  8.94665
19  2.45044  75.4569  8.68659
19  2.51327  75.5245  8.69048
19  2.57611  68.2243  8.2598
19  2.63894  59.3407  7.70329
19  2.70177  36.25  6.0208
19  2.7646  6.55738  2.56074
19  2.82743  3.125  1.76777
19  2.89027  0  0
19  2.9531  0  0
19  3.01593  0  0
19  3.07876  0  0
20  0  0  0
20  0.0628319  0  0
20  0.125664  0  0
20  0.188496  0  0
20  0.251327  0  0
20  0.314159  8.57143  2.9277
20  0.376991  45.098  6.71551
20  0.439823  61.5789  7.84723
20  0.502655  63.1336  7.94567
20  0.565487  77.2881  8.79137
20  0.628319  77.0083  8.77544
20  0.69115  81.7658  9.04245
20  0.753982  85.0242  9.22085
20  0.816814  85.346  9.23829
20  0.879646  88.2273  9.39294
20  0.942478  88.5638  9.41084
20  1.00531  90.3904  9.50739
20  1.06814  92.9022  9.63858
20  1.13097  93.1579  9.65183
20  1.19381  93.0796  9.64778
20  1.25664  95.6436  9.77975
20  1.31947  97.5518  9.87683
20  1.3823  97.1591  9.85693
20  1.44513  98.3673  9.91803
20  1.50796  99.8211  9.99105
20  1.5708  99.6296  9.98146
20  1.63363  98.2387  9.91155
20  1.69646  97.2015  9.85908
20  1.75929  94.6768  9.7302
20  1.82212  93.9929  9.695
20  1.88496  93.9823  9.69445
20  1.94779  93.4397  9.66642
20  2.01062  92.2581  9.60511
20  2.07345  90.6728  9.52223
20  2.13628  87.5698  9.35788
20  2.19911  86.4407  9.29735
20  2.26195  85.4342  9.24306
20  2.32478  81.3534  9.01961
20  2.38761  81.0916  9.00509
20  2.45044  74.3655  8.62354
20  2.51327  67.9245  8.24163
20  2.57611  68.3824  8.26936
20  2.63894  61.7143  7.85584
20  2.70177  43.0657  6.56245
20  2.7646  9.375  3.06186
20  2.82743  0  0
20  2.89027  0  0
20  2.9531  0  0
20  3.01593  0  0
20  3.07876  0  0
21  0  0  0
21  0.0628319  0  0
21  0.125664  0  0
21  0.188496  0  0
21  0.251327  1.16279  1.07833
21  0.314159  7.82609  2.79751
21  0.376991  38.4615  6.20174
21  0.439823  55.0265  7.41798
21  0.502655  70.9091  8.42075
21  0.565487  69.8675  8.35868
21  0.628319  73.4807  8.57209
21  0.69115  80.2303  8.95714
21  0.753982  83.4025  9.1325
21  0.816814  84.8693  9.21245
21  0.879646  89.3243  9.45115
21  0.942478  88.4097  9.40264
21  1.00531  90.5185  9.51412
21  1.06814  91.6667  9.57427
21  1.13097  93.4891  9.66898
21  1.19381  95.3959  9.76708
21  1.25664  93.5662  9.67296
21  1.31947  96.9524  9.84644
21  1.3823  98.8095  9.9403
21  1.44513  99.5789  9.97893
21  1.50796  99.2537  9.96262
21  1.5708  98.7578  9.93769
21  1.63363  98.4  9.91968
21  1.69646  96.737  9.8355
21  1.75929  97.3978  9.86903
21  1.82212  95.0178  9.74771
21  1.88496  94.0035  9.69554
21  1.94779  93.6953  9.67963
21  2.01062  91.933  9.58817
21  2.07345  89.771  9.47476
21  2.13628  90.4891  9.51258
21  2.19911  85.5453  9.24907
21  2.26195  84.626  9.19924
21  2.32478  84.1244  9.17193
21  2.38761  80.5492  8.97492
21  2.45044  73.9946  8.60201
21  2.51327  73.5786  8.5778
21  2.57611  63.913  7.99456
21  2.63894  53.6458  7.32433
21  2.70177  43.871  6.62352
21  2.7646  18.9655  4.35494
21  2.82743  0  0
21  2.89027  0  0
21  2.9531  0  0
21  3.01593  0  0
21  3.07876  0  0
22  0  0  0
22  0.0628319  0  0
22  0.125664  0  0
22  0.188496  0  0
22  0.251327  0  0
22  0.314159  20.1923  4.49359
22  0.376991  48.7013  6.97863
22  0.439823  69.0058  8.30698
22  0.502655  62.7119  7.91908
22  0.565487  70.1493  8.37552
22  0.628319  79.81  8.93364
22  0.69115  82.2176  9.06739
22  0.753982  82.009  9.05588
22  0.816814  85.1093  9.22547
22  0.879646  89.3443  9.45221
22  0.942478  89.8403  9.47841
22  1.00531  90.7668  9.52716
22  1.06814  90.7051  9.52392
22  1.13097  91.7544  9.57885
22  1.19381  95.9847  9.79718
22  1.25664  94.6215  9.72736
22  1.31947  96.3768  9.81717
22  1.3823  97.7401  9.88636
22  1.44513  97.1537  9.85666
22  1.50796  100  10
22  1.5708  99.812  9.9906
22  1.63363  98.8304  9.94135
22  1.69646  97.5758  9.87804
22  1.75929  97.006  9.84916
22  1.82212  95.2128  9.7577
22  1.88496  93.0973  9.6487
22  1.94779  91.1817  9.54891
22  2.01062  92.1222  9.59803
22  2.07345  87.9389  9.37758
22  2.13628  89.2265  9.44598
22  2.19911  88.9959  9.43376
22  2.26195  87.0199  9.32844
22  2.32478  82.5371  9.08499
22  2.38761  78.8  8.87694
22  2.45044  81.2139  9.01187
22  2.51327  75.3994  8.68328
22  2.57611  68.254  8.2616
22  2.63894  62.9213  7.9323
22  2.70177  48.7179  6.97982
22  2.7646  17.3913  4.17029
22  2.82743  1.36986  1.17041
22  2.89027  0  0
22  2.9531  0  0
22  3.01593  0  0
22  3.07876  0  0
23  0  0  0
23  0.0628319  0  0
23  0.125664  0  0
23  0.188496  0  0
23  0.251327  0  0
23  0.314159  19.5122  4.41726
23  0.376991  45.7831  6.76632
23  0.439823  59.893  7.73906
23  0.502655  69.2308  8.3205
23  0.565487  76.7361  8.75992
23  0.628319  75.7256  8.70205
23  0.69115  77.0713  8.77903
23  0.753982  81.2199  9.01221
23  0.816814  84.8601  9.21195
23  0.879646  88.0403  9.38298
23  0.942478  87.9167  9.37639
23  1.00531  88.9894  9.43342
23  1.06814  91.9485  9.58898
23  1.13097  91.3043  9.55533
23  1.19381  93.4334  9.6661
23  1.25664  93.7618  9.68307
23  1.31947  94.9153  9.74245
23  1.3823  98.0952  9.9043
23  1.44513  98.778  9.93871
23  1.50796  99.4455  9.97224
23  1.5708  99.6109  9.98053
23  1.63363  97.9911  9.89904
23  1.69646  97.2119  9.85961
23  1.75929  96.9925  9.84848
23  1.82212  95.4717  9.77096
23  1.88496  94.717  9.73226
23  1.94779  94.4751  9.71983
23  2.01062  94.7867  9.73585
23  2.07345  90.3374  9.5046
23  2.13628  89.4203  9.45623
23  2.19911  85.5355  9.24854
23  2.26195  86.5412  9.30275
23  2.32478  82  9.05539
23  2.38761  76.3052  8.73529
23  2.45044  79.1444  8.89631
23  2.51327  72.9642  8.54191
23  2.57611  65.2  8.07465
23  2.63894  52.4324  7.24102
23  2.70177  52.0661  7.21569
23  2.7646  19.5652  4.42326
23  2.82743  0  0
23  2.89027  0  0
23  2.9531  0  0
23  3.01593  0  0
23  3.07876  0  0
24  0  0  0
24  0.0628319  0  0
24  0.125664  0  0
24  0.188496  0  0
24  0.251327  0  0
24  0.314159  19.8198  4.45195
24  0.376991  51.8293  7.19925
24  0.439823  62.0879  7.87959
24  0.502655  69.4561  8.33403
24  0.565487  78.0488  8.83452
24  0.628319  78.8204  8.87808
24  0.69115  78.2178  8.84408
24  0.753982  84.1322  9.17236
24  0.816814  85.3107  9.23638
24  0.879646  86.9146  9.3228
24  0.942478  88.0165  9.38171
24  1.00531  90.7046  9.5239
24  1.06814  91.0299  9.54096
24  1.13097  92.3478  9.60978
24  1.19381  94.4238  9.71719
24  1.25664  94.5312  9.72272
24  1.31947  96.4948  9.82318
24  1.3823  97.619  9.88024
24  1.44513  98.9817  9.94895
24  1.50796  99.7904  9.98951
24  1.5708  99.6055  9.98026
24  1.63363  98.5507  9.92727
24  1.69646  97.3384  9.86602
24  1.75929  96.6736  9.83227
24  1.82212  94  9.69536
24  1.88496  93.9002  9.69021
24  1.94779  92.8322  9.63495
24  2.01062  91.4931  9.5652
24  2.07345  90.7668  9.52716
24  2.13628  90.7303  9.52525
24  2.19911  89.0671  9.43753
24  2.26195  86.6152  9.30673
24  2.32478  83.4633  9.13583
24  2.38761  79.7571  8.93068
24  2.45044  80.1609  8.95326
24  2.51327  76.4085  8.74119
24  2.57611  67.0732  8.18982
24  2.63894  57.4879  7.58208
24  2.70177  44.0559  6.63747
24  2.7646  25.2427  5.02421
24  2.82743  0  0
24  2.89027  0  0
24  2.9531  0  0
24  3.01593  0  0
24  3.07876  0  0
25  0  0  0
25  0.0628319  0  0
25  0.125664  0  0
25  0.188496  0  0
25  0.251327  0  0
25  0.314159  26.1261  5.11137
25  0.376991  55.2448  7.43268
25  0.439823  62.8415  7.92726
25  0.502655  67.5182  8.21695
25  0.565487  71.5232  8.45714
25  0.628319  76.5957  8.7519
25  0.69115  79.6296  8.92354
25  0.753982  80.8581  8.99211
25  0.816814  84.1033  9.17078
25  0.879646  88.2603  9.39469
25  0.942478  90.0838  9.49125
25  1.00531  89.2206  9.44566
25  1.06814  92.7959  9.63306
25  1.13097  93.3333  9.66092
25  1.19381  94.4345  9.71774
25  1.25664  94.0433  9.69759
25  1.31947  96.737  9.8355
25  1.3823  97.5048  9.87445
25  1.44513  98.5348  9.92647
25  1.50796  99.2453  9.96219
25  1.5708  99.2593  9.96289
25  1.63363  98.8528  9.94247
25  1.69646  97.8304  9.89092
25  1.75929  95.2199  9.75807
25  1.82212  96.4286  9.81981
25  1.88496  96.7033  9.83378
25  1.94779  92.6702  9.62653
25  2.01062  91.4894  9.56501
25  2.07345  88.0916  9.38571
25  2.13628  88.8208  9.42448
25  2.19911  85.174  9.22897
25  2.26195  86.5937  9.30557
25  2.32478  81.1897  9.01053
25  2.38761  78.8845  8.88169
25  2.45044  77.5956  8.80884
25  2.51327  75.1678  8.66994
25  2.57611  67.1815  8.19643
25  2.63894  69  8.30662
25  2.70177  48.1481  6.93889
25  2.7646  30.8333  5.55278
25  2.82743  0  0
25  2.89027  0  0
25  2.9531  0  0
25  3.01593  0  0
25  3.07876  0  0
26  0  0  0
26  0.0628319  0  0
26  0.125664  0  0
26  0.188496  0  0
26  0.251327  3.61446  1.90117
26  0.314159  28.1818  5.30866
26  0.376991  50  7.07107
26  0.439823  63.0769  7.9421
26  0.502655  64.1921  8.012
26  0.565487  71.0611  8.42977
26  0.628319  74.6606  8.64064
26  0.69115  80.3719  8.96504
26  0.753982  82.7844  9.0986
26  0.816814  83.7027  9.14892
26  0.879646  86.8644  9.32011
26  0.942478  88.0918  9.38572
26  1.00531  90.8832  9.53327
26  1.06814  91.0017  9.53948
26  1.13097  93.5065  9.66988
26  1.19381  93.5424  9.67173
26  1.25664  95.7627  9.78584
26  1.31947  96.7742  9.83739
26  1.3823  97.3025  9.8642
26  1.44513  97.7366  9.88618
26  1.50796  99.8077  9.99038
26  1.5708  99.0654  9.95316
26  1.63363  99  9.94987
26  1.69646  97.8846  9.89367
26  1.75929  96.0861  9.80235
26  1.82212  95.9615  9.796
26  1.88496  93.2773  9.65802
26  1.94779  93.6275  9.67613
26  2.01062  91.0938  9.5443
26  2.07345  91.2202  9.55093
26  2.13628  88.9041  9.4289
26  2.19911  89.1117  9.4399
26  2.26195  82.3444  9.07438
26  2.32478  81.76  9.04212
26  2.38761  78.6389  8.86786
26  2.45044  78.2051  8.84337
26  2.51327  75  8.66025
26  2.57611  67.1875  8.1968
26  2.63894  60.2151  7.75984
26  2.70177  50.3759  7.0976
26  2.7646  32.9897  5.74367
26  2.82743  0  0
26  2.89027  0  0
26  2.9531  0  0
26  3.01593  0  0
26  3.07876  0  0
27  0  0  0
27  0.0628319  0  0
27  0.125664  0  0
27  0.188496  0  0
27  0.251327  1.28205  1.13228
27  0.314159  25.7143  5.07093
27  0.376991  53.7313  7.33017
27  0.439823  59.116  7.68869
27  0.502655  64.1593  8.00995
27  0.565487  71.7949  8.47319
27  0.628319  79.6117  8.92254
27  0.69115  81.761  9.04218
27  0.753982  81.6879  9.03814
27  0.816814  86.6667  9.30949
27  0.879646  83.7517  9.15159
27  0.942478  88.7143  9.41883
27  1.00531  90.7524  9.5264
27  1.06814  90.1528  9.49488
27  1.13097  94.0966  9.70034
27  1.19381  93.3092  9.65967
27  1.25664  95.9184  9.79379
27  1.31947  96.2766  9.81206
27  1.3823  98.5801  9.92875
27  1.44513  98.4466  9.92203
27  1.50796  99.8043  9.99021
27  1.5708  99.0253  9.95115
27  1.63363  99.1753  9.95868
27  1.69646  97.0238  9.85007
27  1.75929  96.6  9.82853
27  1.82212  96.374  9.81703
27  1.88496  95.9484  9.79533
27  1.94779  90.9864  9.53868
27  2.01062  90.9091  9.53463
27  2.07345  90.7875  9.52825
27  2.13628  91.0384  9.5414
27  2.19911  88.785  9.42258
27  2.26195  83.4512  9.13516
27  2.32478  82.6866  9.09322
27  2.38761  81.0547  9.00304
27  2.45044  77.7215  8.81598
27  2.51327  72.7848  8.5314
27  2.57611  67.8733  8.23853
27  2.63894  56.3953  7.50968
27  2.70177  56.5517  7.52009
27  2.7646  29.6875  5.44862
27  2.82743  1.38889  1.17851
27  2.89027  0  0
27  2.9531  0  0
27  3.01593  0  0
27  3.07876  0  0
28  0  0  0
28  0.0628319  0  0
28  0.125664  0  0
28  0.188496  0  0
28  0.251327  1.38889  1.17851
28  0.314159  36.2069  6.01722
28  0.376991  49.2857  7.02038
28  0.439823  57.3604  7.57367
28  0.502655  66.4122  8.14937
28  0.565487  76.8519  8.76652
28  0.628319  74.3003  8.61976
28  0.69115  78.6408  8.86796
28  0.753982  84.9758  9.21823
28  0.816814  84.7167  9.20417
28  0.879646  87.664  9.36291
28  0.942478  88.9561  9.43166
28  1.00531  91.2621  9.55312
28  1.06814  91.0774  9.54345
28  1.13097  94.4938  9.72079
28  1.19381  94.7099  9.7319
28  1.25664  95.7486  9.78512
28  1.31947  96.6038  9.82872
28  1.3823  97.6923  9.88394
28  1.44513  98.9627  9.948
28  1.50796  99.7967  9.98983
28  1.5708  99.0584  9.95281
28  1.63363  98.9189  9.9458
28  1.69646  97.2387  9.86097
28  1.75929  96.748  9.83605
28  1.82212  97.0037  9.84905
28  1.88496  93.6685  9.67825
28  1.94779  95.2548  9.75986
28  2.01062  93.1553  9.6517
28  2.07345  89.5105  9.461
28  2.13628  88.2188  9.39249
28  2.19911  87.3984  9.34871
28  2.26195  85.4571  9.2443
28  2.32478  85.5422  9.2489
28  2.38761  80.4928  8.97178
28  2.45044  76.8657  8.76731
28  2.51327  67.8125  8.23483
28  2.57611  64.7773  8.04844
28  2.63894  61.4943  7.84183
28  2.70177  44.0994  6.64074
28  2.7646  34.8485  5.90326
28  2.82743  0  0
28  2.89027  0  0
28  2.9531  0  0
28  3.01593  0  0
28  3.07876  0  0
29  0  0  0
29  0.0628319  0  0
29  0.125664  0  0
29  0.188496  0  0
29  0.251327  4  2
29  0.314159  21.0938  4.59279
29  0.376991  48.5714  6.96932
29  0.439823  60.5505  7.78142
29  0.502655  68.4211  8.2717
29  0.565487  70.068  8.37066
29  0.628319  75.4011  8.68338
29  0.69115  79.9189  8.93974
29  0.753982  82.4302  9.07911
29  0.816814  85.2573  9.23349
29  0.879646  86.8176  9.31759
29  0.942478  89.2608  9.44779
29  1.00531  90.6648  9.52181
29  1.06814  91.2621  9.55312
29  1.13097  92.5347  9.6195
29  1.19381  95.5882  9.77692
29  1.25664  94.8767  9.74047
29  1.31947  95.3654  9.76552
29  1.3823  98.0565  9.90235
29  1.44513  97.9798  9.89847
29  1.50796  99.6146  9.98071
29  1.5708  98.5567  9.92757
29  1.63363  99.1561  9.95772
29  1.69646  96.4015  9.81843
29  1.75929  97.3118  9.86468
29  1.82212  96.1759  9.80693
29  1.88496  92.9236  9.63969
29  1.94779  92.6874  9.62743
29  2.01062  93.1854  9.65326
29  2.07345  89.3023  9.44999
29  2.13628  88.6167  9.41365
29  2.19911  87.483  9.35323
29  2.26195  85.6346  9.2539
29  2.32478  83.2288  9.12298
29  2.38761  78.8054  8.87724
29  2.45044  77.6119  8.80976
29  2.51327  74.1538  8.61126
29  2.57611  63.3333  7.95822
29  2.63894  61.6667  7.85281
29  2.70177  50.7246  7.12212
29  2.7646  32.2581  5.67962
29  2.82743  3.65854  1.91273
29  2.89027  0  0
29  2.9531  0  0
29  3.01593  0  0
29  3.07876  0  0
30  0  0  0
30  0.0628319  0  0
30  0.125664  0  0
30  0.188496  1.69492  1.30189
30  0.251327  1.26582  1.12509
30  0.314159  35.5556  5.96285
30  0.376991  51.9084  7.20475
30  0.439823  66.4835  8.15374
30  0.502655  68.6441  8.28517
30  0.565487  73.8676  8.59463
30  0.628319  79.4643  8.91427
30  0.69115  80.5785  8.97655
30  0.753982  81.4815  9.02671
30  0.816814  85.4467  9.24374
30  0.879646  87.5168  9.35504
30  0.942478  89.3314  9.45153
30  1.00531  92.1053  9.59715
30  1.06814  93.7931  9.68468
30  1.13097  92.053  9.59442
30  1.19381  95.5117  9.77301
30  1.25664  96.1397  9.80509
30  1.31947  96.0345  9.79972
30  1.3823  97.619  9.88024
30  1.44513  98.6867  9.93412
30  1.50796  99.3814  9.96902
30  1.5708  99.1837  9.9591
30  1.63363  97.479  9.87314
30  1.69646  96.4286  9.81981
30  1.75929  96.8692  9.84222
30  1.82212  94.6296  9.72778
30  1.88496  94.4043  9.71619
30  1.94779  92.6421  9.62508
30  2.01062  92.9448  9.64079
30  2.07345  90.7154  9.52446
30  2.13628  88.8575  9.42643
30  2.19911  86.5569  9.3036
30  2.26195  86.3309  9.29144
30  2.32478  85.0482  9.22216
30  2.38761  78.4394  8.8566
30  2.45044  78.5714  8.86405
30  2.51327  75.976  8.71642
30  2.57611  65.0655  8.06632
30  2.63894  64.5161  8.03219
30  2.70177  56.3758  7.50838
30  2.7646  31.1927  5.58504
30  2.82743  2.94118  1.71499
30  2.89027  0  0
30  2.9531  0  0
30  3.01593  0  0
30  3.07876  0  0
31  0  0  0
31  0.0628319  0  0
31  0.125664  0  0
31  0.188496  0  0
31  0.251327  2.5641  1.60128
31  0.314159  38.3838  6.19547
31  0.376991  53.4722  7.31247
31  0.439823  60.4762  7.77664
31  0.502655  69.2308  8.3205
31  0.565487  73.8095  8.59125
31  0.628319  78.4314  8.85615
31  0.69115  80.2875  8.96033
31  0.753982  83.7748  9.15286
31  0.816814  83.7875  9.15355
31  0.879646  88.6494  9.41538
31  0.942478  90.1709  9.49584
31  1.00531  91.0859  9.54389
31  1.06814  90.9532  9.53694
31  1.13097  93.2743  9.65786
31  1.19381  94.188  9.70505
31  1.25664  95.8707  9.79136
31  1.31947  97.2426  9.86117
31  1.3823  97.7505  9.88689
31  1.44513  98.6166  9.93059
31  1.50796  99.7996  9.98997
31  1.5708  99.6303  9.9815
31  1.63363  99.1579  9.95781
31  1.69646  97.9048  9.89468
31  1.75929  96.325  9.81453
31  1.82212  95.4365  9.76916
31  1.88496  92.9674  9.64196
31  1.94779  93.692  9.67946
31  2.01062  92.8458  9.63565
31  2.07345  86.8671  9.32025
31  2.13628  87.5346  9.35599
31  2.19911  87.2576  9.34118
31  2.26195  84.8606  9.21198
31  2.32478  83.5182  9.13883
31  2.38761  80.8  8.98888
31  2.45044  80.4178  8.96759
31  2.51327  73.8462  8.59338
31  2.57611  72.3502  8.50589
31  2.63894  65.2632  8.07856
31  2.70177  53.8961  7.3414
31  2.7646  37.7358  6.14295
31  2.82743  1.25  1.11803
31  2.89027  0  0
31  2.9531  0  0
31  3.01593  0  0
31  3.07876  0  0
32  0  0  0
32  0.0628319  0  0
32  0.125664  0  0
32  0.188496  0  0
32  0.251327  7.8125  2.79508
32  0.314159  32.2581  5.67962
32  0.376991  47.3054  6.87789
32  0.439823  67.2222  8.19892
32  0.502655  66.2281  8.13806
32  0.565487  70  8.3666
32  0.628319  74.8011  8.64876
32  0.69115  79.1139  8.8946
32  0.753982  81.4493  9.02493
32  0.816814  87.6153  9.3603
32  0.879646  86.4754  9.29922
32  0.942478  88.8372  9.42535
32  1.00531  88.3994  9.4021
32  1.06814  92.2844  9.60648
32  1.13097  93.2432  9.65625
32  1.19381  96.146  9.80541
32  1.25664  94.2056  9.70596
32  1.31947  97.8  9.88939
32  1.3823  97.191  9.85855
32  1.44513  98.5417  9.92682
32  1.50796  99.6124  9.9806
32  1.5708  99.4728  9.9736
32  1.63363  98.5428  9.92687
32  1.69646  96.6797  9.83258
32  1.75929  96.371  9.81687
32  1.82212  93.9516  9.69286
32  1.88496  93.662  9.67791
32  1.94779  94.0678  9.69886
32  2.01062  91.7763  9.58
32  2.07345  91.9236  9.58768
32  2.13628  89.4366  9.45709
32  2.19911  86.0111  9.27422
32  2.26195  87.2905  9.34294
32  2.32478  83.4848  9.137
32  2.38761  79.4549  8.91375
32  2.45044  80.1047  8.95012
32  2.51327  72.4036  8.50903
32  2.57611  66.9604  8.18293
32  2.63894  65.285  8.07991
32  2.70177  51.6779  7.18873
32  2.7646  31.5315  5.61529
32  2.82743  5.74713  2.39732
32  2.89027  0  0
32  2.9531  0  0
32  3.01593  0  0
32  3.07876  0  0
33  0  0  0
33  0.0628319  0  0
33  0.125664  0  0
33  0.188496  0  0
33  0.251327  3.33333  1.82574
33  0.314159  29.8969  5.46781
33  0.376991  54.5455  7.38549
33  0.439823  61.9792  7.87268
33  0.502655  69.3487  8.32758
33  0.565487  70.6667  8.40635
33  0.628319  76.3587  8.73835
33  0.69115  79.0224  8.88945
33  0.753982  84.9271  9.21559
33  0.816814  85.6218  9.2532
33  0.879646  87.747  9.36734
33  0.942478  88.7556  9.42102
33  1.00531  91.5556  9.56847
33  1.06814  91.9795  9.5906
33  1.13097  92.2056  9.60238
33  1.19381  92.4324  9.61418
33  1.25664  96.8872  9.84313
33  1.31947  95.2  9.75705
33  1.3823  97.2332  9.86069
33  1.44513  99.0706  9.95342
33  1.50796  99.031  9.95143
33  1.5708  99.8131  9.99065
33  1.63363  99.2048  9.96016
33  1.69646  97.4855  9.87347
33  1.75929  95.8743  9.79154
33  1.82212  96.8028  9.83884
33  1.88496  93.4142  9.6651
33  1.94779  92.6259  9.62423
33  2.01062  92.6518  9.62558
33  2.07345  90.5918  9.51797
33  2.13628  90.118  9.49305
33  2.19911  87.4055  9.34909
33  2.26195  84.6047  9.19808
33  2.32478  84.0602  9.16843
33  2.38761  80.9224  8.99569
33  2.45044  78.117  8.83838
33  2.51327  70.3488  8.38742
33  2.57611  65.8635  8.11563
33  2.63894  53.9326  7.34388
33  2.70177  45.0331  6.71067
33  2.7646  32.3232  5.68535
33  2.82743  6.49351  2.54824
33  2.89027  0  0
33  2.9531  0  0
33  3.01593  0  0
33  3.07876  0  0
34  0  0  0
34  0.0628319  0  0
34  0.125664  0  0
34  0.188496  0  0
34  0.251327  5.40541  2.32495
34  0.314159  36.4706  6.03909
34  0.376991  48.2993  6.94977
34  0.439823  55.4404  7.44583
34  0.502655  67.2269  8.1992
34  0.565487  77.3163  8.79297
34  0.628319  75.3281  8.67918
34  0.69115  78.7819  8.87592
34  0.753982  83.6705  9.14716
34  0.816814  84.4138  9.1877
34  0.879646  86.5385  9.30261
34  0.942478  90.9713  9.53789
34  1.00531  90.4836  9.51229
34  1.06814  92.2956  9.60706
34  1.13097  91.1972  9.54972
34  1.19381  94.6237  9.72747
34  1.25664  94.7573  9.73434
34  1.31947  96.5451  9.82574
34  1.3823  97.4104  9.86967
34  1.44513  98.8048  9.94006
34  1.50796  99.0958  9.95469
34  1.5708  99.6146  9.98071
34  1.63363  97.9048  9.89468
34  1.69646  97.4206  9.87019
34  1.75929  97.1591  9.85693
34  1.82212  95.1264  9.75327
34  1.88496  94.2275  9.70709
34  1.94779  93.0626  9.6469
34  2.01062  91.7197  9.57704
34  2.07345  90.6977  9.52353
34  2.13628  89.3939  9.45484
34  2.19911  89.1927  9.44419
34  2.26195  84.7887  9.20808
34  2.32478  78.0291  8.83341
34  2.38761  81.7289  9.0404
34  2.45044  78.117  8.83838
34  2.51327  75.0751  8.66459
34  2.57611  68.4685  8.27457
34  2.63894  60.4278  7.77353
34  2.70177  46.8966  6.84811
34  2.7646  36.9369  6.07758
34  2.82743  7.01754  2.64906
34  2.89027  0  0
34  2.9531  0  0
34  3.01593  0  0
34  3.07876  0  0
35  0  0  0
35  0.0628319  0  0
35  0.125664  0  0
35  0.188496  0  0
35  0.251327  9.09091  3.01511
35  0.314159  37.963  6.16141
35  0.376991  58.042  7.61853
35  0.439823  66.474  8.15316
35  0.502655  69.2641  8.3225
35  0.565487  73.3553  8.56477
35  0.628319  78.2493  8.84587
35  0.69115  79.7571  8.93068
35  0.753982  84.7176  9.20422
35  0.816814  84.8397  9.21084
35  0.879646  88.0223  9.38202
35  0.942478  87.7445  9.3672
35  1.00531  89.8251  9.47761
35  1.06814  90.9091  9.53463
35  1.13097  93.1459  9.65121
35  1.19381  95.0617  9.74996
35  1.25664  95.5801  9.77651
35  1.31947  96.0145  9.7987
35  1.3823  97.7178  9.88523
35  1.44513  99.2481  9.96234
35  1.50796  99.6063  9.9803
35  1.5708  99.1968  9.95976
35  1.63363  98.1328  9.9062
35  1.69646  96.9912  9.84841
35  1.75929  96.3107  9.8138
35  1.82212  96.2963  9.81307
35  1.88496  94.4345  9.71774
35  1.94779  92.3967  9.61232
35  2.01062  92.6871  9.62741
35  2.07345  90.1216  9.49324
35  2.13628  90.678  9.5225
35  2.19911  88.3289  9.39835
35  2.26195  86.1559  9.28202
35  2.32478  84.0945  9.1703
35  2.38761  79.2339  8.90134
35  2.45044  75.3213  8.67879
35  2.51327  72.5309  8.51651
35  2.57611  71.1934  8.43762
35  2.63894  52.5714  7.25062
35  2.70177  60.2564  7.7625
35  2.7646  34.188  5.84705
35  2.82743  12.1622  3.48743
35  2.89027  0  0
35  2.9531  0  0
35  3.01593  0  0
35  3.07876  0  0
36  0  0  0
36  0.0628319  0  0
36  0.125664  0  0
36  0.188496  0  0
36  0.251327  5.06329  2.25018
36  0.314159  37.8947  6.15587
36  0.376991  55.102  7.42307
36  0.439823  64.9038  8.05629
36  0.502655  73.7069  8.58527
36  0.565487  74.2765  8.61838
36  0.628319  81.2658  9.01476
36  0.69115  80.2846  8.96016
36  0.753982  81.1765  9.0098
36  0.816814  85.1216  9.22614
36  0.879646  89.5628  9.46376
36  0.942478  88.7624  9.42138
36  1.00531  92.2078  9.60249
36  1.06814  90.5997  9.51839
36  1.13097  93.5543  9.67235
36  1.19381  94.1634  9.70378
36  1.25664  95.0943  9.75163
36  1.31947  96.6203  9.82956
36  1.3823  97.1319  9.85555
36  1.44513  97.5425  9.87636
36  1.50796  99.3852  9.96921
36  1.5708  99.1736  9.95859
36  1.63363  98.167  9.90793
36  1.69646  97.9516  9.89705
36  1.75929  96.7925  9.83832
36  1.82212  95.3532  9.76489
36  1.88496  92.0635  9.59497
36  1.94779  93.482  9.66861
36  2.01062  92.0742  9.59553
36  2.07345  90.8955  9.53391
36  2.13628  87.6056  9.35979
36  2.19911  87.3469  9.34596
36  2.26195  86.1152  9.27983
36  2.32478  83.3061  9.12722
36  2.38761  79.1398  8.89605
36  2.45044  77.5309  8.80516
36  2.51327  74.0741  8.60663
36  2.57611  66.9421  8.18182
36  2.63894  66.6667  8.16497
36  2.70177  52.6627  7.25691
36  2.7646  39.0909  6.25227
36  2.82743  5.49451  2.34404
36  2.89027  0  0
36  2.9531  0  0
36  3.01593  0  0
36  3.07876  0  0
37  0  0  0
37  0.0628319  0  0
37  0.125664  0  0
37  0.188496  0  0
37  0.251327  6.66667  2.58199
37  0.314159  40.708  6.38028
37  0.376991  50.7042  7.12069
37  0.439823  67.027  8.187
37  0.502655  74.9129  8.65522
37  0.565487  70.9559  8.42353
37  0.628319  77.2379  8.78851
37  0.69115  78.6517  8.86858
37  0.753982  82.4916  9.08249
37  0.816814  83.5106  9.13842
37  0.879646  88.579  9.41164
37  0.942478  87.2857  9.34268
37  1.00531  89.2142  9.44533
37  1.06814  91.8644  9.58459
37  1.13097  92.9967  9.64348
37  1.19381  93.7173  9.68077
37  1.25664  95.7486  9.78512
37  1.31947  96.3178  9.81416
37  1.3823  98.7654  9.93808
37  1.44513  98.8258  9.94112
37  1.50796  99.5699  9.97847
37  1.5708  99.5992  9.97994
37  1.63363  99.2352  9.96169
37  1.69646  96.8811  9.84282
37  1.75929  97.561  9.8773
37  1.82212  94.7977  9.73641
37  1.88496  93.0314  9.64528
37  1.94779  93.7807  9.68404
37  2.01062  92.4647  9.61586
37  2.07345  90.0149  9.48762
37  2.13628  89.3939  9.45484
37  2.19911  87.7852  9.36938
37  2.26195  86.2924  9.28937
37  2.32478  82.2115  9.06706
37  2.38761  80.5068  8.97256
37  2.45044  75.9669  8.7159
37  2.51327  74.2236  8.61531
37  2.57611  64.9573  8.05961
37  2.63894  59.3023  7.7008
37  2.70177  55.4839  7.44875
37  2.7646  30.8411  5.55348
37  2.82743  7.5  2.73861
37  2.89027  3.50877  1.87317
37  2.9531  0  0
37  3.01593  0  0
37  3.07876  0  0
38  0  0  0
38  0.0628319  0  0
38  0.125664  0  0
38  0.188496  0  0
38  0.251327  10.8434  3.29293
38  0.314159  40.678  6.37793
38  0.376991  47.5177  6.89331
38  0.439823  61.5385  7.84465
38  0.502655  68.1452  8.25501
38  0.565487  75.3943  8.68299
38  0.628319  80.3526  8.96396
38  0.69115  81.4516  9.02505
38  0.753982  81.4757  9.02639
38  0.816814  87.1508  9.33546
38  0.879646  86.509  9.30102
38  0.942478  87.8745  9.37414
38  1.00531  91.5305  9.56716
38  1.06814  91.5335  9.56732
38  1.13097  93.3798  9.66332
38  1.19381  95.2641  9.76033
38  1.25664  94.1071  9.70088
38  1.31947  96.8317  9.84031
38  1.3823  96.5251  9.82472
38  1.44513  99  9.94987
38  1.50796  99.2337  9.96161
38  1.5708  99.6016  9.98006
38  1.63363  99.0724  9.95351
38  1.69646  97.8558  9.89221
38  1.75929  96.3235  9.81446
38  1.82212  96.3303  9.8148
38  1.88496  94.5946  9.72598
38  1.94779  92.8571  9.63624
38  2.01062  94.0032  9.69553
38  2.07345  89.6605  9.46892
38  2.13628  89.0157  9.43481
38  2.19911  87.6437  9.36182
38  2.26195  88.6145  9.41353
38  2.32478  84.1652  9.17416
38  2.38761  81.5618  9.03116
38  2.45044  76.9802  8.77384
38  2.51327  73.064  8.54775
38  2.57611  70.3863  8.38965
38  2.63894  62.7451  7.92118
38  2.70177  50.3759  7.0976
38  2.7646  37.2549  6.10368
38  2.82743  10  3.16228
38  2.89027  0  0
38  2.9531  0  0
38  3.01593  0  0
38  3.07876  0  0
39  0  0  0
39  0.0628319  0  0
39  0.125664  0  0
39  0.188496  0  0
39  0.251327  10.2564  3.20256
39  0.314159  36.6972  6.05783
39  0.376991  55.9701  7.48132
39  0.439823  58.0645  7.62001
39  0.502655  72.9084  8.53864
39  0.565487  73.3333  8.56349
39  0.628319  78.6967  8.87112
39  0.69115  81.1508  9.00837
39  0.753982  83.4936  9.13748
39  0.816814  84.2742  9.1801
39  0.879646  84.5714  9.19627
39  0.942478  88.3916  9.40168
39  1.00531  91.5902  9.57028
39  1.06814  89.2734  9.44846
39  1.13097  93.705  9.68014
39  1.19381  94.8718  9.74022
39  1.25664  96.0377  9.79988
39  1.31947  95.6522  9.78019
39  1.3823  98.3146  9.91537
39  1.44513  98.0603  9.90254
39  1.50796  99.3964  9.96977
39  1.5708  99.6  9.97998
39  1.63363  98.7903  9.93933
39  1.69646  98.4762  9.92352
39  1.75929  96.8198  9.8397
39  1.82212  96.3878  9.81773
39  1.88496  95.2118  9.75765
39  1.94779  92.8926  9.63808
39  2.01062  91.4591  9.56342
39  2.07345  90.7407  9.52579
39  2.13628  90.3039  9.50284
39  2.19911  88.0857  9.3854
39  2.26195  87.3362  9.34539
39  2.32478  83.0861  9.11516
39  2.38761  82.7184  9.09497
39  2.45044  76.2943  8.73466
39  2.51327  75.9312  8.71385
39  2.57611  65.678  8.10419
39  2.63894  67.2515  8.2007
39  2.70177  49.3333  7.02377
39  2.7646  38.2114  6.18154
39  2.82743  11.25  3.3541
39  2.89027  0  0
39  2.9531  0  0
39  3.01593  0  0
39  3.07876  0  0
