2  0  0  0
2  0.0628319  0  0
2  0.125664  0  0
2  0.188496  0  0
2  0.251327  0  0
2  0.314159  0  0
2  0.376991  0  0
2  0.439823  0  0
2  0.502655  0  0
2  0.565487  0  0
2  0.628319  0  0
2  0.69115  0  0
2  0.753982  0  0
2  0.816814  0  0
2  0.879646  0  0
2  0.942478  0  0
2  1.00531  0  0
2  1.06814  0  0
2  1.13097  0  0
2  1.19381  0  0
2  1.25664  0  0
2  1.31947  0  0
2  1.3823  0  0
2  1.44513  0  0
2  1.50796  0.258759  1.70226
2  1.5708  0  0
2  1.63363  0  0
2  1.69646  0  0
2  1.75929  0  0
2  1.82212  0  0
2  1.88496  0  0
2  1.94779  0  0
2  2.01062  0  0
2  2.07345  0  0
2  2.13628  0  0
2  2.19911  0  0
2  2.26195  0  0
2  2.32478  0  0
2  2.38761  0  0
2  2.45044  0  0
2  2.51327  0  0
2  2.57611  0  0
2  2.63894  0  0
2  2.70177  0  0
2  2.7646  0  0
2  2.82743  0  0
2  2.89027  0  0
2  2.9531  0  0
2  3.01593  0  0
2  3.07876  0  0
3  0  0  0
3  0.0628319  0  0
3  0.125664  0  0
3  0.188496  0  0
3  0.251327  0  0
3  0.314159  0  0
3  0.376991  0  0
3  0.439823  0  0
3  0.502655  0  0
3  0.565487  0  0
3  0.628319  0  0
3  0.69115  0  0
3  0.753982  0  0
3  0.816814  0  0
3  0.879646  0  0
3  0.942478  0  0
3  1.00531  0.307647  0.303111
3  1.06814  0.310233  0.293021
3  1.13097  0.125838  0.202148
3  1.19381  0.134326  0.100854
3  1.25664  0.112905  0.0590623
3  1.31947  0.047957  0.1851
3  1.3823  0.100476  0.042087
3  1.44513  0.106786  0.0368169
3  1.50796  0.109365  0.0416245
3  1.5708  0.0959251  0.0303285
3  1.63363  0.111226  0.0463233
3  1.69646  0.12466  0.0729759
3  1.75929  0.110091  0.0493799
3  1.82212  0.117119  0.0669848
3  1.88496  0.152349  0.137003
3  1.94779  0.10934  0.0796291
3  2.01062  0.149137  0.24326
3  2.07345  0.160599  0.160343
3  2.13628  0  0
3  2.19911  0  0
3  2.26195  0  0
3  2.32478  0  0
3  2.38761  0  0
3  2.45044  0  0
3  2.51327  0  0
3  2.57611  0  0
3  2.63894  0  0
3  2.70177  0  0
3  2.7646  0  0
3  2.82743  0  0
3  2.89027  0  0
3  2.9531  0  0
3  3.01593  0  0
3  3.07876  0  0
4  0  0  0
4  0.0628319  0  0
4  0.125664  0  0
4  0.188496  0  0
4  0.251327  0  0
4  0.314159  0  0
4  0.376991  0  0
4  0.439823  0  0
4  0.502655  0  0
4  0.565487  0  0
4  0.628319  0  0
4  0.69115  0  0
4  0.753982  0.258759  1.70226
4  0.816814  0.219903  0.218384
4  0.879646  0.0778745  0.0381797
4  0.942478  0.0700605  0.01865
4  1.00531  0.0775462  0.0188895
4  1.06814  0.0795398  0.0211917
4  1.13097  0.0741281  0.0166777
4  1.19381  0.0824196  0.0206243
4  1.25664  0.0756712  0.016703
4  1.31947  0.0990001  0.0343005
4  1.3823  0.096241  0.026542
4  1.44513  0.126862  0.0611014
4  1.50796  0.0959552  0.0270688
4  1.5708  0.092849  0.024431
4  1.63363  0.110382  0.0390418
4  1.69646  0.104749  0.0357449
4  1.75929  0.0927819  0.0287543
4  1.82212  0.0935481  0.0275103
4  1.88496  0.0802318  0.0176058
4  1.94779  0.083781  0.0215547
4  2.01062  0.0783642  0.020777
4  2.07345  0.0707398  0.0148337
4  2.13628  0.0732076  0.0207818
4  2.19911  0.0879692  0.0472725
4  2.26195  0.222901  0.217983
4  2.32478  0.0223472  0.16398
4  2.38761  0  0
4  2.45044  0  0
4  2.51327  0  0
4  2.57611  0  0
4  2.63894  0.244451  1.35918
4  2.70177  0  0
4  2.7646  0  0
4  2.82743  0  0
4  2.89027  0  0
4  2.9531  0  0
4  3.01593  0  0
4  3.07876  0  0
5  0  0  0
5  0.0628319  0  0
5  0.125664  0  0
5  0.188496  0  0
5  0.251327  0  0
5  0.314159  0  0
5  0.376991  0  0
5  0.439823  0  0
5  0.502655  0  0
5  0.565487  0  0
5  0.628319  0  0
5  0.69115  0.184971  0.101472
5  0.753982  0.0718864  0.0341524
5  0.816814  0.0506163  0.0107114
5  0.879646  0.0515794  0.00734337
5  0.942478  0.0617832  0.0112303
5  1.00531  0.0869442  0.0221453
5  1.06814  0.0728244  0.0150588
5  1.13097  0.0729881  0.0140993
5  1.19381  0.0869942  0.0225287
5  1.25664  0.0866851  0.0185658
5  1.31947  0.0879775  0.0192383
5  1.3823  0.0995883  0.027233
5  1.44513  0.0876497  0.0216342
5  1.50796  0.104596  0.0305931
5  1.5708  0.101483  0.026257
5  1.63363  0.0933359  0.0241934
5  1.69646  0.092681  0.0236158
5  1.75929  0.100782  0.0295157
5  1.82212  0.0866209  0.0189885
5  1.88496  0.090339  0.0236754
5  1.94779  0.0868197  0.0218356
5  2.01062  0.0676056  0.0120261
5  2.07345  0.0697332  0.015501
5  2.13628  0.0527807  0.00834484
5  2.19911  0.0514146  0.00787674
5  2.26195  0.0480555  0.00756266
5  2.32478  0.0817799  0.0479224
5  2.38761  0.168208  0.232318
5  2.45044  0.137523  1.31308
5  2.51327  0  0
5  2.57611  0  0
5  2.63894  0  0
5  2.70177  0  0
5  2.7646  0  0
5  2.82743  0  0
5  2.89027  0  0
5  2.9531  0  0
5  3.01593  0  0
5  3.07876  0  0
6  0  0  0
6  0.0628319  0  0
6  0.125664  0  0
6  0.188496  0  0
6  0.251327  0  0
6  0.314159  0.258759  1.70225
6  0.376991  0  0
6  0.439823  0  0
6  0.502655  0  0
6  0.565487  0.00750725  0.0550871
6  0.628319  0.155194  0.162148
6  0.69115  0.0764325  0.0521145
6  0.753982  0.0610775  0.0169138
6  0.816814  0.0512095  0.00978541
6  0.879646  0.0486785  0.00639023
6  0.942478  0.0552171  0.00832309
6  1.00531  0.0696868  0.0120114
6  1.06814  0.0733597  0.0154625
6  1.13097  0.0838122  0.0174096
6  1.19381  0.0843015  0.0181345
6  1.25664  0.0920205  0.0235374
6  1.31947  0.0848006  0.0192381
6  1.3823  0.0852762  0.0176607
6  1.44513  0.083584  0.0173052
6  1.50796  0.0983093  0.0264458
6  1.5708  0.105939  0.031858
6  1.63363  0.0834143  0.0162665
6  1.69646  0.08661  0.0181195
6  1.75929  0.0892683  0.0191556
6  1.82212  0.0736306  0.0140709
6  1.88496  0.083724  0.0197472
6  1.94779  0.0716626  0.0119782
6  2.01062  0.0875052  0.0206213
6  2.07345  0.0589095  0.00835796
6  2.13628  0.0534827  0.00864565
6  2.19911  0.0587869  0.00864553
6  2.26195  0.04781  0.00708025
6  2.32478  0.048515  0.0091724
6  2.38761  0.0786052  0.0467646
6  2.45044  0.148364  0.100218
6  2.51327  0  0
6  2.57611  0  0
6  2.63894  0  0
6  2.70177  0  0
6  2.7646  0  0
6  2.82743  0  0
6  2.89027  0  0
6  2.9531  0  0
6  3.01593  0  0
6  3.07876  0  0
7  0  0  0
7  0.0628319  0  0
7  0.125664  0  0
7  0.188496  0  0
7  0.251327  0  0
7  0.314159  0  0
7  0.376991  0  0
7  0.439823  0  0
7  0.502655  0  0
7  0.565487  0.130038  0.125444
7  0.628319  0.0705677  0.04118
7  0.69115  0.0578496  0.019377
7  0.753982  0.0458188  0.00762736
7  0.816814  0.0646053  0.0120604
7  0.879646  0.0526359  0.0065909
7  0.942478  0.0697482  0.0130021
7  1.00531  0.0689522  0.0108886
7  1.06814  0.0762035  0.0152492
7  1.13097  0.087652  0.0215759
7  1.19381  0.0805861  0.0163955
7  1.25664  0.0943979  0.0214463
7  1.31947  0.367348  0.263242
7  1.3823  0.0889067  0.0187158
7  1.44513  0.0828957  0.0157949
7  1.50796  0.0906129  0.0191229
7  1.5708  0.0931675  0.0207986
7  1.63363  0.0921308  0.0213956
7  1.69646  0.104048  0.0302637
7  1.75929  0.097122  0.0244771
7  1.82212  0.0998192  0.0280018
7  1.88496  0.0790982  0.0150173
7  1.94779  0.0687566  0.0118073
7  2.01062  0.0757882  0.013147
7  2.07345  0.069004  0.0110174
7  2.13628  0.0595002  0.00886967
7  2.19911  0.0501671  0.00674919
7  2.26195  0.0582105  0.00993256
7  2.32478  0.0468092  0.00798549
7  2.38761  0.0571864  0.0171004
7  2.45044  0.0617204  0.0386653
7  2.51327  0.242804  0.228041
7  2.57611  0.258759  1.70226
7  2.63894  0  0
7  2.70177  0  0
7  2.7646  0  0
7  2.82743  0  0
7  2.89027  0  0
7  2.9531  0  0
7  3.01593  0  0
7  3.07876  0  0
8  0  0  0
8  0.0628319  0  0
8  0.125664  0  0
8  0.188496  0  0
8  0.251327  0  0
8  0.314159  0  0
8  0.376991  0  0
8  0.439823  0  0
8  0.502655  0.27558  0.27484
8  0.565487  0.0584122  0.0569831
8  0.628319  0.0534712  0.0212969
8  0.69115  0.0541616  0.0133093
8  0.753982  0.0545965  0.0107428
8  0.816814  0.0484216  0.00613401
8  0.879646  0.0586964  0.00860054
8  0.942478  0.064529  0.00977097
8  1.00531  0.0765878  0.0129196
8  1.06814  0.0784542  0.0164895
8  1.13097  0.0770592  0.0131763
8  1.19381  0.0859817  0.0184265
8  1.25664  0.0946079  0.0237719
8  1.31947  0.0846685  0.0181478
8  1.3823  0.0963253  0.0228262
8  1.44513  0.0933247  0.0215131
8  1.50796  0.082011  0.0159411
8  1.5708  0.09964  0.0258289
8  1.63363  0.0903439  0.0212871
8  1.69646  0.0850367  0.0171457
8  1.75929  0.0894061  0.0205648
8  1.82212  0.0839098  0.0166559
8  1.88496  0.0730186  0.0126023
8  1.94779  0.079714  0.0159973
8  2.01062  0.0714343  0.0129033
8  2.07345  0.0589355  0.00903606
8  2.13628  0.0689745  0.0121398
8  2.19911  0.0571775  0.00796954
8  2.26195  0.0512882  0.0069921
8  2.32478  0.0599865  0.010417
8  2.38761  0.0504008  0.0132305
8  2.45044  0.0642403  0.0305136
8  2.51327  0.0702408  0.052318
8  2.57611  0.147457  1.30844
8  2.63894  0.258123  1.7505
8  2.70177  0  0
8  2.7646  0  0
8  2.82743  0  0
8  2.89027  0  0
8  2.9531  0  0
8  3.01593  0  0
8  3.07876  0  0
9  0  0  0
9  0.0628319  0  0
9  0.125664  0  0
9  0.188496  0  0
9  0.251327  0  0
9  0.314159  0  0
9  0.376991  0.247141  2.30424
9  0.439823  0  0
9  0.502655  0.130242  0.113182
9  0.565487  0.0660599  0.0372988
9  0.628319  0.0601695  0.0231372
9  0.69115  0.0473742  0.00876121
9  0.753982  0.0541839  0.00961104
9  0.816814  0.0473479  0.00586597
9  0.879646  0.0619784  0.00857149
9  0.942478  0.0639031  0.010338
9  1.00531  0.0610466  0.00892258
9  1.06814  0.0720918  0.0133667
9  1.13097  0.0780919  0.0155019
9  1.19381  0.0783209  0.0139835
9  1.25664  0.0883864  0.0221043
9  1.31947  0.0807834  0.0185834
9  1.3823  0.0824842  0.0166947
9  1.44513  0.0995456  0.0258213
9  1.50796  0.087283  0.0191177
9  1.5708  0.0858316  0.0168149
9  1.63363  0.0844942  0.0177699
9  1.69646  0.0927137  0.0227909
9  1.75929  0.0824642  0.017557
9  1.82212  0.0894107  0.0209293
9  1.88496  0.0857076  0.017946
9  1.94779  0.0798453  0.0163629
9  2.01062  0.0691579  0.0117966
9  2.07345  0.0697189  0.0119117
9  2.13628  0.0628338  0.00907388
9  2.19911  0.0549921  0.00733094
9  2.26195  0.0519609  0.00726674
9  2.32478  0.047266  0.00739552
9  2.38761  0.0650417  0.0198569
9  2.45044  0.0585019  0.0195287
9  2.51327  0.0602709  0.0400328
9  2.57611  0.172164  0.2182
9  2.63894  0.0305527  0.224192
9  2.70177  0  0
9  2.7646  0  0
9  2.82743  0  0
9  2.89027  0  0
9  2.9531  0  0
9  3.01593  0  0
9  3.07876  0  0
10  0  0  0
10  0.0628319  0  0
10  0.125664  0  0
10  0.188496  0  0
10  0.251327  0  0
10  0.314159  0  0
10  0.376991  0  0
10  0.439823  0.273156  0.136852
10  0.502655  0.0749682  0.118477
10  0.565487  0.0774577  0.0436233
10  0.628319  0.0557664  0.0190936
10  0.69115  0.0554942  0.0124533
10  0.753982  0.0574727  0.0107814
10  0.816814  0.0490214  0.00714726
10  0.879646  0.0575624  0.00855483
10  0.942478  0.0673939  0.0106657
10  1.00531  0.0608275  0.00955769
10  1.06814  0.066537  0.010401
10  1.13097  0.0738232  0.0121239
10  1.19381  0.0888848  0.0196614
10  1.25664  0.0936637  0.0241649
10  1.31947  0.0944884  0.0204526
10  1.3823  0.0909462  0.0220226
10  1.44513  0.0935032  0.0225324
10  1.50796  0.0990871  0.0249046
10  1.5708  0.101093  0.0273539
10  1.63363  0.0933048  0.0218535
10  1.69646  0.0831072  0.015601
10  1.75929  0.0876068  0.0190171
10  1.82212  0.0871529  0.0182138
10  1.88496  0.0924813  0.022996
10  1.94779  0.0755657  0.0125732
10  2.01062  0.0784621  0.0156186
10  2.07345  0.0728905  0.0136761
10  2.13628  0.0606354  0.00900681
10  2.19911  0.0519279  0.00643514
10  2.26195  0.0507385  0.00672776
10  2.32478  0.0587545  0.0112025
10  2.38761  0.0637471  0.0174766
10  2.45044  0.0603736  0.0242283
10  2.51327  0.0756151  0.0503987
10  2.57611  0.0512415  0.0331811
10  2.63894  0.63885  0.515471
10  2.70177  0.258759  1.70226
10  2.7646  0  0
10  2.82743  0  0
10  2.89027  0  0
10  2.9531  0  0
10  3.01593  0  0
10  3.07876  0  0
11  0  0  0
11  0.0628319  0  0
11  0.125664  0  0
11  0.188496  0  0
11  0.251327  0  0
11  0.314159  0  0
11  0.376991  0.258759  1.70226
11  0.439823  0.229578  0.203803
11  0.502655  0.0503012  0.0337582
11  0.565487  0.0488835  0.0186406
11  0.628319  0.0546536  0.019076
11  0.69115  0.0672115  0.0209859
11  0.753982  0.0528567  0.0087735
11  0.816814  0.0492457  0.00633163
11  0.879646  0.050253  0.00637977
11  0.942478  0.0680651  0.0119766
11  1.00531  0.074578  0.0139445
11  1.06814  0.0725957  0.012265
11  1.13097  0.0728078  0.0129946
11  1.19381  0.0793415  0.0157606
11  1.25664  0.0864607  0.018381
11  1.31947  0.0923127  0.0213146
11  1.3823  0.0800092  0.0164889
11  1.44513  0.0885478  0.0194232
11  1.50796  0.0831243  0.018057
11  1.5708  0.0901458  0.0201032
11  1.63363  0.0826404  0.0159454
11  1.69646  0.0881947  0.0183811
11  1.75929  0.102299  0.0289648
11  1.82212  0.0849368  0.01762
11  1.88496  0.064125  0.0103971
11  1.94779  0.0778258  0.0146102
11  2.01062  0.0684929  0.0114314
11  2.07345  0.0699668  0.0127408
11  2.13628  0.0546849  0.00686616
11  2.19911  0.0484305  0.00594538
11  2.26195  0.0487591  0.00621806
11  2.32478  0.0449493  0.00592802
11  2.38761  0.0564074  0.01262
11  2.45044  0.0671351  0.0276463
11  2.51327  0.0516958  0.0248015
11  2.57611  0.0535791  0.0467545
11  2.63894  0.117928  0.117747
11  2.70177  0  0
11  2.7646  0  0
11  2.82743  0  0
11  2.89027  0  0
11  2.9531  0  0
11  3.01593  0  0
11  3.07876  0  0
12  0  0  0
12  0.0628319  0  0
12  0.125664  0  0
12  0.188496  0  0
12  0.251327  0  0
12  0.314159  0  0
12  0.376991  0  0
12  0.439823  0.126796  0.136966
12  0.502655  0.109237  0.0879351
12  0.565487  0.0600762  0.0265387
12  0.628319  0.0661704  0.0280409
12  0.69115  0.0564076  0.0123665
12  0.753982  0.0505358  0.00830111
12  0.816814  0.0537482  0.00758392
12  0.879646  0.0497602  0.00604482
12  0.942478  0.0657754  0.00894415
12  1.00531  0.0638506  0.00964598
12  1.06814  0.0836875  0.0185212
12  1.13097  0.0753239  0.0138563
12  1.19381  0.0854029  0.0195694
12  1.25664  0.079438  0.0153886
12  1.31947  0.0955161  0.022173
12  1.3823  0.0979644  0.0258497
12  1.44513  0.0841238  0.0184232
12  1.50796  0.0877874  0.018279
12  1.5708  0.102514  0.0287666
12  1.63363  0.092751  0.0210259
12  1.69646  0.0959564  0.0225243
12  1.75929  0.0951302  0.0230981
12  1.82212  0.0842314  0.0195235
12  1.88496  0.0782982  0.0144122
12  1.94779  0.0763509  0.014156
12  2.01062  0.062818  0.00859682
12  2.07345  0.0607396  0.00873351
12  2.13628  0.0558716  0.00736192
12  2.19911  0.0545945  0.00682642
12  2.26195  0.0481176  0.00589171
12  2.32478  0.0529321  0.00828537
12  2.38761  0.0579011  0.0142723
12  2.45044  0.0453845  0.0110402
12  2.51327  0.0903399  0.0589045
12  2.57611  0.0672823  0.0512718
12  2.63894  0.119591  0.115351
12  2.70177  0.0195538  0.143483
12  2.7646  0  0
12  2.82743  0  0
12  2.89027  0  0
12  2.9531  0  0
12  3.01593  0  0
12  3.07876  0  0
13  0  0  0
13  0.0628319  0  0
13  0.125664  0  0
13  0.188496  0  0
13  0.251327  0  0
13  0.314159  0  0
13  0.376991  0.0246322  0.0123315
13  0.439823  0.0433274  0.0323243
13  0.502655  0.0569644  0.0339422
13  0.565487  0.0577579  0.023273
13  0.628319  0.0599812  0.0191517
13  0.69115  0.0518291  0.012035
13  0.753982  0.051916  0.00867485
13  0.816814  0.0547551  0.00772681
13  0.879646  0.0589946  0.00854236
13  0.942478  0.0643256  0.00979655
13  1.00531  0.0681174  0.0104655
13  1.06814  0.0676897  0.0110721
13  1.13097  0.0698314  0.01116
13  1.19381  0.0874141  0.0187598
13  1.25664  0.0817238  0.0151202
13  1.31947  0.0935125  0.0228047
13  1.3823  0.0867581  0.019471
13  1.44513  0.097092  0.0241909
13  1.50796  0.0992242  0.0271976
13  1.5708  0.0904849  0.0207972
13  1.63363  0.0950108  0.0229168
13  1.69646  0.0953522  0.0241233
13  1.75929  0.0814202  0.015065
13  1.82212  0.0915536  0.0227044
13  1.88496  0.0784672  0.0141935
13  1.94779  0.0729811  0.0119603
13  2.01062  0.0778775  0.0146142
13  2.07345  0.0760549  0.0145889
13  2.13628  0.0641722  0.00941968
13  2.19911  0.0594976  0.00885602
13  2.26195  0.0511794  0.00637165
13  2.32478  0.0482572  0.00846504
13  2.38761  0.0461592  0.009967
13  2.45044  0.0540842  0.0173738
13  2.51327  0.0634499  0.0270907
13  2.57611  0.0854199  0.0637752
13  2.63894  0.0987107  0.147277
13  2.70177  0.376351  0.209694
13  2.7646  0  0
13  2.82743  0  0
13  2.89027  0  0
13  2.9531  0  0
13  3.01593  0  0
13  3.07876  0  0
14  0  0  0
14  0.0628319  0  0
14  0.125664  0  0
14  0.188496  0  0
14  0.251327  0  0
14  0.314159  0  0
14  0.376991  0.0961869  0.0841015
14  0.439823  0.0753081  0.113157
14  0.502655  0.0776392  0.0533651
14  0.565487  0.0561088  0.0287374
14  0.628319  0.0569285  0.017938
14  0.69115  0.0569902  0.0159321
14  0.753982  0.047767  0.00661874
14  0.816814  0.0487073  0.00622909
14  0.879646  0.058246  0.00874171
14  0.942478  0.0706596  0.0128764
14  1.00531  0.0695584  0.0125678
14  1.06814  0.076239  0.0136346
14  1.13097  0.0792866  0.0141609
14  1.19381  0.0825951  0.0156288
14  1.25664  0.082788  0.0172705
14  1.31947  0.0877285  0.0191481
14  1.3823  0.0841577  0.0177072
14  1.44513  0.0895222  0.0192441
14  1.50796  0.0988057  0.0253817
14  1.5708  0.0920353  0.0199664
14  1.63363  0.0910384  0.0198318
14  1.69646  0.0848514  0.0160262
14  1.75929  0.0940824  0.0218313
14  1.82212  0.0876583  0.0177551
14  1.88496  0.0853008  0.0183936
14  1.94779  0.0796852  0.0147796
14  2.01062  0.0708861  0.0126329
14  2.07345  0.076072  0.0134524
14  2.13628  0.0553251  0.00690986
14  2.19911  0.0619178  0.00901647
14  2.26195  0.0519337  0.00710999
14  2.32478  0.0540042  0.00951832
14  2.38761  0.0549797  0.0128944
14  2.45044  0.0636885  0.0235038
14  2.51327  0.0714323  0.0319506
14  2.57611  0.0530494  0.0342756
14  2.63894  0.0992914  0.140011
14  2.70177  0.282274  0.242059
14  2.7646  0.258759  1.70226
14  2.82743  0  0
14  2.89027  0  0
14  2.9531  0  0
14  3.01593  0  0
14  3.07876  0  0
15  0  0  0
15  0.0628319  0  0
15  0.125664  0  0
15  0.188496  0  0
15  0.251327  0  0
15  0.314159  0  0
15  0.376991  0.0694197  0.105086
15  0.439823  0.125618  0.10705
15  0.502655  0.069143  0.0437413
15  0.565487  0.05359  0.0211163
15  0.628319  0.0547869  0.0174416
15  0.69115  0.0520898  0.010391
15  0.753982  0.0528696  0.00840857
15  0.816814  0.0478361  0.00680115
15  0.879646  0.0551348  0.00768224
15  0.942478  0.0585192  0.00871476
15  1.00531  0.0675277  0.0111604
15  1.06814  0.079478  0.0159768
15  1.13097  0.0888995  0.0206003
15  1.19381  0.100371  0.0274853
15  1.25664  0.095738  0.0235122
15  1.31947  0.0800007  0.0156296
15  1.3823  0.0863626  0.0164712
15  1.44513  0.0918498  0.0196936
15  1.50796  0.0905992  0.0205665
15  1.5708  0.0960678  0.0227694
15  1.63363  0.0977974  0.0239136
15  1.69646  0.0915985  0.0211528
15  1.75929  0.0728915  0.0131857
15  1.82212  0.0903619  0.0205843
15  1.88496  0.0851679  0.0190426
15  1.94779  0.0765268  0.0139622
15  2.01062  0.0650634  0.0105023
15  2.07345  0.0606111  0.00860483
15  2.13628  0.053019  0.00633431
15  2.19911  0.0553644  0.00826912
15  2.26195  0.05533  0.00783393
15  2.32478  0.0538862  0.00894871
15  2.38761  0.0489237  0.0100971
15  2.45044  0.0622391  0.0205307
15  2.51327  0.0606884  0.0260025
15  2.57611  0.111317  0.0916877
15  2.63894  0.0802012  0.0656268
15  2.70177  0.14017  0.157805
15  2.7646  0  0
15  2.82743  0  0
15  2.89027  0  0
15  2.9531  0  0
15  3.01593  0  0
15  3.07876  0  0
16  0  0  0
16  0.0628319  0  0
16  0.125664  0  0
16  0.188496  0  0
16  0.251327  0  0
16  0.314159  0  0
16  0.376991  0.117417  0.127205
16  0.439823  0.0822422  0.119331
16  0.502655  0.0596796  0.0350251
16  0.565487  0.0503138  0.0202332
16  0.628319  0.048672  0.0147778
16  0.69115  0.0485206  0.00997056
16  0.753982  0.0563466  0.0101191
16  0.816814  0.0481352  0.00667192
16  0.879646  0.051266  0.00647662
16  0.942478  0.0595947  0.0084096
16  1.00531  0.0634353  0.00917476
16  1.06814  0.0756457  0.0153229
16  1.13097  0.0769019  0.0148675
16  1.19381  0.0894458  0.0215051
16  1.25664  0.0861689  0.0195377
16  1.31947  0.101828  0.0269143
16  1.3823  0.0994936  0.0284437
16  1.44513  0.0849252  0.0171817
16  1.50796  0.112127  0.0348983
16  1.5708  0.0894074  0.0195408
16  1.63363  0.0910683  0.0204314
16  1.69646  0.0955704  0.024203
16  1.75929  0.0835964  0.0174221
16  1.82212  0.0932222  0.0233201
16  1.88496  0.0764045  0.0142104
16  1.94779  0.0749934  0.0151789
16  2.01062  0.0737157  0.0126468
16  2.07345  0.0662385  0.0100115
16  2.13628  0.0624593  0.00912625
16  2.19911  0.0534526  0.00711432
16  2.26195  0.0504829  0.00716111
16  2.32478  0.0490373  0.00739358
16  2.38761  0.0463932  0.00917025
16  2.45044  0.0571577  0.0161888
16  2.51327  0.0634534  0.0399067
16  2.57611  0.0650209  0.0410562
16  2.63894  0.0790011  0.12415
16  2.70177  0.0358206  0.0357281
16  2.7646  0  0
16  2.82743  0  0
16  2.89027  0  0
16  2.9531  0  0
16  3.01593  0  0
16  3.07876  0  0
17  0  0  0
17  0.0628319  0  0
17  0.125664  0  0
17  0.188496  0  0
17  0.251327  0  0
17  0.314159  0.0476623  0.349739
17  0.376991  0.0843043  0.108918
17  0.439823  0.0727544  0.119172
17  0.502655  0.0564574  0.0311135
17  0.565487  0.0669968  0.0304153
17  0.628319  0.0503686  0.0136271
17  0.69115  0.0544939  0.0135184
17  0.753982  0.0518609  0.00911862
17  0.816814  0.0523122  0.00763508
17  0.879646  0.0589979  0.00823058
17  0.942478  0.057519  0.00723788
17  1.00531  0.0639308  0.0100459
17  1.06814  0.0654378  0.0105873
17  1.13097  0.0795215  0.0158448
17  1.19381  0.0809865  0.0163333
17  1.25664  0.100588  0.0286779
17  1.31947  0.0871765  0.0188297
17  1.3823  0.0834866  0.0164054
17  1.44513  0.0972161  0.0234431
17  1.50796  0.113288  0.0400544
17  1.5708  0.108263  0.0316621
17  1.63363  0.0870984  0.0179374
17  1.69646  0.0927153  0.0214342
17  1.75929  0.0943652  0.0251536
17  1.82212  0.0876413  0.0196705
17  1.88496  0.082795  0.017395
17  1.94779  0.0735414  0.0131169
17  2.01062  0.0691206  0.0119964
17  2.07345  0.0575113  0.0084588
17  2.13628  0.0678236  0.0110299
17  2.19911  0.0492787  0.00619743
17  2.26195  0.0505514  0.00692559
17  2.32478  0.0518826  0.00845352
17  2.38761  0.0531022  0.0114509
17  2.45044  0.0531263  0.0161385
17  2.51327  0.0604  0.026294
17  2.57611  0.111018  0.15388
17  2.63894  0.13542  0.183447
17  2.70177  0.0857646  0.089046
17  2.7646  0  0
17  2.82743  0  0
17  2.89027  0  0
17  2.9531  0  0
17  3.01593  0  0
17  3.07876  0  0
18  0  0  0
18  0.0628319  0  0
18  0.125664  0  0
18  0.188496  0  0
18  0.251327  0  0
18  0.314159  0.0943456  0.0888866
18  0.376991  0.0649506  0.100179
18  0.439823  0.0839915  0.120204
18  0.502655  0.0758487  0.0439661
18  0.565487  0.0457883  0.0156185
18  0.628319  0.0558305  0.0184965
18  0.69115  0.042644  0.00736955
18  0.753982  0.0473993  0.00708478
18  0.816814  0.0537453  0.00840425
18  0.879646  0.0568058  0.00720498
18  0.942478  0.0501875  0.00621156
18  1.00531  0.0624127  0.00872823
18  1.06814  0.0695769  0.0109801
18  1.13097  0.0753707  0.0136691
18  1.19381  0.0740343  0.0135484
18  1.25664  0.0842401  0.0178377
18  1.31947  0.0867145  0.0183557
18  1.3823  0.100149  0.0281457
18  1.44513  0.0900453  0.0208472
18  1.50796  0.0846886  0.0164221
18  1.5708  0.0891091  0.0200894
18  1.63363  0.088881  0.02126
18  1.69646  0.0935662  0.0214104
18  1.75929  0.0883467  0.0191234
18  1.82212  0.0799669  0.0151335
18  1.88496  0.084038  0.0158187
18  1.94779  0.0769332  0.0142873
18  2.01062  0.0697735  0.0119896
18  2.07345  0.0647108  0.010825
18  2.13628  0.0512996  0.00616632
18  2.19911  0.0500828  0.00657625
18  2.26195  0.0544298  0.00794538
18  2.32478  0.0425438  0.00552365
18  2.38761  0.049186  0.0108482
18  2.45044  0.0474866  0.0122472
18  2.51327  0.0673012  0.0422487
18  2.57611  0.0755141  0.0563249
18  2.63894  0.0768618  0.122047
18  2.70177  0.0915181  0.0964963
18  2.7646  0.390275  0.374355
18  2.82743  0  0
18  2.89027  0  0
18  2.9531  0  0
18  3.01593  0  0
18  3.07876  0  0
19  0  0  0
19  0.0628319  0  0
19  0.125664  0  0
19  0.188496  0  0
19  0.251327  0  0
19  0.314159  0.0681964  0.0846373
19  0.376991  0.0473412  0.0520074
19  0.439823  0.0907396  0.0785692
19  0.502655  0.0571791  0.0408224
19  0.565487  0.0646895  0.0303619
19  0.628319  0.0517223  0.0153572
19  0.69115  0.0479318  0.00962428
19  0.753982  0.0468465  0.00733481
19  0.816814  0.0484196  0.00661674
19  0.879646  0.0564399  0.00786287
19  0.942478  0.0538325  0.00662965
19  1.00531  0.0667542  0.0108029
19  1.06814  0.0655904  0.00959955
19  1.13097  0.0764305  0.0136306
19  1.19381  0.091333  0.0234421
19  1.25664  0.0849855  0.0183611
19  1.31947  0.0850348  0.0180061
19  1.3823  0.0927457  0.0231784
19  1.44513  0.0892078  0.0199969
19  1.50796  0.105236  0.0295405
19  1.5708  0.0858398  0.0167847
19  1.63363  0.0888911  0.019598
19  1.69646  0.0871794  0.0173485
19  1.75929  0.0831283  0.0174904
19  1.82212  0.0815511  0.0168959
19  1.88496  0.0886874  0.0204708
19  1.94779  0.0679065  0.010275
19  2.01062  0.076977  0.015765
19  2.07345  0.0653349  0.00870763
19  2.13628  0.0574149  0.00726097
19  2.19911  0.0586484  0.00902955
19  2.26195  0.0470738  0.00571872
19  2.32478  0.0506917  0.00813659
19  2.38761  0.0434478  0.00860051
19  2.45044  0.0597946  0.0200098
19  2.51327  0.0532843  0.0184813
19  2.57611  0.0770084  0.0687764
19  2.63894  0.107636  0.152186
19  2.70177  0.0795528  0.0685349
19  2.7646  0.216724  0.14397
19  2.82743  0  0
19  2.89027  0  0
19  2.9531  0  0
19  3.01593  0  0
19  3.07876  0  0
20  0  0  0
20  0.0628319  0  0
20  0.125664  0  0
20  0.188496  0  0
20  0.251327  0  0
20  0.314159  0.0424683  0.0574534
20  0.376991  0.0756204  0.0729913
20  0.439823  0.0872432  0.0747594
20  0.502655  0.0877732  0.0633843
20  0.565487  0.0456518  0.0173792
20  0.628319  0.054053  0.0170198
20  0.69115  0.0523516  0.0112478
20  0.753982  0.0427721  0.00578316
20  0.816814  0.0489017  0.0063096
20  0.879646  0.0511975  0.00586308
20  0.942478  0.0638601  0.0095059
20  1.00531  0.0627886  0.00966478
20  1.06814  0.0708466  0.0114824
20  1.13097  0.076274  0.0141987
20  1.19381  0.0820279  0.017491
20  1.25664  0.0956664  0.0265479
20  1.31947  0.0902028  0.0209277
20  1.3823  0.0898674  0.0187733
20  1.44513  0.113721  0.0358868
20  1.50796  0.0832033  0.0165477
20  1.5708  0.102191  0.0290643
20  1.63363  0.0980676  0.0262861
20  1.69646  0.0892147  0.0209376
20  1.75929  0.0903257  0.0216586
20  1.82212  0.0804635  0.0148275
20  1.88496  0.0925485  0.0221012
20  1.94779  0.0749126  0.0137151
20  2.01062  0.0719835  0.013446
20  2.07345  0.0663126  0.0108385
20  2.13628  0.0627098  0.00904111
20  2.19911  0.0542739  0.00717206
20  2.26195  0.0500592  0.00623569
20  2.32478  0.0402183  0.00528299
20  2.38761  0.0470203  0.00909233
20  2.45044  0.0596352  0.0191727
20  2.51327  0.0572598  0.0220389
20  2.57611  0.0520016  0.0299396
20  2.63894  0.112719  0.0851023
20  2.70177  0.112982  0.088042
20  2.7646  0.0685567  0.0379446
20  2.82743  0  0
20  2.89027  0  0
20  2.9531  0  0
20  3.01593  0  0
20  3.07876  0  0
21  0  0  0
21  0.0628319  0  0
21  0.125664  0  0
21  0.188496  0  0
21  0.251327  0  0
21  0.314159  0.078102  0.0614718
21  0.376991  0.0878501  0.0785524
21  0.439823  0.0649173  0.0616393
21  0.502655  0.0987947  0.148091
21  0.565487  0.0422077  0.0133663
21  0.628319  0.0480899  0.0118637
21  0.69115  0.0616474  0.0163726
21  0.753982  0.052124  0.0080211
21  0.816814  0.0494201  0.00633604
21  0.879646  0.0565642  0.00701174
21  0.942478  0.0560677  0.00735054
21  1.00531  0.0599768  0.00927947
21  1.06814  0.0618428  0.00839875
21  1.13097  0.0734131  0.0127341
21  1.19381  0.0837543  0.0185964
21  1.25664  0.0935948  0.0239709
21  1.31947  0.0947373  0.0240371
21  1.3823  0.0802149  0.015727
21  1.44513  0.0866911  0.0187936
21  1.50796  0.090942  0.0206103
21  1.5708  0.083929  0.0159142
21  1.63363  0.0848402  0.0167851
21  1.69646  0.0987654  0.0261874
21  1.75929  0.0881754  0.0180968
21  1.82212  0.088436  0.0219782
21  1.88496  0.0799641  0.01558
21  1.94779  0.0841438  0.0176051
21  2.01062  0.0664249  0.0100763
21  2.07345  0.0626249  0.00999404
21  2.13628  0.0639311  0.0103061
21  2.19911  0.0503392  0.00644348
21  2.26195  0.0493051  0.00696444
21  2.32478  0.0434767  0.00549941
21  2.38761  0.056221  0.0145415
21  2.45044  0.0519799  0.0150718
21  2.51327  0.0629205  0.0319355
21  2.57611  0.0561661  0.0355886
21  2.63894  0.0567303  0.0519955
21  2.70177  0.066792  0.108836
21  2.7646  0.0640458  0.034363
21  2.82743  0  0
21  2.89027  0  0
21  2.9531  0  0
21  3.01593  0  0
21  3.07876  0  0
22  0  0  0
22  0.0628319  0  0
22  0.125664  0  0
22  0.188496  0  0
22  0.251327  0  0
22  0.314159  0.0878377  0.054006
22  0.376991  0.0634466  0.0952961
22  0.439823  0.0423042  0.0267952
22  0.502655  0.0603879  0.0351409
22  0.565487  0.0490087  0.01966
22  0.628319  0.068035  0.0320194
22  0.69115  0.0461917  0.00967874
22  0.753982  0.046222  0.00646925
22  0.816814  0.0464551  0.00598986
22  0.879646  0.0501077  0.00645211
22  0.942478  0.056173  0.00755857
22  1.00531  0.0669257  0.01095
22  1.06814  0.0751182  0.0149707
22  1.13097  0.0838536  0.0192949
22  1.19381  0.0862098  0.0190108
22  1.25664  0.0815236  0.0182149
22  1.31947  0.0810669  0.0163552
22  1.3823  0.0928063  0.0204486
22  1.44513  0.100102  0.0271486
22  1.50796  0.100019  0.0268474
22  1.5708  0.0911344  0.0197364
22  1.63363  0.094125  0.0209813
22  1.69646  0.0905372  0.0221297
22  1.75929  0.0797892  0.0171176
22  1.82212  0.0819821  0.017246
22  1.88496  0.0771366  0.0147127
22  1.94779  0.0723062  0.012241
22  2.01062  0.0699797  0.011848
22  2.07345  0.0643253  0.0102751
22  2.13628  0.0536886  0.00667356
22  2.19911  0.0507926  0.00588124
22  2.26195  0.0491839  0.00623266
22  2.32478  0.0476903  0.00751613
22  2.38761  0.0496021  0.0111836
22  2.45044  0.0602527  0.0227447
22  2.51327  0.0619586  0.032169
22  2.57611  0.0737018  0.0472594
22  2.63894  0.065007  0.0480986
22  2.70177  0.177334  0.112575
22  2.7646  0.232771  0.13511
22  2.82743  0  0
22  2.89027  0  0
22  2.9531  0  0
22  3.01593  0  0
22  3.07876  0  0
23  0  0  0
23  0.0628319  0  0
23  0.125664  0  0
23  0.188496  0  0
23  0.251327  0  0
23  0.314159  0.351654  0.17813
23  0.376991  0.0432879  0.0444743
23  0.439823  0.0615267  0.0495859
23  0.502655  0.0634861  0.0361167
23  0.565487  0.051791  0.0205535
23  0.628319  0.0493222  0.0133474
23  0.69115  0.0486376  0.00963412
23  0.753982  0.0481267  0.00750576
23  0.816814  0.0481605  0.005997
23  0.879646  0.0522772  0.00675382
23  0.942478  0.0559762  0.00681963
23  1.00531  0.0682747  0.0104756
23  1.06814  0.0765375  0.0156376
23  1.13097  0.0866322  0.0193905
23  1.19381  0.0716549  0.0122492
23  1.25664  0.08702  0.018195
23  1.31947  0.0891393  0.0197041
23  1.3823  0.090536  0.0212607
23  1.44513  0.0800812  0.0182803
23  1.50796  0.0970285  0.0249462
23  1.5708  0.0999997  0.0262373
23  1.63363  0.0843091  0.0185242
23  1.69646  0.0912512  0.0194936
23  1.75929  0.095186  0.0238281
23  1.82212  0.0857742  0.0187891
23  1.88496  0.0790032  0.0142929
23  1.94779  0.0850204  0.0190042
23  2.01062  0.0676802  0.0098791
23  2.07345  0.0651867  0.0101635
23  2.13628  0.0486003  0.00533696
23  2.19911  0.0535332  0.00692607
23  2.26195  0.0470352  0.00531252
23  2.32478  0.0472736  0.0079596
23  2.38761  0.0553524  0.0118813
23  2.45044  0.0547849  0.0147377
23  2.51327  0.0508347  0.0224772
23  2.57611  0.0603639  0.0365154
23  2.63894  0.0898257  0.0732989
23  2.70177  0.097355  0.14384
23  2.7646  0.0418077  0.0662307
23  2.82743  0  0
23  2.89027  0  0
23  2.9531  0  0
23  3.01593  0  0
23  3.07876  0  0
24  0  0  0
24  0.0628319  0  0
24  0.125664  0  0
24  0.188496  0  0
24  0.251327  0  0
24  0.314159  0.136849  0.096298
24  0.376991  0.147286  0.092151
24  0.439823  0.0987921  0.0853582
24  0.502655  0.0548332  0.0338632
24  0.565487  0.0673225  0.0372086
24  0.628319  0.046265  0.0119024
24  0.69115  0.0533402  0.0119565
24  0.753982  0.0459913  0.00782837
24  0.816814  0.0550102  0.00865424
24  0.879646  0.0523846  0.00577702
24  0.942478  0.0516411  0.00634775
24  1.00531  0.0702558  0.0120796
24  1.06814  0.0788999  0.0153959
24  1.13097  0.0673015  0.0101952
24  1.19381  0.0793209  0.0163322
24  1.25664  0.0846646  0.0185591
24  1.31947  0.0937433  0.0226321
24  1.3823  0.102166  0.0290261
24  1.44513  0.0905161  0.0208312
24  1.50796  0.0905175  0.0213169
24  1.5708  0.0929222  0.021789
24  1.63363  0.0919121  0.021305
24  1.69646  0.104645  0.0309942
24  1.75929  0.0788145  0.0147061
24  1.82212  0.0853837  0.0184592
24  1.88496  0.0864578  0.0227596
24  1.94779  0.0822026  0.015916
24  2.01062  0.0715207  0.0129208
24  2.07345  0.0632766  0.00940122
24  2.13628  0.0554818  0.00753582
24  2.19911  0.0464791  0.004865
24  2.26195  0.0483188  0.0055351
24  2.32478  0.0441986  0.00584119
24  2.38761  0.052882  0.0127338
24  2.45044  0.0523986  0.014054
24  2.51327  0.0637951  0.033735
24  2.57611  0.0464875  0.0201794
24  2.63894  0.0622351  0.0542997
24  2.70177  0.0976234  0.149665
24  2.7646  0.20604  0.137584
24  2.82743  0  0
24  2.89027  0  0
24  2.9531  0  0
24  3.01593  0  0
24  3.07876  0  0
25  0  0  0
25  0.0628319  0  0
25  0.125664  0  0
25  0.188496  0  0
25  0.251327  0.258759  1.70226
25  0.314159  0.138102  0.138098
25  0.376991  0.0473225  0.0364338
25  0.439823  0.0690943  0.0551029
25  0.502655  0.100113  0.0806024
25  0.565487  0.0674846  0.0321653
25  0.628319  0.0519725  0.0145716
25  0.69115  0.04671  0.00848876
25  0.753982  0.0488204  0.00674331
25  0.816814  0.0489402  0.00674454
25  0.879646  0.053505  0.00714873
25  0.942478  0.0528582  0.00646884
25  1.00531  0.0611198  0.00864424
25  1.06814  0.0661502  0.0107557
25  1.13097  0.0750487  0.0135396
25  1.19381  0.0818082  0.0173003
25  1.25664  0.0841086  0.0183235
25  1.31947  0.0886227  0.0202922
25  1.3823  0.093393  0.0227942
25  1.44513  0.0816901  0.0155377
25  1.50796  0.0817657  0.0150924
25  1.5708  0.0950926  0.0223684
25  1.63363  0.0824352  0.0149319
25  1.69646  0.0926453  0.0217735
25  1.75929  0.0776252  0.0148277
25  1.82212  0.0801748  0.0149718
25  1.88496  0.0809382  0.0165525
25  1.94779  0.0732645  0.012932
25  2.01062  0.0674559  0.0108707
25  2.07345  0.0612006  0.00914958
25  2.13628  0.0639474  0.00971814
25  2.19911  0.054811  0.0071899
25  2.26195  0.0437891  0.00519296
25  2.32478  0.0448028  0.00625952
25  2.38761  0.0490104  0.0102312
25  2.45044  0.0476027  0.0124412
25  2.51327  0.0692843  0.0400234
25  2.57611  0.0630626  0.0395128
25  2.63894  0.0488488  0.0365894
25  2.70177  0.0666563  0.100922
25  2.7646  0.083314  0.124922
25  2.82743  0  0
25  2.89027  0  0
25  2.9531  0  0
25  3.01593  0  0
25  3.07876  0  0
26  0  0  0
26  0.0628319  0  0
26  0.125664  0  0
26  0.188496  0  0
26  0.251327  0  0
26  0.314159  0.197628  0.0990374
26  0.376991  0.0564603  0.0900406
26  0.439823  0.0488391  0.038926
26  0.502655  0.0513927  0.0309817
26  0.565487  0.0803349  0.051989
26  0.628319  0.0534745  0.0161437
26  0.69115  0.0503339  0.0115453
26  0.753982  0.0482616  0.00826328
26  0.816814  0.0518209  0.00630245
26  0.879646  0.0515669  0.00656767
26  0.942478  0.0632782  0.0107904
26  1.00531  0.0567143  0.00768496
26  1.06814  0.0726552  0.0128219
26  1.13097  0.0730955  0.0126457
26  1.19381  0.0792346  0.0156586
26  1.25664  0.0895424  0.0217714
26  1.31947  0.0913846  0.0223747
26  1.3823  0.0932591  0.0210292
26  1.44513  0.0987703  0.0266239
26  1.50796  0.0970064  0.0239844
26  1.5708  0.0925379  0.0249109
26  1.63363  0.0938346  0.023677
26  1.69646  0.0955261  0.020409
26  1.75929  0.0789537  0.0157105
26  1.82212  0.0824739  0.0176674
26  1.88496  0.0808587  0.0158371
26  1.94779  0.0701302  0.01286
26  2.01062  0.0770514  0.0138685
26  2.07345  0.0653897  0.010676
26  2.13628  0.0577513  0.00813337
26  2.19911  0.0495388  0.00580967
26  2.26195  0.047226  0.00643212
26  2.32478  0.0420101  0.005864
26  2.38761  0.0520672  0.0107139
26  2.45044  0.0461848  0.0147181
26  2.51327  0.0654529  0.0289877
26  2.57611  0.0735692  0.0508714
26  2.63894  0.0692053  0.055012
26  2.70177  0.0764157  0.113683
26  2.7646  0.0633017  0.0850582
26  2.82743  0.0361395  0.265187
26  2.89027  0  0
26  2.9531  0  0
26  3.01593  0  0
26  3.07876  0  0
27  0  0  0
27  0.0628319  0  0
27  0.125664  0  0
27  0.188496  0  0
27  0.251327  0.258759  1.70226
27  0.314159  0.0503869  0.0417771
27  0.376991  0.0526407  0.0430313
27  0.439823  0.0633383  0.0484746
27  0.502655  0.0566061  0.043719
27  0.565487  0.0469003  0.0164385
27  0.628319  0.0418163  0.0108031
27  0.69115  0.0437407  0.008554
27  0.753982  0.0471256  0.00699703
27  0.816814  0.0509327  0.00734584
27  0.879646  0.0475156  0.00532012
27  0.942478  0.0639321  0.00917871
27  1.00531  0.0667267  0.0111175
27  1.06814  0.068851  0.0106954
27  1.13097  0.0769637  0.0145561
27  1.19381  0.0834083  0.016475
27  1.25664  0.0938953  0.0240256
27  1.31947  0.0820194  0.0167874
27  1.3823  0.0903406  0.021302
27  1.44513  0.115965  0.0380389
27  1.50796  0.0811623  0.0157056
27  1.5708  0.091868  0.0200399
27  1.63363  0.0973949  0.0246611
27  1.69646  0.0893285  0.0198356
27  1.75929  0.0823697  0.0145232
27  1.82212  0.0866971  0.0191638
27  1.88496  0.0803437  0.015205
27  1.94779  0.0720039  0.0126913
27  2.01062  0.0693408  0.0118
27  2.07345  0.0649704  0.00954912
27  2.13628  0.0497372  0.00574609
27  2.19911  0.0473852  0.00567935
27  2.26195  0.0433449  0.00477025
27  2.32478  0.0489958  0.00766643
27  2.38761  0.0444905  0.0077322
27  2.45044  0.0540203  0.0169599
27  2.51327  0.0546783  0.0210611
27  2.57611  0.0550129  0.0403323
27  2.63894  0.0474339  0.0315255
27  2.70177  0.119415  0.0914497
27  2.7646  0.105528  0.0758882
27  2.82743  0.0176333  0.129391
27  2.89027  0  0
27  2.9531  0  0
27  3.01593  0  0
27  3.07876  0  0
28  0  0  0
28  0.0628319  0  0
28  0.125664  0  0
28  0.188496  0  0
28  0.251327  0  0
28  0.314159  0.129334  0.100875
28  0.376991  0.112867  0.087934
28  0.439823  0.0593433  0.0572414
28  0.502655  0.0716933  0.0542689
28  0.565487  0.0494924  0.0207634
28  0.628319  0.0628896  0.0231793
28  0.69115  0.0458695  0.0111103
28  0.753982  0.04853  0.00761927
28  0.816814  0.0483425  0.00617654
28  0.879646  0.0463914  0.00501864
28  0.942478  0.0570955  0.00799016
28  1.00531  0.0668779  0.0105093
28  1.06814  0.0781941  0.0147701
28  1.13097  0.0793504  0.0141557
28  1.19381  0.0866754  0.018266
28  1.25664  0.0878871  0.0215016
28  1.31947  0.0869289  0.019591
28  1.3823  0.0843727  0.0180739
28  1.44513  0.0976901  0.024166
28  1.50796  0.110142  0.0347879
28  1.5708  0.0904902  0.0222927
28  1.63363  0.108792  0.030833
28  1.69646  0.0900955  0.0212044
28  1.75929  0.0835338  0.0163194
28  1.82212  0.0873492  0.0198318
28  1.88496  0.0838336  0.017494
28  1.94779  0.0795154  0.0175038
28  2.01062  0.0734428  0.0145188
28  2.07345  0.0609101  0.00861509
28  2.13628  0.0596281  0.00865698
28  2.19911  0.0453948  0.00502452
28  2.26195  0.0477469  0.00594625
28  2.32478  0.039411  0.00508705
28  2.38761  0.0618366  0.0189008
28  2.45044  0.0456904  0.0117854
28  2.51327  0.0444593  0.0131184
28  2.57611  0.0485025  0.0309999
28  2.63894  0.0291903  0.0124093
28  2.70177  0.0572089  0.059693
28  2.7646  0.130302  0.119453
28  2.82743  0.0155383  0.114017
28  2.89027  0  0
28  2.9531  0  0
28  3.01593  0  0
28  3.07876  0  0
29  0  0  0
29  0.0628319  0  0
29  0.125664  0  0
29  0.188496  0  0
29  0.251327  0.147457  1.30844
29  0.314159  0.0300022  0.0575096
29  0.376991  0.0573693  0.0973936
29  0.439823  0.0380325  0.0216538
29  0.502655  0.0519028  0.0280321
29  0.565487  0.0617674  0.0388813
29  0.628319  0.0498932  0.0195057
29  0.69115  0.0469953  0.00963101
29  0.753982  0.0591832  0.0108411
29  0.816814  0.0436173  0.00477323
29  0.879646  0.0516495  0.00617916
29  0.942478  0.0523553  0.00631945
29  1.00531  0.0630066  0.00992811
29  1.06814  0.0752627  0.0132078
29  1.13097  0.0697388  0.0116927
29  1.19381  0.0709166  0.0119744
29  1.25664  0.0941481  0.0241856
29  1.31947  0.0901564  0.0228153
29  1.3823  0.0915474  0.0215994
29  1.44513  0.0907081  0.0232297
29  1.50796  0.0944588  0.0210741
29  1.5708  0.0827645  0.0161591
29  1.63363  0.108233  0.0326007
29  1.69646  0.109324  0.0341518
29  1.75929  0.0782115  0.0151579
29  1.82212  0.101505  0.0299015
29  1.88496  0.0811675  0.016102
29  1.94779  0.0738958  0.0135272
29  2.01062  0.0721763  0.0125253
29  2.07345  0.0614712  0.00952855
29  2.13628  0.0551386  0.0073757
29  2.19911  0.050053  0.00590906
29  2.26195  0.0482597  0.00592699
29  2.32478  0.0469994  0.00750374
29  2.38761  0.0451897  0.00777503
29  2.45044  0.0572235  0.0205002
29  2.51327  0.0500035  0.0187366
29  2.57611  0.0466221  0.0336547
29  2.63894  0.0584068  0.0449641
29  2.70177  0.0723929  0.117886
29  2.7646  0.0579188  0.0744869
29  2.82743  0.00593596  0.0435572
29  2.89027  0  0
29  2.9531  0  0
29  3.01593  0  0
29  3.07876  0  0
30  0  0  0
30  0.0628319  0  0
30  0.125664  0  0
30  0.188496  0  0
30  0.251327  0.0938518  0.0582885
30  0.314159  0.0484863  0.0736759
30  0.376991  0.085578  0.127097
30  0.439823  0.0886463  0.12731
30  0.502655  0.046777  0.0226611
30  0.565487  0.0552295  0.0211708
30  0.628319  0.0428628  0.0114088
30  0.69115  0.0481411  0.0102517
30  0.753982  0.0432158  0.00521074
30  0.816814  0.048414  0.00651341
30  0.879646  0.0504992  0.00584483
30  0.942478  0.0606061  0.00848687
30  1.00531  0.0712127  0.0129213
30  1.06814  0.0651982  0.0105832
30  1.13097  0.0723301  0.0115619
30  1.19381  0.0834732  0.0164344
30  1.25664  0.0966072  0.0255617
30  1.31947  0.0996026  0.0251011
30  1.3823  0.0892619  0.0195976
30  1.44513  0.0880888  0.0192951
30  1.50796  0.104255  0.0285521
30  1.5708  0.0945375  0.0222953
30  1.63363  0.0922186  0.0202184
30  1.69646  0.0875073  0.0179487
30  1.75929  0.0786851  0.0138766
30  1.82212  0.0892187  0.0207357
30  1.88496  0.0912229  0.0205011
30  1.94779  0.0798963  0.0149037
30  2.01062  0.0704105  0.0116531
30  2.07345  0.0659136  0.0105186
30  2.13628  0.0611188  0.00880962
30  2.19911  0.0480138  0.00521375
30  2.26195  0.0486562  0.00616491
30  2.32478  0.0486139  0.00682274
30  2.38761  0.0447035  0.00795799
30  2.45044  0.0534946  0.0149003
30  2.51327  0.0725523  0.0385178
30  2.57611  0.0530875  0.0298469
30  2.63894  0.083664  0.1321
30  2.70177  0.136424  0.101562
30  2.7646  0.0364661  0.0585662
30  2.82743  0.164023  0.149031
30  2.89027  0  0
30  2.9531  0  0
30  3.01593  0  0
30  3.07876  0  0
31  0  0  0
31  0.0628319  0  0
31  0.125664  0  0
31  0.188496  0  0
31  0.251327  0.114721  0.0777388
31  0.314159  0.0303685  0.0446911
31  0.376991  0.05436  0.0477826
31  0.439823  0.0594325  0.0405283
31  0.502655  0.0578191  0.0358825
31  0.565487  0.0461711  0.0150044
31  0.628319  0.0487555  0.01347
31  0.69115  0.0514363  0.0098986
31  0.753982  0.0476143  0.00608053
31  0.816814  0.0470288  0.00618752
31  0.879646  0.0548233  0.00754174
31  0.942478  0.0594556  0.0095554
31  1.00531  0.0663462  0.0101136
31  1.06814  0.0824499  0.0185749
31  1.13097  0.0745767  0.0146895
31  1.19381  0.0782738  0.014373
31  1.25664  0.0821322  0.0155229
31  1.31947  0.0932147  0.0231114
31  1.3823  0.0825318  0.0151569
31  1.44513  0.0899819  0.0199514
31  1.50796  0.0976119  0.0264232
31  1.5708  0.0926959  0.0210792
31  1.63363  0.094314  0.0223455
31  1.69646  0.113831  0.0399726
31  1.75929  0.0904369  0.0202449
31  1.82212  0.0789897  0.0166452
31  1.88496  0.0775842  0.0143113
31  1.94779  0.0871679  0.0177071
31  2.01062  0.0730106  0.0142905
31  2.07345  0.075245  0.0140456
31  2.13628  0.061192  0.00902207
31  2.19911  0.0533159  0.00718963
31  2.26195  0.053478  0.00795211
31  2.32478  0.0502317  0.00727278
31  2.38761  0.0509552  0.0123697
31  2.45044  0.0548068  0.0159924
31  2.51327  0.0498223  0.0194006
31  2.57611  0.0596719  0.0441048
31  2.63894  0.0463812  0.0273603
31  2.70177  0.0570852  0.0549151
31  2.7646  0.0779008  0.0670122
31  2.82743  0.0432976  0.317712
31  2.89027  0  0
31  2.9531  0  0
31  3.01593  0  0
31  3.07876  0  0
32  0  0  0
32  0.0628319  0  0
32  0.125664  0  0
32  0.188496  0  0
32  0.251327  0.0524536  0.0377036
32  0.314159  0.0928017  0.0474687
32  0.376991  0.074603  0.0878174
32  0.439823  0.0853936  0.11839
32  0.502655  0.058779  0.030458
32  0.565487  0.0460706  0.0138784
32  0.628319  0.0529219  0.0160738
32  0.69115  0.0493704  0.010093
32  0.753982  0.0395485  0.00505925
32  0.816814  0.0471624  0.00612354
32  0.879646  0.0493533  0.00530134
32  0.942478  0.0556505  0.00724045
32  1.00531  0.062101  0.00882114
32  1.06814  0.0744988  0.0136045
32  1.13097  0.0720535  0.0115705
32  1.19381  0.0864437  0.0200729
32  1.25664  0.0900203  0.0233844
32  1.31947  0.0877001  0.0210799
32  1.3823  0.0916106  0.0208755
32  1.44513  0.0888599  0.0195731
32  1.50796  0.0849288  0.0172643
32  1.5708  0.0825373  0.0152196
32  1.63363  0.110734  0.0399808
32  1.69646  0.0960622  0.0217653
32  1.75929  0.0893746  0.0224725
32  1.82212  0.104798  0.0296594
32  1.88496  0.0869964  0.0189626
32  1.94779  0.0774288  0.0134986
32  2.01062  0.0650203  0.010281
32  2.07345  0.0669671  0.0114177
32  2.13628  0.0631114  0.0094924
32  2.19911  0.046406  0.00578323
32  2.26195  0.0468576  0.0055006
32  2.32478  0.0427742  0.0055151
32  2.38761  0.0444467  0.00979958
32  2.45044  0.0468513  0.0146079
32  2.51327  0.0535493  0.0270315
32  2.57611  0.044377  0.0174198
32  2.63894  0.0363082  0.0192593
32  2.70177  0.0481782  0.0477303
32  2.7646  0.0670807  0.107894
32  2.82743  0.113726  0.0884807
32  2.89027  0  0
32  2.9531  0  0
32  3.01593  0  0
32  3.07876  0  0
33  0  0  0
33  0.0628319  0  0
33  0.125664  0  0
33  0.188496  0  0
33  0.251327  0.0724259  0.0362406
33  0.314159  0.0872325  0.0869537
33  0.376991  0.0849562  0.129782
33  0.439823  0.0485885  0.0290789
33  0.502655  0.0478708  0.0266527
33  0.565487  0.0574069  0.0278936
33  0.628319  0.0519489  0.0144241
33  0.69115  0.0451842  0.00792445
33  0.753982  0.0459664  0.0067705
33  0.816814  0.0492359  0.00646274
33  0.879646  0.0485713  0.00568536
33  0.942478  0.0597737  0.00851659
33  1.00531  0.0607122  0.00930982
33  1.06814  0.0736225  0.012078
33  1.13097  0.0771653  0.0149823
33  1.19381  0.0759762  0.0125671
33  1.25664  0.0905525  0.0231867
33  1.31947  0.0937235  0.0234585
33  1.3823  0.0861166  0.0187508
33  1.44513  0.0859769  0.0175608
33  1.50796  0.098655  0.0255614
33  1.5708  0.0886681  0.0213609
33  1.63363  0.0998228  0.0277746
33  1.69646  0.0912211  0.0208461
33  1.75929  0.100627  0.0270349
33  1.82212  0.0938726  0.0235647
33  1.88496  0.0923694  0.0253515
33  1.94779  0.0826304  0.0174343
33  2.01062  0.0684988  0.011094
33  2.07345  0.0594787  0.00821475
33  2.13628  0.0597932  0.00860972
33  2.19911  0.0543888  0.00697853
33  2.26195  0.0493538  0.00600016
33  2.32478  0.0543617  0.00834275
33  2.38761  0.0449707  0.00824911
33  2.45044  0.0457616  0.0116739
33  2.51327  0.0612468  0.0387637
33  2.57611  0.0469608  0.0221008
33  2.63894  0.0479918  0.0331276
33  2.70177  0.105214  0.113347
33  2.7646  0.0252014  0.0311404
33  2.82743  0.0365524  0.0364905
33  2.89027  0  0
33  2.9531  0  0
33  3.01593  0  0
33  3.07876  0  0
34  0  0  0
34  0.0628319  0  0
34  0.125664  0  0
34  0.188496  0  0
34  0.251327  0.0426289  0.0417754
34  0.314159  0.0950423  0.0947507
34  0.376991  0.0618953  0.0629573
34  0.439823  0.0560712  0.1002
34  0.502655  0.0410325  0.0165797
34  0.565487  0.0548255  0.022983
34  0.628319  0.0518776  0.0160486
34  0.69115  0.0452883  0.00798521
34  0.753982  0.0450516  0.00645458
34  0.816814  0.0459839  0.0056706
34  0.879646  0.0516995  0.0062743
34  0.942478  0.0648995  0.010369
34  1.00531  0.0638367  0.00987712
34  1.06814  0.060721  0.00894645
34  1.13097  0.0730567  0.0118654
34  1.19381  0.0850721  0.0155776
34  1.25664  0.0894458  0.0201643
34  1.31947  0.086775  0.0194014
34  1.3823  0.0864964  0.0202972
34  1.44513  0.0808174  0.0153745
34  1.50796  0.090801  0.0205231
34  1.5708  0.0899952  0.020247
34  1.63363  0.104291  0.0315844
34  1.69646  0.0888908  0.0183092
34  1.75929  0.0877889  0.0204725
34  1.82212  0.0914897  0.0207804
34  1.88496  0.0963907  0.026496
34  1.94779  0.0778294  0.0145538
34  2.01062  0.0899063  0.020966
34  2.07345  0.0655886  0.011383
34  2.13628  0.0596631  0.00888321
34  2.19911  0.0573504  0.00861698
34  2.26195  0.0474361  0.00616471
34  2.32478  0.0451623  0.0065544
34  2.38761  0.050914  0.0110072
34  2.45044  0.0496191  0.0139679
34  2.51327  0.0557685  0.0210834
34  2.57611  0.0566137  0.0335034
34  2.63894  0.077532  0.116871
34  2.70177  0.0565743  0.0949407
34  2.7646  0.0769209  0.0790161
34  2.82743  0.283093  0.157054
34  2.89027  0  0
34  2.9531  0  0
34  3.01593  0  0
34  3.07876  0  0
35  0  0  0
35  0.0628319  0  0
35  0.125664  0  0
35  0.188496  0  0
35  0.251327  0.11004  0.0767439
35  0.314159  0.0685521  0.0850523
35  0.376991  0.0798211  0.115961
35  0.439823  0.0405702  0.0195629
35  0.502655  0.0441548  0.0238554
35  0.565487  0.0461157  0.014049
35  0.628319  0.0437905  0.0110369
35  0.69115  0.0481601  0.00918732
35  0.753982  0.0437434  0.00533447
35  0.816814  0.0433672  0.00432539
35  0.879646  0.0535934  0.00631743
35  0.942478  0.0548496  0.00684604
35  1.00531  0.0654956  0.0105479
35  1.06814  0.0689706  0.0110097
35  1.13097  0.0755507  0.0131906
35  1.19381  0.07851  0.0127041
35  1.25664  0.0853007  0.0196208
35  1.31947  0.0966149  0.0253343
35  1.3823  0.0834661  0.0162186
35  1.44513  0.082712  0.0175549
35  1.50796  0.0933696  0.0216328
35  1.5708  0.109611  0.0340559
35  1.63363  0.0917784  0.0216018
35  1.69646  0.0881139  0.0189336
35  1.75929  0.101151  0.0291637
35  1.82212  0.0875877  0.0189503
35  1.88496  0.0878064  0.0186539
35  1.94779  0.0837387  0.0170093
35  2.01062  0.0695586  0.0122896
35  2.07345  0.0669938  0.0117604
35  2.13628  0.0571746  0.00811267
35  2.19911  0.0527083  0.00684081
35  2.26195  0.0482375  0.00588933
35  2.32478  0.0455019  0.0067768
35  2.38761  0.0516368  0.0105443
35  2.45044  0.0469292  0.0121893
35  2.51327  0.0470009  0.0149682
35  2.57611  0.0685286  0.0439148
35  2.63894  0.045998  0.0289917
35  2.70177  0.0494246  0.0523908
35  2.7646  0.0258349  0.0524558
35  2.82743  0.058548  0.0347723
35  2.89027  0  0
35  2.9531  0  0
35  3.01593  0  0
35  3.07876  0  0
36  0  0  0
36  0.0628319  0  0
36  0.125664  0  0
36  0.188496  0  0
36  0.251327  0.15083  0.10433
36  0.314159  0.066871  0.0832269
36  0.376991  0.0255031  0.0144517
36  0.439823  0.064324  0.0528832
36  0.502655  0.0364308  0.0132346
36  0.565487  0.0483854  0.0177361
36  0.628319  0.0448529  0.0108906
36  0.69115  0.0513499  0.0104204
36  0.753982  0.0460795  0.00739787
36  0.816814  0.0496249  0.0062243
36  0.879646  0.0454876  0.0050205
36  0.942478  0.0578127  0.00778542
36  1.00531  0.0576685  0.00818163
36  1.06814  0.0782977  0.0158982
36  1.13097  0.0727415  0.0117474
36  1.19381  0.081028  0.0155206
36  1.25664  0.0767518  0.0142139
36  1.31947  0.0923447  0.0229581
36  1.3823  0.0842006  0.0163883
36  1.44513  0.0798633  0.0150701
36  1.50796  0.0984713  0.0222247
36  1.5708  0.0950589  0.0217814
36  1.63363  0.090456  0.0223098
36  1.69646  0.0925516  0.0219874
36  1.75929  0.0860107  0.0182268
36  1.82212  0.0794105  0.0162218
36  1.88496  0.0810088  0.0154514
36  1.94779  0.0758365  0.013945
36  2.01062  0.0709466  0.011474
36  2.07345  0.0665397  0.0108788
36  2.13628  0.052475  0.00629897
36  2.19911  0.0551738  0.00730593
36  2.26195  0.0439469  0.00510722
36  2.32478  0.0479197  0.00685405
36  2.38761  0.041303  0.0062139
36  2.45044  0.0485978  0.0130259
36  2.51327  0.0581952  0.0241468
36  2.57611  0.0423032  0.0165873
36  2.63894  0.00777872  0.0998461
36  2.70177  0.0481099  0.0406317
36  2.7646  0.0360514  0.0607481
36  2.82743  0.136204  0.0767865
36  2.89027  0  0
36  2.9531  0  0
36  3.01593  0  0
36  3.07876  0  0
37  0  0  0
37  0.0628319  0  0
37  0.125664  0  0
37  0.188496  0  0
37  0.251327  0.258759  1.70226
37  0.314159  0.111566  0.119463
37  0.376991  0.0500286  0.0849264
37  0.439823  0.0467858  0.0297502
37  0.502655  0.0492917  0.0229565
37  0.565487  0.0453216  0.0154466
37  0.628319  0.0572938  0.019684
37  0.69115  0.0485312  0.00948489
37  0.753982  0.0419948  0.00576103
37  0.816814  0.0494652  0.00638633
37  0.879646  0.0531379  0.00711624
37  0.942478  0.0572295  0.00791595
37  1.00531  0.0602437  0.0084005
37  1.06814  0.0637851  0.0101962
37  1.13097  0.0726077  0.0130519
37  1.19381  0.0725096  0.0116013
37  1.25664  0.0883387  0.0204033
37  1.31947  0.0924529  0.0215466
37  1.3823  0.103133  0.028423
37  1.44513  0.0813975  0.015363
37  1.50796  0.0996175  0.0271375
37  1.5708  0.100155  0.0255258
37  1.63363  0.0878127  0.0183673
37  1.69646  0.0832458  0.01876
37  1.75929  0.0897122  0.0201805
37  1.82212  0.0821008  0.0162188
37  1.88496  0.0824461  0.0167058
37  1.94779  0.0896084  0.0215042
37  2.01062  0.071614  0.011604
37  2.07345  0.0737319  0.014232
37  2.13628  0.0581451  0.00840365
37  2.19911  0.0462904  0.00527601
37  2.26195  0.0474801  0.00558257
37  2.32478  0.0549931  0.00945238
37  2.38761  0.047304  0.01132
37  2.45044  0.040002  0.009714
37  2.51327  0.0403731  0.0115908
37  2.57611  0.0460368  0.0228657
37  2.63894  0.0745964  0.0694193
37  2.70177  0.0330875  0.0219412
37  2.7646  0.0380306  0.0696739
37  2.82743  0.0689571  0.0529008
37  2.89027  0  0
37  2.9531  0  0
37  3.01593  0  0
37  3.07876  0  0
38  0  0  0
38  0.0628319  0  0
38  0.125664  0  0
38  0.188496  0  0
38  0.251327  0.159488  0.0991083
38  0.314159  0.136564  0.100552
38  0.376991  0.153902  0.0850525
38  0.439823  0.0560758  0.0375722
38  0.502655  0.0514507  0.0229925
38  0.565487  0.0414629  0.0115109
38  0.628319  0.0514662  0.0144729
38  0.69115  0.0552495  0.0148013
38  0.753982  0.0435713  0.00642713
38  0.816814  0.0516424  0.0077864
38  0.879646  0.0480915  0.00554138
38  0.942478  0.0551248  0.00680017
38  1.00531  0.0648324  0.0108273
38  1.06814  0.0656115  0.0104814
38  1.13097  0.0824242  0.0158333
38  1.19381  0.0849871  0.0170583
38  1.25664  0.0885897  0.01917
38  1.31947  0.094178  0.0207178
38  1.3823  0.0931223  0.0219303
38  1.44513  0.0976688  0.0242405
38  1.50796  0.0853106  0.0172679
38  1.5708  0.0840959  0.0175308
38  1.63363  0.101729  0.0296683
38  1.69646  0.0891938  0.0195721
38  1.75929  0.0795452  0.015432
38  1.82212  0.0709672  0.0123191
38  1.88496  0.0887581  0.0206876
38  1.94779  0.0856112  0.0186471
38  2.01062  0.0737601  0.0138167
38  2.07345  0.0676696  0.0106407
38  2.13628  0.0546644  0.00708984
38  2.19911  0.0491309  0.00583468
38  2.26195  0.0468861  0.00614259
38  2.32478  0.0408657  0.00484207
38  2.38761  0.0547669  0.0122283
38  2.45044  0.048007  0.0129131
38  2.51327  0.0458357  0.0121991
38  2.57611  0.0425843  0.0190688
38  2.63894  0.0632077  0.0965378
38  2.70177  0.0898766  0.109347
38  2.7646  0.0629082  0.0855966
38  2.82743  0.0351899  0.0543576
38  2.89027  0  0
38  2.9531  0  0
38  3.01593  0  0
38  3.07876  0  0
39  0  0  0
39  0.0628319  0  0
39  0.125664  0  0
39  0.188496  0  0
39  0.251327  0.105417  0.0737327
39  0.314159  0.0869088  0.0856315
39  0.376991  0.0391801  0.0283306
39  0.439823  0.0719628  0.06743
39  0.502655  0.0450325  0.0204711
39  0.565487  0.0585585  0.0294882
39  0.628319  0.0506024  0.0140285
39  0.69115  0.0429048  0.00705535
39  0.753982  0.0447698  0.00558292
39  0.816814  0.0489526  0.0062493
39  0.879646  0.0485545  0.00588893
39  0.942478  0.0598133  0.00860162
39  1.00531  0.0634404  0.0092535
39  1.06814  0.0657228  0.010133
39  1.13097  0.071863  0.0119449
39  1.19381  0.0819453  0.0180177
39  1.25664  0.0826789  0.0170356
39  1.31947  0.0881409  0.0184562
39  1.3823  0.0883006  0.0199667
39  1.44513  0.0932291  0.0228219
39  1.50796  0.0889076  0.0197144
39  1.5708  0.0842288  0.0198166
39  1.63363  0.0849054  0.0173628
39  1.69646  0.0984432  0.0255967
39  1.75929  0.0854851  0.0184978
39  1.82212  0.0882337  0.0200002
39  1.88496  0.0895128  0.0219239
39  1.94779  0.0762625  0.0134272
39  2.01062  0.0702381  0.012
39  2.07345  0.0641493  0.0103685
39  2.13628  0.0645041  0.0101305
39  2.19911  0.0436554  0.00481004
39  2.26195  0.0494075  0.00631675
39  2.32478  0.0474255  0.00727298
39  2.38761  0.0507542  0.0107206
39  2.45044  0.0446851  0.0119686
39  2.51327  0.0484395  0.0161778
39  2.57611  0.0420526  0.0179699
39  2.63894  0.0486032  0.0325284
39  2.70177  0.0585262  0.0560277
39  2.7646  0.0321169  0.0628985
39  2.82743  0.0449828  0.0724858
39  2.89027  0  0
39  2.9531  0  0
39  3.01593  0  0
39  3.07876  0  0
