2  0  0  0
2  0.0628319  0  0
2  0.125664  0  0
2  0.188496  0  0
2  0.251327  0  0
2  0.314159  0  0
2  0.376991  0  0
2  0.439823  0  0
2  0.502655  0  0
2  0.565487  0  0
2  0.628319  0  0
2  0.69115  0  0
2  0.753982  0  0
2  0.816814  0  0
2  0.879646  0  0
2  0.942478  0  0
2  1.00531  0  0
2  1.06814  0  0
2  1.13097  0  0
2  1.19381  0  0
2  1.25664  0  0
2  1.31947  0  0
2  1.3823  0  0
2  1.44513  0  0
2  1.50796  0  0
2  1.5708  0  0
2  1.63363  0  0
2  1.69646  0  0
2  1.75929  0  0
2  1.82212  0  0
2  1.88496  0  0
2  1.94779  0  0
2  2.01062  0  0
2  2.07345  0  0
2  2.13628  0  0
2  2.19911  0  0
2  2.26195  0  0
2  2.32478  0  0
2  2.38761  0  0
2  2.45044  0  0
2  2.51327  0  0
2  2.57611  0  0
2  2.63894  0  0
2  2.70177  0  0
2  2.7646  0  0
2  2.82743  0  0
2  2.89027  0  0
2  2.9531  0  0
2  3.01593  0  0
2  3.07876  0  0
2.5  0  0  0
2.5  0.0628319  0  0
2.5  0.125664  0  0
2.5  0.188496  0  0
2.5  0.251327  0  0
2.5  0.314159  0  0
2.5  0.376991  0  0
2.5  0.439823  0  0
2.5  0.502655  0  0
2.5  0.565487  0  0
2.5  0.628319  0  0
2.5  0.69115  0  0
2.5  0.753982  0  0
2.5  0.816814  0  0
2.5  0.879646  0  0
2.5  0.942478  0  0
2.5  1.00531  0  0
2.5  1.06814  0  0
2.5  1.13097  0  0
2.5  1.19381  0.211864  0.460287
2.5  1.25664  0.950119  0.97474
2.5  1.31947  3.67816  1.91785
2.5  1.3823  9.66921  3.10954
2.5  1.44513  12.3318  3.51167
2.5  1.50796  14.9038  3.86055
2.5  1.5708  9.41476  3.06835
2.5  1.63363  13.8425  3.72055
2.5  1.69646  11.5566  3.3995
2.5  1.75929  4.11255  2.02794
2.5  1.82212  1.44628  1.20261
2.5  1.88496  0  0
2.5  1.94779  0.226244  0.475651
2.5  2.01062  0  0
2.5  2.07345  0  0
2.5  2.13628  0  0
2.5  2.19911  0  0
2.5  2.26195  0  0
2.5  2.32478  0  0
2.5  2.38761  0  0
2.5  2.45044  0  0
2.5  2.51327  0  0
2.5  2.57611  0  0
2.5  2.63894  0  0
2.5  2.70177  0  0
2.5  2.7646  0  0
2.5  2.82743  0  0
2.5  2.89027  0  0
2.5  2.9531  0  0
2.5  3.01593  0  0
2.5  3.07876  0  0
3  0  0  0
3  0.0628319  0  0
3  0.125664  0  0
3  0.188496  0  0
3  0.251327  0  0
3  0.314159  0  0
3  0.376991  0  0
3  0.439823  0  0
3  0.502655  0  0
3  0.565487  0  0
3  0.628319  0  0
3  0.69115  0  0
3  0.753982  0  0
3  0.816814  0  0
3  0.879646  0.316456  0.562544
3  0.942478  8.48057  2.91214
3  1.00531  21.7153  4.65997
3  1.06814  42.3387  6.50682
3  1.13097  53.7281  7.32994
3  1.19381  60.5023  7.77832
3  1.25664  70.3614  8.38817
3  1.31947  72.54  8.51704
3  1.3823  78.291  8.84822
3  1.44513  75.814  8.70712
3  1.50796  80.3398  8.96325
3  1.5708  76.6423  8.75456
3  1.63363  77.33  8.79375
3  1.69646  78.2201  8.84422
3  1.75929  71.5  8.45577
3  1.82212  72.6862  8.52562
3  1.88496  64.8526  8.05311
3  1.94779  53.9474  7.34489
3  2.01062  36.9565  6.07919
3  2.07345  20.1139  4.48485
3  2.13628  7.78986  2.79103
3  2.19911  0.160772  0.400963
3  2.26195  0  0
3  2.32478  0  0
3  2.38761  0  0
3  2.45044  0  0
3  2.51327  0  0
3  2.57611  0  0
3  2.63894  0  0
3  2.70177  0  0
3  2.7646  0  0
3  2.82743  0  0
3  2.89027  0  0
3  2.9531  0  0
3  3.01593  0  0
3  3.07876  0  0
3.5  0  0  0
3.5  0.0628319  0  0
3.5  0.125664  0  0
3.5  0.188496  0  0
3.5  0.251327  0  0
3.5  0.314159  0  0
3.5  0.376991  0  0
3.5  0.439823  0  0
3.5  0.502655  0  0
3.5  0.565487  0  0
3.5  0.628319  0  0
3.5  0.69115  0  0
3.5  0.753982  2.90909  1.70561
3.5  0.816814  23.6301  4.86108
3.5  0.879646  51.2324  7.15768
3.5  0.942478  63.8079  7.98798
3.5  1.00531  69.6589  8.34619
3.5  1.06814  69.2153  8.31957
3.5  1.13097  71.6698  8.4658
3.5  1.19381  75.0583  8.66362
3.5  1.25664  72.0096  8.48585
3.5  1.31947  77.9661  8.82984
3.5  1.3823  77.0531  8.77799
3.5  1.44513  73.7913  8.59019
3.5  1.50796  79.1457  8.89639
3.5  1.5708  80.0995  8.94983
3.5  1.63363  81.6229  9.03454
3.5  1.69646  76.3761  8.73934
3.5  1.75929  76.7554  8.76102
3.5  1.82212  74.6032  8.63731
3.5  1.88496  71.9124  8.48012
3.5  1.94779  76.9048  8.76954
3.5  2.01062  72.5136  8.51549
3.5  2.07345  69.7074  8.3491
3.5  2.13628  67.3111  8.20433
3.5  2.19911  48.4992  6.96414
3.5  2.26195  25.1163  5.01161
3.5  2.32478  3.47349  1.86373
3.5  2.38761  0.247525  0.497519
3.5  2.45044  0  0
3.5  2.51327  0  0
3.5  2.57611  0  0
3.5  2.63894  0  0
3.5  2.70177  0  0
3.5  2.7646  0  0
3.5  2.82743  0  0
3.5  2.89027  0  0
3.5  2.9531  0  0
3.5  3.01593  0  0
3.5  3.07876  0  0
4  0  0  0
4  0.0628319  0  0
4  0.125664  0  0
4  0.188496  0  0
4  0.251327  0  0
4  0.314159  0  0
4  0.376991  0  0
4  0.439823  0  0
4  0.502655  0  0
4  0.565487  0  0
4  0.628319  0.588235  0.766965
4  0.69115  15.3846  3.92232
4  0.753982  52.5  7.24569
4  0.816814  62.9825  7.93615
4  0.879646  66.7651  8.17099
4  0.942478  67.6819  8.2269
4  1.00531  71.7228  8.46893
4  1.06814  74.4898  8.63075
4  1.13097  71.3974  8.4497
4  1.19381  72.2581  8.50047
4  1.25664  77.5056  8.80372
4  1.31947  77.512  8.80409
4  1.3823  77.5656  8.80714
4  1.44513  79.5673  8.92005
4  1.50796  81.0552  9.00306
4  1.5708  81.2065  9.01146
4  1.63363  78.6047  8.86593
4  1.69646  76.9784  8.77373
4  1.75929  77.7228  8.81605
4  1.82212  73.3475  8.56432
4  1.88496  75.1046  8.66629
4  1.94779  71.1462  8.43482
4  2.01062  70.6478  8.40522
4  2.07345  70.7965  8.41406
4  2.13628  69.147  8.31547
4  2.19911  69.7115  8.34934
4  2.26195  67.3469  8.20652
4  2.32478  51.0476  7.14476
4  2.38761  16.6287  4.07783
4  2.45044  1.27389  1.12867
4  2.51327  0  0
4  2.57611  0  0
4  2.63894  0  0
4  2.70177  0  0
4  2.7646  0  0
4  2.82743  0  0
4  2.89027  0  0
4  2.9531  0  0
4  3.01593  0  0
4  3.07876  0  0
4.5  0  0  0
4.5  0.0628319  0  0
4.5  0.125664  0  0
4.5  0.188496  0  0
4.5  0.251327  0  0
4.5  0.314159  0  0
4.5  0.376991  0  0
4.5  0.439823  0  0
4.5  0.502655  0  0
4.5  0.565487  0  0
4.5  0.628319  23.511  4.84881
4.5  0.69115  59.1928  7.69369
4.5  0.753982  61.6822  7.8538
4.5  0.816814  61.1296  7.81854
4.5  0.879646  66.1238  8.13165
4.5  0.942478  70.7593  8.41185
4.5  1.00531  68.3544  8.26767
4.5  1.06814  75.6592  8.69823
4.5  1.13097  74.3644  8.62348
4.5  1.19381  76.3797  8.73955
4.5  1.25664  78.4017  8.85448
4.5  1.31947  77.7283  8.81636
4.5  1.3823  80.3922  8.96617
4.5  1.44513  79.0094  8.88873
4.5  1.50796  86.1827  9.28346
4.5  1.5708  77.5  8.80341
4.5  1.63363  77.3585  8.79537
4.5  1.69646  76.7943  8.76323
4.5  1.75929  78.7654  8.87499
4.5  1.82212  77.3171  8.79301
4.5  1.88496  75.4839  8.68815
4.5  1.94779  75.1046  8.66629
4.5  2.01062  69.6078  8.34313
4.5  2.07345  71.0843  8.43115
4.5  2.13628  66.5552  8.15814
4.5  2.19911  64.4013  8.02504
4.5  2.26195  64.297  8.01854
4.5  2.32478  64.0596  8.00372
4.5  2.38761  60.1467  7.75543
4.5  2.45044  21.2121  4.60566
4.5  2.51327  0  0
4.5  2.57611  0.423729  0.650945
4.5  2.63894  0  0
4.5  2.70177  0  0
4.5  2.7646  0  0
4.5  2.82743  0  0
4.5  2.89027  0  0
4.5  2.9531  0  0
4.5  3.01593  0  0
4.5  3.07876  0  0
5  0  0  0
5  0.0628319  0  0
5  0.125664  0  0
5  0.188496  0  0
5  0.251327  0  0
5  0.314159  0  0
5  0.376991  0  0
5  0.439823  0  0
5  0.502655  0  0
5  0.565487  21.1618  4.6002
5  0.628319  53.0303  7.28219
5  0.69115  61.5034  7.84241
5  0.753982  61.296  7.82917
5  0.816814  66.0596  8.12771
5  0.879646  69.391  8.33013
5  0.942478  68.4211  8.2717
5  1.00531  72.4203  8.51001
5  1.06814  74.2857  8.61892
5  1.13097  76.7296  8.75954
5  1.19381  77.5934  8.80871
5  1.25664  77.8037  8.82064
5  1.31947  80.1527  8.9528
5  1.3823  84  9.16515
5  1.44513  83.5267  9.13929
5  1.50796  87.8641  9.37358
5  1.5708  85.1111  9.22557
5  1.63363  84.9515  9.21691
5  1.69646  78.6047  8.86593
5  1.75929  79.1262  8.89529
5  1.82212  80.6897  8.98274
5  1.88496  78.4188  8.85544
5  1.94779  78.4648  8.85804
5  2.01062  72.8632  8.536
5  2.07345  72.7799  8.53111
5  2.13628  70.0337  8.36861
5  2.19911  67.0492  8.18836
5  2.26195  63.0252  7.93884
5  2.32478  58.7571  7.66532
5  2.38761  61.1236  7.81816
5  2.45044  51.4107  7.17012
5  2.51327  16.3265  4.04061
5  2.57611  0  0
5  2.63894  0  0
5  2.70177  0  0
5  2.7646  0  0
5  2.82743  0  0
5  2.89027  0  0
5  2.9531  0  0
5  3.01593  0  0
5  3.07876  0  0
5.5  0  0  0
5.5  0.0628319  0  0
5.5  0.125664  0  0
5.5  0.188496  0  0
5.5  0.251327  0  0
5.5  0.314159  0  0
5.5  0.376991  0  0
5.5  0.439823  0  0
5.5  0.502655  3.86473  1.96589
5.5  0.565487  49.6212  7.04423
5.5  0.628319  62.3145  7.89396
5.5  0.69115  58.8785  7.67323
5.5  0.753982  64  8
5.5  0.816814  66.1458  8.13301
5.5  0.879646  71.4286  8.45154
5.5  0.942478  73.2297  8.55744
5.5  1.00531  72.9055  8.53847
5.5  1.06814  79.9257  8.94011
5.5  1.13097  80.3965  8.96641
5.5  1.19381  83.2976  9.12675
5.5  1.25664  82.8125  9.10014
5.5  1.31947  85.9031  9.26839
5.5  1.3823  86.1827  9.28346
5.5  1.44513  87.6744  9.36346
5.5  1.50796  87.7404  9.36698
5.5  1.5708  89.486  9.4597
5.5  1.63363  88.3055  9.3971
5.5  1.69646  87.4126  9.34947
5.5  1.75929  86.1702  9.28279
5.5  1.82212  82.5193  9.08401
5.5  1.88496  81.6415  9.03557
5.5  1.94779  79.9607  8.94208
5.5  2.01062  75.8551  8.70949
5.5  2.07345  76.9366  8.77135
5.5  2.13628  72.0486  8.48815
5.5  2.19911  72.5  8.51469
5.5  2.26195  66.2021  8.13647
5.5  2.32478  67.6829  8.22696
5.5  2.38761  62.9545  7.93439
5.5  2.45044  50.9554  7.13831
5.5  2.51327  41.4634  6.43921
5.5  2.57611  5.80357  2.40906
5.5  2.63894  0  0
5.5  2.70177  0  0
5.5  2.7646  0  0
5.5  2.82743  0  0
5.5  2.89027  0  0
5.5  2.9531  0  0
5.5  3.01593  0  0
5.5  3.07876  0  0
6  0  0  0
6  0.0628319  0  0
6  0.125664  0  0
6  0.188496  0  0
6  0.251327  0  0
6  0.314159  0  0
6  0.376991  0  0
6  0.439823  0.662252  0.813788
6  0.502655  30.4348  5.51677
6  0.565487  54.8263  7.40448
6  0.628319  56.4103  7.51068
6  0.69115  60.179  7.75751
6  0.753982  64.6388  8.03982
6  0.816814  68.2709  8.26262
6  0.879646  72.0859  8.49034
6  0.942478  77.9174  8.82708
6  1.00531  77.9497  8.82891
6  1.06814  83.8057  9.15454
6  1.13097  85.2248  9.23173
6  1.19381  87.5878  9.35884
6  1.25664  87.0824  9.3318
6  1.31947  92.3241  9.60854
6  1.3823  92.8899  9.63794
6  1.44513  96.2441  9.81041
6  1.50796  96.2791  9.81219
6  1.5708  97.7941  9.88909
6  1.63363  95.2381  9.759
6  1.69646  92.1801  9.60105
6  1.75929  92.2566  9.60503
6  1.82212  89.8104  9.47684
6  1.88496  85.9574  9.27132
6  1.94779  85.0622  9.22292
6  2.01062  81.5261  9.02918
6  2.07345  77.4566  8.80095
6  2.13628  73.8843  8.5956
6  2.19911  75.0383  8.66246
6  2.26195  67.9868  8.24541
6  2.32478  64.5224  8.03258
6  2.38761  63.6364  7.97724
6  2.45044  49.6667  7.04746
6  2.51327  49.1935  7.01381
6  2.57611  31.6062  5.62194
6  2.63894  0  0
6  2.70177  0  0
6  2.7646  0  0
6  2.82743  0  0
6  2.89027  0  0
6  2.9531  0  0
6  3.01593  0  0
6  3.07876  0  0
6.5  0  0  0
6.5  0.0628319  0  0
6.5  0.125664  0  0
6.5  0.188496  0  0
6.5  0.251327  0  0
6.5  0.314159  0  0
6.5  0.376991  0.877193  0.936586
6.5  0.439823  6.2069  2.49136
6.5  0.502655  39.5349  6.28768
6.5  0.565487  52.6316  7.25476
6.5  0.628319  62.2951  7.89272
6.5  0.69115  66.6667  8.16497
6.5  0.753982  67.0391  8.18774
6.5  0.816814  72.5234  8.51607
6.5  0.879646  76.7442  8.76038
6.5  0.942478  80.2469  8.95806
6.5  1.00531  83.6653  9.14688
6.5  1.06814  87.7953  9.36991
6.5  1.13097  88.6869  9.41737
6.5  1.19381  91.4798  9.56451
6.5  1.25664  94.1995  9.70564
6.5  1.31947  95.0119  9.7474
6.5  1.3823  95.8838  9.79203
6.5  1.44513  97.1678  9.85737
6.5  1.50796  97.9358  9.89625
6.5  1.5708  97.9452  9.89673
6.5  1.63363  95.202  9.75715
6.5  1.69646  96.6019  9.82863
6.5  1.75929  93.9732  9.69398
6.5  1.82212  94.4573  9.71891
6.5  1.88496  91.6309  9.5724
6.5  1.94779  88.2743  9.39544
6.5  2.01062  83.7553  9.15179
6.5  2.07345  82.6786  9.09278
6.5  2.13628  81.113  9.00627
6.5  2.19911  74.6244  8.63854
6.5  2.26195  70.3767  8.38908
6.5  2.32478  62.4046  7.89966
6.5  2.38761  64.8718  8.0543
6.5  2.45044  61.7737  7.85962
6.5  2.51327  51.5901  7.18263
6.5  2.57611  37.2807  6.10579
6.5  2.63894  5.73248  2.39426
6.5  2.70177  0  0
6.5  2.7646  0  0
6.5  2.82743  0  0
6.5  2.89027  0  0
6.5  2.9531  0  0
6.5  3.01593  0  0
6.5  3.07876  0  0
7  0  0  0
7  0.0628319  0  0
7  0.125664  0  0
7  0.188496  0  0
7  0.251327  0  0
7  0.314159  0  0
7  0.376991  0  0
7  0.439823  18.75  4.33013
7  0.502655  48.4716  6.96216
7  0.565487  54.8387  7.40532
7  0.628319  60.9272  7.80558
7  0.69115  64.7059  8.044
7  0.753982  66.0643  8.12799
7  0.816814  77.9715  8.83015
7  0.879646  81.9562  9.05296
7  0.942478  87.5421  9.35639
7  1.00531  87.7737  9.36876
7  1.06814  89.3305  9.45148
7  1.13097  92.3729  9.61108
7  1.19381  93.2806  9.65819
7  1.25664  94.2792  9.70975
7  1.31947  95.8333  9.78945
7  1.3823  96.2963  9.81307
7  1.44513  96.1446  9.80533
7  1.50796  98.5  9.92472
7  1.5708  97.8571  9.89228
7  1.63363  96.8085  9.83913
7  1.69646  95.4023  9.76741
7  1.75929  93.9547  9.69302
7  1.82212  93.379  9.66328
7  1.88496  91.939  9.58848
7  1.94779  91.018  9.54033
7  2.01062  90.4192  9.5089
7  2.07345  88.8683  9.427
7  2.13628  83.8366  9.15623
7  2.19911  81.0435  9.00242
7  2.26195  80.937  8.9965
7  2.32478  76.8463  8.7662
7  2.38761  63.6364  7.97724
7  2.45044  65.1757  8.07315
7  2.51327  49.6377  7.0454
7  2.57611  41.8269  6.46737
7  2.63894  11.7241  3.42405
7  2.70177  0  0
7  2.7646  0  0
7  2.82743  1.5873  1.25988
7  2.89027  0  0
7  2.9531  0  0
7  3.01593  0  0
7  3.07876  0  0
7.5  0  0  0
7.5  0.0628319  0  0
7.5  0.125664  0  0
7.5  0.188496  0  0
7.5  0.251327  0  0
7.5  0.314159  0  0
7.5  0.376991  1.6  1.26491
7.5  0.439823  31.5476  5.61673
7.5  0.502655  45.8128  6.76852
7.5  0.565487  57.7778  7.60117
7.5  0.628319  62.1795  7.8854
7.5  0.69115  67.9907  8.24564
7.5  0.753982  77.4809  8.80232
7.5  0.816814  81.8644  9.0479
7.5  0.879646  83.7748  9.15286
7.5  0.942478  85.6383  9.2541
7.5  1.00531  88.8087  9.42383
7.5  1.06814  88.391  9.40165
7.5  1.13097  91.1111  9.54521
7.5  1.19381  94.9339  9.7434
7.5  1.25664  93.7916  9.68461
7.5  1.31947  96.3636  9.8165
7.5  1.3823  96.8447  9.84097
7.5  1.44513  96.4045  9.81858
7.5  1.50796  98.4716  9.92329
7.5  1.5708  98.5149  9.92546
7.5  1.63363  98.3092  9.9151
7.5  1.69646  96.4953  9.8232
7.5  1.75929  96.5596  9.82648
7.5  1.82212  94.8387  9.73852
7.5  1.88496  92.6437  9.62516
7.5  1.94779  88.2979  9.39669
7.5  2.01062  90.795  9.52864
7.5  2.07345  85.4545  9.24416
7.5  2.13628  87.4576  9.35188
7.5  2.19911  81.5789  9.03211
7.5  2.26195  80.3723  8.96506
7.5  2.32478  77.0073  8.77538
7.5  2.38761  71.0723  8.43044
7.5  2.45044  67.5241  8.21731
7.5  2.51327  57.9186  7.61042
7.5  2.57611  42.2222  6.49786
7.5  2.63894  31.7919  5.63843
7.5  2.70177  1.55039  1.24515
7.5  2.7646  0  0
7.5  2.82743  0  0
7.5  2.89027  0  0
7.5  2.9531  0  0
7.5  3.01593  0  0
7.5  3.07876  0  0
8  0  0  0
8  0.0628319  0  0
8  0.125664  0  0
8  0.188496  0  0
8  0.251327  0  0
8  0.314159  0  0
8  0.376991  2.5641  1.60128
8  0.439823  37.0787  6.08922
8  0.502655  57  7.54983
8  0.565487  59.5331  7.71577
8  0.628319  68.1967  8.25813
8  0.69115  75.5245  8.69048
8  0.753982  80.9009  8.99449
8  0.816814  83.179  9.12025
8  0.879646  83.4188  9.13339
8  0.942478  88.8689  9.42703
8  1.00531  89.1379  9.44129
8  1.06814  86.3354  9.29168
8  1.13097  91.841  9.58337
8  1.19381  95.6522  9.78019
8  1.25664  94.3946  9.71569
8  1.31947  95.6322  9.77917
8  1.3823  97.0115  9.84944
8  1.44513  97.201  9.85906
8  1.50796  97.907  9.8948
8  1.5708  98.6607  9.93281
8  1.63363  95.6416  9.77965
8  1.69646  96.3303  9.8148
8  1.75929  96.1905  9.80767
8  1.82212  92.7313  9.62971
8  1.88496  93.617  9.67559
8  1.94779  92.8287  9.63476
8  2.01062  87.9377  9.37751
8  2.07345  88.4921  9.40702
8  2.13628  87.9859  9.38008
8  2.19911  86.2442  9.28678
8  2.26195  84.9498  9.21682
8  2.32478  80.5221  8.97341
8  2.38761  79.4686  8.91452
8  2.45044  65.2568  8.07817
8  2.51327  58.4615  7.64601
8  2.57611  54.1667  7.3598
8  2.63894  37.037  6.08581
8  2.70177  6.20155  2.49029
8  2.7646  0  0
8  2.82743  0  0
8  2.89027  0  0
8  2.9531  0  0
8  3.01593  0  0
8  3.07876  0  0
8.5  0  0  0
8.5  0.0628319  0  0
8.5  0.125664  0  0
8.5  0.188496  0  0
8.5  0.251327  0  0
8.5  0.314159  0  0
8.5  0.376991  14.2857  3.77964
8.5  0.439823  44.5783  6.6767
8.5  0.502655  48.5714  6.96932
8.5  0.565487  61.8474  7.86431
8.5  0.628319  68.4375  8.2727
8.5  0.69115  73.201  8.55576
8.5  0.753982  79.3103  8.90564
8.5  0.816814  81.5126  9.02843
8.5  0.879646  85.2941  9.23548
8.5  0.942478  85.4281  9.24273
8.5  1.00531  90.2985  9.50255
8.5  1.06814  90.0563  9.4898
8.5  1.13097  91.2134  9.55057
8.5  1.19381  93.7107  9.68043
8.5  1.25664  95.4023  9.76741
8.5  1.31947  96.0396  9.79998
8.5  1.3823  97.1047  9.85417
8.5  1.44513  97.9798  9.89847
8.5  1.50796  99.5249  9.97622
8.5  1.5708  99.0025  9.95
8.5  1.63363  97.2093  9.85948
8.5  1.69646  95.5665  9.77581
8.5  1.75929  95  9.74679
8.5  1.82212  95.2688  9.76057
8.5  1.88496  94.1432  9.70274
8.5  1.94779  94.0919  9.7001
8.5  2.01062  90.9789  9.53829
8.5  2.07345  90.2  9.49737
8.5  2.13628  87.6481  9.36205
8.5  2.19911  84.9359  9.21607
8.5  2.26195  85.3659  9.23936
8.5  2.32478  80.1484  8.95257
8.5  2.38761  72.6368  8.52272
8.5  2.45044  69.969  8.36475
8.5  2.51327  61.8257  7.86293
8.5  2.57611  55.8376  7.47245
8.5  2.63894  47.8873  6.92007
8.5  2.70177  8.52713  2.92013
8.5  2.7646  0  0
8.5  2.82743  0  0
8.5  2.89027  0  0
8.5  2.9531  0  0
8.5  3.01593  0  0
8.5  3.07876  0  0
9  0  0  0
9  0.0628319  0  0
9  0.125664  0  0
9  0.188496  0  0
9  0.251327  0  0
9  0.314159  0  0
9  0.376991  18.9655  4.35494
9  0.439823  46.1039  6.78998
9  0.502655  60.9137  7.80472
9  0.565487  69.17  8.31685
9  0.628319  75.8842  8.71116
9  0.69115  70.9046  8.42049
9  0.753982  83.7088  9.14925
9  0.816814  82.2742  9.07052
9  0.879646  86.2285  9.28593
9  0.942478  84.6026  9.19797
9  1.00531  87.9218  9.37667
9  1.06814  90.982  9.53845
9  1.13097  92.6941  9.62778
9  1.19381  93.7238  9.68111
9  1.25664  94.382  9.71504
9  1.31947  95.8128  9.7884
9  1.3823  95.6311  9.77911
9  1.44513  98.6014  9.92982
9  1.50796  98.627  9.93111
9  1.5708  100  10
9  1.63363  98.081  9.90359
9  1.69646  96.861  9.8418
9  1.75929  97.0655  9.85218
9  1.82212  95.082  9.751
9  1.88496  93.765  9.68323
9  1.94779  95.8696  9.7913
9  2.01062  91.2621  9.55312
9  2.07345  87.3106  9.34401
9  2.13628  87.5614  9.35742
9  2.19911  86.0031  9.27379
9  2.26195  84.8185  9.20969
9  2.32478  84.8544  9.21164
9  2.38761  80.1865  8.95469
9  2.45044  76.8769  8.76795
9  2.51327  65.7588  8.10918
9  2.57611  63.3663  7.9603
9  2.63894  40.1274  6.33462
9  2.70177  19.685  4.43678
9  2.7646  0  0
9  2.82743  0  0
9  2.89027  0  0
9  2.9531  0  0
9  3.01593  0  0
9  3.07876  0  0
9.5  0  0  0
9.5  0.0628319  0  0
9.5  0.125664  0  0
9.5  0.188496  0  0
9.5  0.251327  0  0
9.5  0.314159  0.925926  0.96225
9.5  0.376991  21.9697  4.68718
9.5  0.439823  49.1018  7.00727
9.5  0.502655  58.209  7.62948
9.5  0.565487  66.1479  8.13313
9.5  0.628319  75.5627  8.69268
9.5  0.69115  77.1357  8.78269
9.5  0.753982  82.1918  9.06597
9.5  0.816814  82.4042  9.07767
9.5  0.879646  84.6939  9.20293
9.5  0.942478  89.2734  9.44846
9.5  1.00531  91.6045  9.57102
9.5  1.06814  91.3306  9.55671
9.5  1.13097  91.2779  9.55395
9.5  1.19381  93.8865  9.6895
9.5  1.25664  95.4128  9.76795
9.5  1.31947  94.5455  9.72345
9.5  1.3823  97.0522  9.85151
9.5  1.44513  97.852  9.89202
9.5  1.50796  99.5181  9.97587
9.5  1.5708  99.7382  9.9869
9.5  1.63363  97.8208  9.89044
9.5  1.69646  97.6303  9.88081
9.5  1.75929  97.381  9.86818
9.5  1.82212  97.7324  9.88597
9.5  1.88496  94.1048  9.70076
9.5  1.94779  94.5565  9.72401
9.5  2.01062  91.9679  9.58999
9.5  2.07345  90.1818  9.49641
9.5  2.13628  87.4794  9.35304
9.5  2.19911  83.6903  9.14824
9.5  2.26195  85  9.21954
9.5  2.32478  81.2757  9.0153
9.5  2.38761  76.8844  8.76838
9.5  2.45044  69.4704  8.33489
9.5  2.51327  66.6667  8.16497
9.5  2.57611  64.5161  8.03219
9.5  2.63894  51.2346  7.15783
9.5  2.70177  28.8  5.36656
9.5  2.7646  0  0
9.5  2.82743  0  0
9.5  2.89027  0  0
9.5  2.9531  0  0
9.5  3.01593  0  0
9.5  3.07876  0  0
10  0  0  0
10  0.0628319  0  0
10  0.125664  0  0
10  0.188496  0  0
10  0.251327  0  0
10  0.314159  1.08696  1.04257
10  0.376991  35.8333  5.98609
10  0.439823  49.359  7.02559
10  0.502655  61.7486  7.85803
10  0.565487  70.412  8.39118
10  0.628319  75.2443  8.67435
10  0.69115  80.1354  8.95184
10  0.753982  83.1239  9.11723
10  0.816814  81.9699  9.05373
10  0.879646  86.6878  9.31063
10  0.942478  87.478  9.35296
10  1.00531  90.2574  9.50039
10  1.06814  90.9449  9.5365
10  1.13097  93.9203  9.69125
10  1.19381  94.6309  9.72784
10  1.25664  98.1087  9.90499
10  1.31947  97.0588  9.85184
10  1.3823  97.2973  9.86394
10  1.44513  99.2925  9.96456
10  1.50796  99.7506  9.98752
10  1.5708  99.7531  9.98765
10  1.63363  99.095  9.95465
10  1.69646  97.7629  9.88751
10  1.75929  96.962  9.84693
10  1.82212  93.8914  9.68976
10  1.88496  94.7598  9.73447
10  1.94779  92.2105  9.60263
10  2.01062  91.5663  9.56903
10  2.07345  89.8577  9.47933
10  2.13628  91.1917  9.54944
10  2.19911  88.2353  9.39336
10  2.26195  83.6508  9.14608
10  2.32478  83.3333  9.12871
10  2.38761  75.6158  8.69573
10  2.45044  74.6951  8.64263
10  2.51327  66.9528  8.18247
10  2.57611  62.1622  7.8843
10  2.63894  45.0617  6.7128
10  2.70177  36.0656  6.00546
10  2.7646  2.15054  1.46647
10  2.82743  0  0
10  2.89027  0  0
10  2.9531  0  0
10  3.01593  0  0
10  3.07876  0  0
10.5  0  0  0
10.5  0.0628319  0  0
10.5  0.125664  0  0
10.5  0.188496  0  0
10.5  0.251327  0  0
10.5  0.314159  3.73832  1.93347
10.5  0.376991  36.0825  6.00687
10.5  0.439823  53.6913  7.32743
10.5  0.502655  63.7681  7.98549
10.5  0.565487  68.9922  8.30616
10.5  0.628319  74.9206  8.65567
10.5  0.69115  78.3455  8.8513
10.5  0.753982  83.0258  9.11185
10.5  0.816814  85.4054  9.2415
10.5  0.879646  86.8151  9.31746
10.5  0.942478  88.8502  9.42604
10.5  1.00531  90.493  9.51278
10.5  1.06814  91.3371  9.55704
10.5  1.13097  92.7966  9.6331
10.5  1.19381  96.3283  9.8147
10.5  1.25664  93.4307  9.66595
10.5  1.31947  94.5107  9.72166
10.5  1.3823  95.5556  9.77525
10.5  1.44513  98.8426  9.94196
10.5  1.50796  99  9.94987
10.5  1.5708  98.533  9.92638
10.5  1.63363  98.1777  9.90846
10.5  1.69646  96.8958  9.84357
10.5  1.75929  96.5035  9.82362
10.5  1.82212  95.4248  9.76856
10.5  1.88496  92.9752  9.64237
10.5  1.94779  91.1157  9.54545
10.5  2.01062  91.6045  9.57102
10.5  2.07345  91.8478  9.58373
10.5  2.13628  88.9474  9.43119
10.5  2.19911  84.7039  9.20347
10.5  2.26195  82.0946  9.06061
10.5  2.32478  83.7456  9.15126
10.5  2.38761  76.5808  8.75105
10.5  2.45044  75.9146  8.7129
10.5  2.51327  70.2128  8.37931
10.5  2.57611  64.9038  8.05629
10.5  2.63894  48.1013  6.93551
10.5  2.70177  33.6066  5.79712
10.5  2.7646  5.88235  2.42536
10.5  2.82743  0  0
10.5  2.89027  0  0
10.5  2.9531  0  0
10.5  3.01593  0  0
10.5  3.07876  0  0
11  0  0  0
11  0.0628319  0  0
11  0.125664  0  0
11  0.188496  0  0
11  0.251327  0  0
11  0.314159  10.6796  3.26797
11  0.376991  40  6.32456
11  0.439823  53.4591  7.31157
11  0.502655  67.8049  8.23437
11  0.565487  70.1613  8.37623
11  0.628319  79.4212  8.91186
11  0.69115  82.6577  9.09163
11  0.753982  84.6457  9.20031
11  0.816814  85.0746  9.22359
11  0.879646  87.4598  9.35199
11  0.942478  89.4161  9.45601
11  1.00531  90.4587  9.51098
11  1.06814  92.7593  9.63116
11  1.13097  92.6009  9.62294
11  1.19381  94.5415  9.72324
11  1.25664  95.4545  9.77008
11  1.31947  96.4444  9.82061
11  1.3823  96.9907  9.84839
11  1.44513  99.0431  9.95204
11  1.50796  99.789  9.98945
11  1.5708  98.6979  9.93468
11  1.63363  99.2823  9.96405
11  1.69646  97.136  9.85576
11  1.75929  96.882  9.84286
11  1.82212  95.3883  9.7667
11  1.88496  92.5054  9.61797
11  1.94779  91.9255  9.58778
11  2.01062  92.6335  9.62463
11  2.07345  91.182  9.54893
11  2.13628  88.6248  9.41407
11  2.19911  88.4259  9.40351
11  2.26195  82.7303  9.09562
11  2.32478  81.903  9.05003
11  2.38761  81.1594  9.00885
11  2.45044  73.1544  8.55303
11  2.51327  72.3577  8.50633
11  2.57611  60.3175  7.76643
11  2.63894  62.1429  7.88307
11  2.70177  39.6694  6.29837
11  2.7646  15.534  3.94132
11  2.82743  0  0
11  2.89027  0  0
11  2.9531  0  0
11  3.01593  0  0
11  3.07876  0  0
11.5  0  0  0
11.5  0.0628319  0  0
11.5  0.125664  0  0
11.5  0.188496  0  0
11.5  0.251327  0  0
11.5  0.314159  15  3.87298
11.5  0.376991  44.6281  6.68043
11.5  0.439823  54.2683  7.3667
11.5  0.502655  64.9485  8.05906
11.5  0.565487  66.9323  8.18121
11.5  0.628319  78.5075  8.86044
11.5  0.69115  80.0937  8.94951
11.5  0.753982  84.4828  9.19145
11.5  0.816814  83  9.11043
11.5  0.879646  89.3204  9.45095
11.5  0.942478  86.406  9.29548
11.5  1.00531  92.2179  9.60302
11.5  1.06814  90.4959  9.51293
11.5  1.13097  92.3232  9.6085
11.5  1.19381  92.8736  9.63709
11.5  1.25664  94.8889  9.74109
11.5  1.31947  95.7684  9.78613
11.5  1.3823  97.7876  9.88876
11.5  1.44513  98.6842  9.93399
11.5  1.50796  99.4709  9.97351
11.5  1.5708  99.7449  9.98724
11.5  1.63363  99.061  9.95294
11.5  1.69646  97.9452  9.89673
11.5  1.75929  95.3162  9.763
11.5  1.82212  94.1043  9.70074
11.5  1.88496  94.2149  9.70643
11.5  1.94779  92.5847  9.6221
11.5  2.01062  92.0849  9.59609
11.5  2.07345  89.4444  9.45751
11.5  2.13628  88.8696  9.42707
11.5  2.19911  86.7826  9.31572
11.5  2.26195  84.8276  9.21019
11.5  2.32478  78.2101  8.84365
11.5  2.38761  81.2217  9.01231
11.5  2.45044  74.2236  8.61531
11.5  2.51327  71.179  8.43677
11.5  2.57611  62.1359  7.88263
11.5  2.63894  48.1481  6.93889
11.5  2.70177  44.1441  6.64411
11.5  2.7646  16.9811  4.12082
11.5  2.82743  0  0
11.5  2.89027  0  0
11.5  2.9531  0  0
11.5  3.01593  0  0
11.5  3.07876  0  0
12  0  0  0
12  0.0628319  0  0
12  0.125664  0  0
12  0.188496  0  0
12  0.251327  0  0
12  0.314159  23.6842  4.86664
12  0.376991  44.7619  6.69043
12  0.439823  61.9318  7.86968
12  0.502655  60.396  7.77149
12  0.565487  77.0492  8.77777
12  0.628319  77.5811  8.80801
12  0.69115  78.5377  8.86215
12  0.753982  83.3638  9.13038
12  0.816814  84.669  9.20158
12  0.879646  87.9397  9.37762
12  0.942478  89.4281  9.45664
12  1.00531  88.8696  9.42707
12  1.06814  93.763  9.68313
12  1.13097  94.3038  9.71101
12  1.19381  92.4569  9.61545
12  1.25664  95.122  9.75305
12  1.31947  97.9592  9.89743
12  1.3823  97.9955  9.89927
12  1.44513  97.0115  9.84944
12  1.50796  99.505  9.97522
12  1.5708  99.3119  9.96554
12  1.63363  98.861  9.94289
12  1.69646  96.5438  9.82567
12  1.75929  94.7939  9.73622
12  1.82212  96.2441  9.81041
12  1.88496  94.926  9.743
12  1.94779  91.4046  9.56058
12  2.01062  92.5993  9.62285
12  2.07345  92.0914  9.59643
12  2.13628  85.2575  9.2335
12  2.19911  87.9102  9.37604
12  2.26195  84.8276  9.21019
12  2.32478  83.1276  9.11743
12  2.38761  79.661  8.9253
12  2.45044  75.5627  8.69268
12  2.51327  70.3846  8.38955
12  2.57611  68.7805  8.2934
12  2.63894  55.3571  7.44024
12  2.70177  46.5116  6.81994
12  2.7646  16.5049  4.06262
12  2.82743  0  0
12  2.89027  0  0
12  2.9531  0  0
12  3.01593  0  0
12  3.07876  0  0
12.5  0  0  0
12.5  0.0628319  0  0
12.5  0.125664  0  0
12.5  0.188496  0  0
12.5  0.251327  0  0
12.5  0.314159  13.1579  3.62738
12.5  0.376991  43.4426  6.5911
12.5  0.439823  62.2642  7.89076
12.5  0.502655  70.8995  8.42018
12.5  0.565487  72.5738  8.51903
12.5  0.628319  72.9483  8.54098
12.5  0.69115  83.6317  9.14504
12.5  0.753982  81.1151  9.00639
12.5  0.816814  85.3242  9.23711
12.5  0.879646  84.5745  9.19644
12.5  0.942478  89.3688  9.45351
12.5  1.00531  88.9313  9.43034
12.5  1.06814  91.5493  9.56814
12.5  1.13097  94.2688  9.70921
12.5  1.19381  93.9914  9.69492
12.5  1.25664  94.6067  9.7266
12.5  1.31947  97.7221  9.88545
12.5  1.3823  97.9221  9.89556
12.5  1.44513  99.0805  9.95392
12.5  1.50796  99.0123  9.95049
12.5  1.5708  99.2683  9.96335
12.5  1.63363  99.0123  9.95049
12.5  1.69646  96.9907  9.84839
12.5  1.75929  96.1538  9.80581
12.5  1.82212  94.3925  9.71558
12.5  1.88496  96.281  9.81229
12.5  1.94779  94.0919  9.7001
12.5  2.01062  89.959  9.48467
12.5  2.07345  87.344  9.3458
12.5  2.13628  87.7698  9.36855
12.5  2.19911  87.2937  9.34311
12.5  2.26195  84.193  9.17567
12.5  2.32478  80.3644  8.96462
12.5  2.38761  79.9539  8.9417
12.5  2.45044  77.2308  8.7881
12.5  2.51327  69.863  8.35841
12.5  2.57611  67.8571  8.23754
12.5  2.63894  62.4113  7.90009
12.5  2.70177  29.8387  5.46248
12.5  2.7646  24.0964  4.90881
12.5  2.82743  0  0
12.5  2.89027  0  0
12.5  2.9531  0  0
12.5  3.01593  0  0
12.5  3.07876  0  0
13  0  0  0
13  0.0628319  0  0
13  0.125664  0  0
13  0.188496  0  0
13  0.251327  0  0
13  0.314159  15.8537  3.98167
13  0.376991  41.5094  6.44278
13  0.439823  58.8652  7.67237
13  0.502655  65.3846  8.08608
13  0.565487  67.4897  8.21521
13  0.628319  78.1538  8.84047
13  0.69115  77.2277  8.78793
13  0.753982  79.619  8.92295
13  0.816814  85.5872  9.25133
13  0.879646  87.2408  9.34028
13  0.942478  88.8889  9.42809
13  1.00531  91.7415  9.57818
13  1.06814  91.3124  9.55575
13  1.13097  91.1197  9.54566
13  1.19381  94.6237  9.72747
13  1.25664  95.0339  9.74853
13  1.31947  95.6019  9.77762
13  1.3823  96.6427  9.8307
13  1.44513  98.6456  9.93205
13  1.50796  99.7619  9.98809
13  1.5708  100  10
13  1.63363  98.4456  9.92198
13  1.69646  96.837  9.84058
13  1.75929  96.6667  9.83192
13  1.82212  93.9815  9.6944
13  1.88496  93.5927  9.67433
13  1.94779  93.7888  9.68446
13  2.01062  89.8129  9.47697
13  2.07345  88.7574  9.42111
13  2.13628  87.5394  9.35625
13  2.19911  83.8488  9.1569
13  2.26195  85.5219  9.2478
13  2.32478  80.6576  8.98096
13  2.38761  77.6018  8.80919
13  2.45044  78.4848  8.85917
13  2.51327  70.7113  8.409
13  2.57611  66.6667  8.16497
13  2.63894  53.7975  7.33468
13  2.70177  41.0853  6.40978
13  2.7646  17.5824  4.19314
13  2.82743  0  0
13  2.89027  0  0
13  2.9531  0  0
13  3.01593  0  0
13  3.07876  0  0
13.5  0  0  0
13.5  0.0628319  0  0
13.5  0.125664  0  0
13.5  0.188496  0  0
13.5  0.251327  0  0
13.5  0.314159  20.5128  4.52911
13.5  0.376991  50  7.07107
13.5  0.439823  65.2695  8.07895
13.5  0.502655  62.9108  7.93163
13.5  0.565487  71.5415  8.45822
13.5  0.628319  81.0651  9.00362
13.5  0.69115  80.7692  8.98717
13.5  0.753982  81.1215  9.00675
13.5  0.816814  86.4686  9.29885
13.5  0.879646  86.0163  9.2745
13.5  0.942478  88.9465  9.43114
13.5  1.00531  92.5182  9.61864
13.5  1.06814  94.2308  9.70725
13.5  1.13097  94.5175  9.72201
13.5  1.19381  94.7589  9.73442
13.5  1.25664  95.9746  9.79666
13.5  1.31947  96.5347  9.82521
13.5  1.3823  96.4126  9.81899
13.5  1.44513  99.0099  9.95037
13.5  1.50796  99.5754  9.97875
13.5  1.5708  99.2647  9.96317
13.5  1.63363  98.5577  9.92762
13.5  1.69646  98.0344  9.90123
13.5  1.75929  95.0893  9.75137
13.5  1.82212  95.1923  9.75665
13.5  1.88496  93.8559  9.68793
13.5  1.94779  95.155  9.75474
13.5  2.01062  92.2481  9.60459
13.5  2.07345  90.8027  9.52904
13.5  2.13628  87.1087  9.3332
13.5  2.19911  86.8624  9.32
13.5  2.26195  85.1913  9.22992
13.5  2.32478  84.2718  9.17997
13.5  2.38761  77.4882  8.80274
13.5  2.45044  70.3927  8.39004
13.5  2.51327  73.0924  8.54941
13.5  2.57611  67.9426  8.24273
13.5  2.63894  57.9618  7.61326
13.5  2.70177  43.3333  6.58281
13.5  2.7646  30.9859  5.5665
13.5  2.82743  1.78571  1.33631
13.5  2.89027  1.69492  1.30189
13.5  2.9531  0  0
13.5  3.01593  0  0
13.5  3.07876  0  0
14  0  0  0
14  0.0628319  0  0
14  0.125664  0  0
14  0.188496  0  0
14  0.251327  1.23457  1.11111
14  0.314159  22.3301  4.72547
14  0.376991  44.5255  6.67275
14  0.439823  47.4026  6.88495
14  0.502655  64.1176  8.00735
14  0.565487  76.2295  8.73095
14  0.628319  73.0769  8.5485
14  0.69115  82.0144  9.05618
14  0.753982  82.3643  9.07548
14  0.816814  87.8735  9.37408
14  0.879646  87.0152  9.32819
14  0.942478  87.9102  9.37604
14  1.00531  88.7097  9.41858
14  1.06814  90.0621  9.49011
14  1.13097  95.2083  9.75748
14  1.19381  93.2609  9.65717
14  1.25664  97.0021  9.84897
14  1.31947  94.1038  9.70071
14  1.3823  98.1043  9.90476
14  1.44513  98.1176  9.90544
14  1.50796  99.5294  9.97644
14  1.5708  98.8124  9.94044
14  1.63363  99.2991  9.96489
14  1.69646  97.0982  9.85384
14  1.75929  95.7245  9.78389
14  1.82212  96.4045  9.81858
14  1.88496  92.7765  9.63206
14  1.94779  92.2756  9.60602
14  2.01062  92.7195  9.6291
14  2.07345  89.1544  9.44216
14  2.13628  91.0345  9.5412
14  2.19911  87.5  9.35414
14  2.26195  85.0515  9.22234
14  2.32478  84.507  9.19277
14  2.38761  79.7297  8.92915
14  2.45044  73.716  8.5858
14  2.51327  73.3607  8.56508
14  2.57611  68.3938  8.27005
14  2.63894  62.4277  7.90112
14  2.70177  41.6667  6.45497
14  2.7646  34.6939  5.89015
14  2.82743  0  0
14  2.89027  0  0
14  2.9531  0  0
14  3.01593  33.3333  5.7735
14  3.07876  0  0
14.5  0  0  0
14.5  0.0628319  0  0
14.5  0.125664  0  0
14.5  0.188496  0  0
14.5  0.251327  0  0
14.5  0.314159  31.1111  5.57773
14.5  0.376991  52.8  7.26636
14.5  0.439823  52.8409  7.26918
14.5  0.502655  69.6809  8.34751
14.5  0.565487  74.0426  8.6048
14.5  0.628319  75.9036  8.71227
14.5  0.69115  82.7763  9.09815
14.5  0.753982  80.6576  8.98096
14.5  0.816814  83.3333  9.12871
14.5  0.879646  87.585  9.35869
14.5  0.942478  91.0924  9.54424
14.5  1.00531  91.5771  9.56959
14.5  1.06814  91.7808  9.58023
14.5  1.13097  90.9457  9.53654
14.5  1.19381  93.7093  9.68036
14.5  1.25664  95.9716  9.79651
14.5  1.31947  95.612  9.77814
14.5  1.3823  97.561  9.8773
14.5  1.44513  99.0476  9.95227
14.5  1.50796  99.5536  9.97765
14.5  1.5708  100  10
14.5  1.63363  99.5526  9.9776
14.5  1.69646  95.9911  9.7975
14.5  1.75929  96.9907  9.84839
14.5  1.82212  95.1807  9.75606
14.5  1.88496  93.1264  9.6502
14.5  1.94779  94.8936  9.74134
14.5  2.01062  92.7711  9.63177
14.5  2.07345  90.3592  9.50574
14.5  2.13628  89.1266  9.44069
14.5  2.19911  86.7769  9.31541
14.5  2.26195  85  9.21954
14.5  2.32478  81.6248  9.03464
14.5  2.38761  77.0171  8.77594
14.5  2.45044  76.8977  8.76913
14.5  2.51327  75.9336  8.71399
14.5  2.57611  64.8148  8.05076
14.5  2.63894  62.5767  7.91054
14.5  2.70177  47.4576  6.88895
14.5  2.7646  27.8351  5.27589
14.5  2.82743  1.5873  1.25988
14.5  2.89027  2  1.41421
14.5  2.9531  0  0
14.5  3.01593  0  0
14.5  3.07876  0  0
15  0  0  0
15  0.0628319  0  0
15  0.125664  0  0
15  0.188496  0  0
15  0.251327  4.41176  2.10042
15  0.314159  21.519  4.63886
15  0.376991  45.614  6.75382
15  0.439823  60.9272  7.80558
15  0.502655  68.8679  8.29867
15  0.565487  72.5352  8.51676
15  0.628319  79.403  8.91084
15  0.69115  79.6526  8.92483
15  0.753982  82.0268  9.05686
15  0.816814  85.5634  9.25005
15  0.879646  87.3194  9.34449
15  0.942478  87.4074  9.34919
15  1.00531  89.3885  9.45455
15  1.06814  93.3333  9.66092
15  1.13097  92.7505  9.63071
15  1.19381  94.186  9.70495
15  1.25664  96.8468  9.84108
15  1.31947  96.4706  9.82194
15  1.3823  97.4537  9.87186
15  1.44513  98.063  9.90267
15  1.50796  99.2806  9.96396
15  1.5708  99.0521  9.95249
15  1.63363  99.7585  9.98792
15  1.69646  96.8215  9.83979
15  1.75929  96.4523  9.82101
15  1.82212  95.6427  9.77971
15  1.88496  94.2268  9.70705
15  1.94779  94.3089  9.71128
15  2.01062  93.2171  9.6549
15  2.07345  91.9721  9.59021
15  2.13628  90.7986  9.52883
15  2.19911  89.0203  9.43506
15  2.26195  84.8  9.20869
15  2.32478  85.5491  9.24928
15  2.38761  76.4846  8.74555
15  2.45044  78.209  8.84358
15  2.51327  71.179  8.43677
15  2.57611  68.8372  8.29682
15  2.63894  65.1852  8.07373
15  2.70177  52.1368  7.22058
15  2.7646  36.3636  6.03023
15  2.82743  2.89855  1.70251
15  2.89027  0  0
15  2.9531  0  0
15  3.01593  0  0
15  3.07876  0  0
15.5  0  0  0
15.5  0.0628319  0  0
15.5  0.125664  0  0
15.5  0.188496  0  0
15.5  0.251327  5.88235  2.42536
15.5  0.314159  35.2273  5.93526
15.5  0.376991  44.0945  6.64037
15.5  0.439823  56.8862  7.5423
15.5  0.502655  68.2464  8.26114
15.5  0.565487  70.9434  8.42279
15.5  0.628319  72.4771  8.51335
15.5  0.69115  79.0932  8.89344
15.5  0.753982  84.2301  9.17769
15.5  0.816814  82.5342  9.08484
15.5  0.879646  85.9619  9.27156
15.5  0.942478  89.2794  9.44878
15.5  1.00531  91.0526  9.54215
15.5  1.06814  92.0335  9.59341
15.5  1.13097  93.6082  9.67514
15.5  1.19381  93.4599  9.66747
15.5  1.25664  94.2184  9.70662
15.5  1.31947  96.798  9.8386
15.5  1.3823  97.9866  9.89882
15.5  1.44513  98.5577  9.92762
15.5  1.50796  99.2874  9.96431
15.5  1.5708  99.7525  9.98762
15.5  1.63363  98.0583  9.90244
15.5  1.69646  98.2022  9.9097
15.5  1.75929  96.2343  9.80991
15.5  1.82212  97.2043  9.85922
15.5  1.88496  95.5224  9.77356
15.5  1.94779  93.9583  9.69321
15.5  2.01062  90.4412  9.51006
15.5  2.07345  90.2111  9.49795
15.5  2.13628  87.7836  9.36929
15.5  2.19911  86.1244  9.28032
15.5  2.26195  86.0197  9.27468
15.5  2.32478  82.9787  9.10927
15.5  2.38761  79.2237  8.90077
15.5  2.45044  77.8878  8.82541
15.5  2.51327  71.3115  8.44461
15.5  2.57611  61.8557  7.86484
15.5  2.63894  59.0062  7.68155
15.5  2.70177  46.7153  6.83486
15.5  2.7646  24.4898  4.94872
15.5  2.82743  6.89655  2.62613
15.5  2.89027  0  0
15.5  2.9531  0  0
15.5  3.01593  0  0
15.5  3.07876  0  0
16  0  0  0
16  0.0628319  0  0
16  0.125664  0  0
16  0.188496  0  0
16  0.251327  0  0
16  0.314159  25  5
16  0.376991  50.9091  7.13506
16  0.439823  61.9632  7.87167
16  0.502655  65.9686  8.1221
16  0.565487  65.3061  8.08122
16  0.628319  74.0331  8.60425
16  0.69115  81.8627  9.0478
16  0.753982  83.1325  9.1177
16  0.816814  83.3616  9.13026
16  0.879646  88.0143  9.38159
16  0.942478  90.0178  9.48777
16  1.00531  88.0819  9.3852
16  1.06814  92.6923  9.62768
16  1.13097  93.3333  9.66092
16  1.19381  93.9914  9.69492
16  1.25664  96.2376  9.81008
16  1.31947  96.3203  9.81429
16  1.3823  97.1223  9.85506
16  1.44513  98.8558  9.94263
16  1.50796  99.7389  9.98694
16  1.5708  99.7674  9.98837
16  1.63363  97.8049  9.88963
16  1.69646  97.1014  9.85401
16  1.75929  95.7778  9.78661
16  1.82212  97.0833  9.85309
16  1.88496  91.4894  9.56501
16  1.94779  92.7039  9.62828
16  2.01062  92.3554  9.61017
16  2.07345  89.2925  9.44947
16  2.13628  89.6494  9.46834
16  2.19911  87.5  9.35414
16  2.26195  85.0594  9.22277
16  2.32478  83.2669  9.12507
16  2.38761  82.9493  9.10765
16  2.45044  78.1646  8.84107
16  2.51327  71.3115  8.44461
16  2.57611  75.1323  8.66789
16  2.63894  59.7884  7.73229
16  2.70177  63.1579  7.94719
16  2.7646  21.5686  4.6442
16  2.82743  4.54545  2.13201
16  2.89027  0  0
16  2.9531  0  0
16  3.01593  0  0
16  3.07876  0  0
16.5  0  0  0
16.5  0.0628319  0  0
16.5  0.125664  0  0
16.5  0.188496  0  0
16.5  0.251327  5  2.23607
16.5  0.314159  30.1075  5.48703
16.5  0.376991  48.5437  6.96733
16.5  0.439823  56.3636  7.50757
16.5  0.502655  67.4312  8.21165
16.5  0.565487  74.0891  8.6075
16.5  0.628319  79.2683  8.90327
16.5  0.69115  76.2136  8.73004
16.5  0.753982  80.3922  8.96617
16.5  0.816814  84.8921  9.21369
16.5  0.879646  84.2679  9.17976
16.5  0.942478  88.4211  9.40325
16.5  1.00531  90.3689  9.50625
16.5  1.06814  92.1488  9.59941
16.5  1.13097  92.9047  9.63871
16.5  1.19381  93.8998  9.69019
16.5  1.25664  96.4115  9.81893
16.5  1.31947  97.2286  9.86046
16.5  1.3823  97.4359  9.87096
16.5  1.44513  98.8235  9.941
16.5  1.50796  99.0566  9.95272
16.5  1.5708  99.4949  9.97472
16.5  1.63363  97.8774  9.8933
16.5  1.69646  96.8974  9.84365
16.5  1.75929  96.5517  9.82607
16.5  1.82212  96.6592  9.83154
16.5  1.88496  94.7479  9.73385
16.5  1.94779  93.3761  9.66313
16.5  2.01062  92.543  9.61993
16.5  2.07345  89.5874  9.46506
16.5  2.13628  89.6488  9.4683
16.5  2.19911  85.3543  9.23874
16.5  2.26195  85.5482  9.24923
16.5  2.32478  81.749  9.04152
16.5  2.38761  79.9076  8.93911
16.5  2.45044  74.7573  8.64623
16.5  2.51327  73.7903  8.59013
16.5  2.57611  70.1754  8.37708
16.5  2.63894  64.7436  8.04634
16.5  2.70177  53.6585  7.3252
16.5  2.7646  34.6154  5.88348
16.5  2.82743  5.47945  2.34082
16.5  2.89027  0  0
16.5  2.9531  0  0
16.5  3.01593  0  0
16.5  3.07876  0  0
17  0  0  0
17  0.0628319  0  0
17  0.125664  0  0
17  0.188496  2.5  1.58114
17  0.251327  8.69565  2.94884
17  0.314159  30.3922  5.51291
17  0.376991  48.5149  6.96526
17  0.439823  56.6879  7.52914
17  0.502655  74.537  8.63348
17  0.565487  72.5322  8.51658
17  0.628319  75.5952  8.69455
17  0.69115  79.3612  8.90849
17  0.753982  85.5212  9.24777
17  0.816814  87.6238  9.36076
17  0.879646  89.7106  9.47157
17  0.942478  90.223  9.49858
17  1.00531  91.1032  9.5448
17  1.06814  91.2879  9.55447
17  1.13097  93.2806  9.65819
17  1.19381  93.3476  9.66166
17  1.25664  95.2174  9.75794
17  1.31947  95.9524  9.79553
17  1.3823  97.381  9.86818
17  1.44513  98.5294  9.9262
17  1.50796  99.5444  9.97719
17  1.5708  99.5305  9.9765
17  1.63363  99.4695  9.97344
17  1.69646  98.2183  9.91051
17  1.75929  96.1995  9.80814
17  1.82212  94.5882  9.72565
17  1.88496  93.7778  9.68389
17  1.94779  93.9571  9.69315
17  2.01062  93.4292  9.66588
17  2.07345  93.3579  9.66219
17  2.13628  88.7931  9.42301
17  2.19911  88.6139  9.41349
17  2.26195  86.5794  9.3048
17  2.32478  81.7164  9.03971
17  2.38761  83.2041  9.12163
17  2.45044  73.3728  8.56579
17  2.51327  68.0934  8.25187
17  2.57611  64.433  8.02702
17  2.63894  65.8065  8.11212
17  2.70177  61.9835  7.87296
17  2.7646  30.6667  5.53775
17  2.82743  4.41176  2.10042
17  2.89027  2.32558  1.52499
17  2.9531  0  0
17  3.01593  0  0
17  3.07876  0  0
17.5  0  0  0
17.5  0.0628319  0  0
17.5  0.125664  0  0
17.5  0.188496  0  0
17.5  0.251327  1.5625  1.25
17.5  0.314159  34.6667  5.88784
17.5  0.376991  56.5574  7.52046
17.5  0.439823  65  8.06226
17.5  0.502655  68.3168  8.2654
17.5  0.565487  72.7273  8.52803
17.5  0.628319  73.494  8.57286
17.5  0.69115  78.4264  8.85587
17.5  0.753982  80.9804  8.99891
17.5  0.816814  83.4426  9.13469
17.5  0.879646  88.0259  9.38221
17.5  0.942478  90.631  9.52003
17.5  1.00531  92.9119  9.63908
17.5  1.06814  90.8738  9.53277
17.5  1.13097  94.7146  9.73214
17.5  1.19381  94.577  9.72507
17.5  1.25664  94.8905  9.74118
17.5  1.31947  97.6019  9.87937
17.5  1.3823  96.5937  9.82821
17.5  1.44513  98.5948  9.92949
17.5  1.50796  99.4937  9.97465
17.5  1.5708  99.5413  9.97704
17.5  1.63363  99.0991  9.95485
17.5  1.69646  96.5596  9.82648
17.5  1.75929  95.5294  9.77391
17.5  1.82212  95.3596  9.76523
17.5  1.88496  93.7079  9.68028
17.5  1.94779  94.9495  9.7442
17.5  2.01062  91.8534  9.58402
17.5  2.07345  87.7228  9.36604
17.5  2.13628  87.522  9.35532
17.5  2.19911  88.835  9.42523
17.5  2.26195  86.56  9.30376
17.5  2.32478  82.3985  9.07736
17.5  2.38761  80.9645  8.99803
17.5  2.45044  81.4696  9.02605
17.5  2.51327  77.4319  8.79954
17.5  2.57611  67.8049  8.23437
17.5  2.63894  56.2963  7.50309
17.5  2.70177  51.8868  7.20325
17.5  2.7646  34.8315  5.90182
17.5  2.82743  4.34783  2.08514
17.5  2.89027  0  0
17.5  2.9531  0  0
17.5  3.01593  0  0
17.5  3.07876  0  0
18  0  0  0
18  0.0628319  0  0
18  0.125664  0  0
18  0.188496  0  0
18  0.251327  0  0
18  0.314159  30  5.47723
18  0.376991  51.5625  7.1807
18  0.439823  66.4671  8.15273
18  0.502655  70.2564  8.38191
18  0.565487  73.0337  8.54598
18  0.628319  74.1259  8.60964
18  0.69115  79.5148  8.91711
18  0.753982  86.6279  9.30741
18  0.816814  87.457  9.35185
18  0.879646  87.695  9.36456
18  0.942478  86.1888  9.28379
18  1.00531  89.3939  9.45484
18  1.06814  91.8605  9.58439
18  1.13097  92.6587  9.62594
18  1.19381  94.3925  9.71558
18  1.25664  94.6009  9.7263
18  1.31947  94.4568  9.71889
18  1.3823  98.01  9.9
18  1.44513  99.0762  9.9537
18  1.50796  99.7696  9.98847
18  1.5708  99.2593  9.96289
18  1.63363  97.555  9.87699
18  1.69646  97.619  9.88024
18  1.75929  96.092  9.80265
18  1.82212  95.186  9.75633
18  1.88496  94.958  9.74464
18  1.94779  93.0041  9.64386
18  2.01062  91.2639  9.55322
18  2.07345  88.7067  9.41843
18  2.13628  87.5433  9.35646
18  2.19911  87.9102  9.37604
18  2.26195  85.1266  9.22641
18  2.32478  83.0677  9.11415
18  2.38761  81.4458  9.02473
18  2.45044  79.7619  8.93095
18  2.51327  70.3557  8.38783
18  2.57611  75  8.66025
18  2.63894  64.5161  8.03219
18  2.70177  62.1849  7.88574
18  2.7646  32.4074  5.69275
18  2.82743  6.06061  2.46183
18  2.89027  0  0
18  2.9531  0  0
18  3.01593  0  0
18  3.07876  0  0
18.5  0  0  0
18.5  0.0628319  0  0
18.5  0.125664  0  0
18.5  0.188496  2.27273  1.50756
18.5  0.251327  11.1111  3.33333
18.5  0.314159  37.5  6.12372
18.5  0.376991  51.3043  7.16271
18.5  0.439823  57.047  7.55295
18.5  0.502655  69.802  8.35476
18.5  0.565487  76.3265  8.73651
18.5  0.628319  76.1755  8.72786
18.5  0.69115  81.0127  9.0007
18.5  0.753982  84.3813  9.18593
18.5  0.816814  83.5726  9.1418
18.5  0.879646  85.6025  9.25216
18.5  0.942478  86.7698  9.31503
18.5  1.00531  90.4236  9.50913
18.5  1.06814  92.6874  9.62743
18.5  1.13097  94.5344  9.72288
18.5  1.19381  93.2755  9.65792
18.5  1.25664  94.7846  9.73574
18.5  1.31947  97.4082  9.86956
18.5  1.3823  97.8972  9.8943
18.5  1.44513  97.7833  9.88854
18.5  1.50796  99.7579  9.98789
18.5  1.5708  99.5  9.97497
18.5  1.63363  98.9873  9.94924
18.5  1.69646  97.7169  9.88519
18.5  1.75929  95.9916  9.79753
18.5  1.82212  96.1995  9.80814
18.5  1.88496  92.2912  9.60683
18.5  1.94779  93.9394  9.69223
18.5  2.01062  92.1456  9.59925
18.5  2.07345  88.1288  9.38769
18.5  2.13628  88.3094  9.39731
18.5  2.19911  87.1589  9.33589
18.5  2.26195  83.5484  9.14048
18.5  2.32478  82.3077  9.07236
18.5  2.38761  78.9474  8.88523
18.5  2.45044  77.8523  8.8234
18.5  2.51327  75.969  8.71602
18.5  2.57611  71.6667  8.46562
18.5  2.63894  61.8421  7.86398
18.5  2.70177  49.5935  7.04226
18.5  2.7646  30.7692  5.547
18.5  2.82743  4.6875  2.16506
18.5  2.89027  0  0
18.5  2.9531  0  0
18.5  3.01593  0  0
18.5  3.07876  0  0
19  0  0  0
19  0.0628319  0  0
19  0.125664  0  0
19  0.188496  0  0
19  0.251327  7.46269  2.73179
19  0.314159  39.2523  6.26517
19  0.376991  48.7395  6.98137
19  0.439823  56.7901  7.53592
19  0.502655  72.9592  8.54161
19  0.565487  79.3103  8.90564
19  0.628319  75.7862  8.70552
19  0.69115  80  8.94427
19  0.753982  83.3656  9.13047
19  0.816814  86.0129  9.27431
19  0.879646  86.3934  9.29481
19  0.942478  85.8639  9.26628
19  1.00531  90.4573  9.5109
19  1.06814  93.4737  9.66818
19  1.13097  94.3888  9.71539
19  1.19381  95.3947  9.76702
19  1.25664  96.3768  9.81717
19  1.31947  96.1969  9.808
19  1.3823  97.7444  9.88657
19  1.44513  98.7624  9.93793
19  1.50796  99.0453  9.95215
19  1.5708  99.0025  9.95
19  1.63363  97.8923  9.89405
19  1.69646  97.7477  9.88675
19  1.75929  97.235  9.86078
19  1.82212  94.7368  9.73329
19  1.88496  92.2594  9.60518
19  1.94779  94.3983  9.71588
19  2.01062  94.4898  9.72059
19  2.07345  90.9962  9.53919
19  2.13628  89.7924  9.47588
19  2.19911  89.1057  9.43958
19  2.26195  85.6902  9.2569
19  2.32478  84.4156  9.1878
19  2.38761  82.9333  9.10677
19  2.45044  74.7851  8.64784
19  2.51327  68.3333  8.2664
19  2.57611  67.4641  8.21365
19  2.63894  63.4615  7.96628
19  2.70177  43.5185  6.59686
19  2.7646  39.3258  6.27103
19  2.82743  9.375  3.06186
19  2.89027  0  0
19  2.9531  0  0
19  3.01593  0  0
19  3.07876  0  0
19.5  0  0  0
19.5  0.0628319  0  0
19.5  0.125664  0  0
19.5  0.188496  0  0
19.5  0.251327  8.33333  2.88675
19.5  0.314159  30.5882  5.53066
19.5  0.376991  50  7.07107
19.5  0.439823  60.4167  7.77282
19.5  0.502655  63.1336  7.94567
19.5  0.565487  75.0958  8.66578
19.5  0.628319  80.303  8.9612
19.5  0.69115  83.9793  9.16402
19.5  0.753982  83.3663  9.13052
19.5  0.816814  87.2274  9.33956
19.5  0.879646  85.5556  9.24962
19.5  0.942478  89.0785  9.43814
19.5  1.00531  89.1544  9.44216
19.5  1.06814  90.6931  9.52329
19.5  1.13097  93.2  9.65401
19.5  1.19381  94.7589  9.73442
19.5  1.25664  94.3902  9.71546
19.5  1.31947  97.3856  9.86842
19.5  1.3823  98.0723  9.90315
19.5  1.44513  99.0544  9.95261
19.5  1.50796  99.4898  9.97446
19.5  1.5708  99.2771  9.96379
19.5  1.63363  97.381  9.86818
19.5  1.69646  96.6427  9.8307
19.5  1.75929  96.6216  9.82963
19.5  1.82212  93.5484  9.67204
19.5  1.88496  95.6044  9.77775
19.5  1.94779  93.4694  9.66796
19.5  2.01062  95.1168  9.75278
19.5  2.07345  89.8467  9.47875
19.5  2.13628  89.8305  9.4779
19.5  2.19911  86.1022  9.27913
19.5  2.26195  86.4686  9.29885
19.5  2.32478  81.3996  9.02217
19.5  2.38761  78.2022  8.8432
19.5  2.45044  73.1707  8.55399
19.5  2.51327  71.4286  8.45154
19.5  2.57611  68.5  8.27647
19.5  2.63894  58.7097  7.66222
19.5  2.70177  47.7876  6.91286
19.5  2.7646  30.6122  5.53283
19.5  2.82743  10.9375  3.30719
19.5  2.89027  0  0
19.5  2.9531  0  0
19.5  3.01593  0  0
19.5  3.07876  0  0
20  0  0  0
20  0.0628319  0  0
20  0.125664  0  0
20  0.188496  0  0
20  0.251327  6.06061  2.46183
20  0.314159  33.9623  5.82772
20  0.376991  64.1221  8.00763
20  0.439823  59.6491  7.72328
20  0.502655  67.5258  8.21741
20  0.565487  69.6356  8.3448
20  0.628319  78.3019  8.84884
20  0.69115  80.7407  8.98559
20  0.753982  81.336  9.01864
20  0.816814  87.1838  9.33723
20  0.879646  86.3487  9.2924
20  0.942478  90.5109  9.51372
20  1.00531  92.0233  9.59288
20  1.06814  90.5138  9.51388
20  1.13097  94.4573  9.71891
20  1.19381  93.1478  9.65131
20  1.25664  96.2801  9.81224
20  1.31947  95.9184  9.79379
20  1.3823  97.907  9.8948
20  1.44513  97.7887  9.88882
20  1.50796  99.2754  9.9637
20  1.5708  99.4778  9.97386
20  1.63363  98.5612  9.9278
20  1.69646  96.6814  9.83267
20  1.75929  97.1631  9.85714
20  1.82212  94.4056  9.71625
20  1.88496  93.2059  9.65432
20  1.94779  94.0727  9.69911
20  2.01062  91.8699  9.58488
20  2.07345  90.1639  9.49547
20  2.13628  88.0342  9.38265
20  2.19911  87.1716  9.33657
20  2.26195  83.1008  9.11596
20  2.32478  81.9961  9.05517
20  2.38761  82.8916  9.10448
20  2.45044  76.4706  8.74475
20  2.51327  70.4545  8.39372
20  2.57611  70.3704  8.3887
20  2.63894  61.6352  7.85081
20  2.70177  44.0367  6.63602
20  2.7646  32  5.65685
20  2.82743  9.72222  3.11805
20  2.89027  3.7037  1.9245
20  2.9531  0  0
20  3.01593  0  0
20  3.07876  0  0
20.5  0  0  0
20.5  0.0628319  0  0
20.5  0.125664  0  0
20.5  0.188496  0  0
20.5  0.251327  13.7931  3.71391
20.5  0.314159  29.1262  5.39687
20.5  0.376991  46  6.78233
20.5  0.439823  61.4907  7.8416
20.5  0.502655  70.4082  8.39096
20.5  0.565487  69.0763  8.31122
20.5  0.628319  79.2683  8.90327
20.5  0.69115  79.6915  8.92701
20.5  0.753982  80.3738  8.96515
20.5  0.816814  86.5854  9.30513
20.5  0.879646  87.6872  9.36414
20.5  0.942478  88.9085  9.42913
20.5  1.00531  88.9313  9.43034
20.5  1.06814  90.0376  9.48881
20.5  1.13097  90.7489  9.52622
20.5  1.19381  95.1271  9.75331
20.5  1.25664  95.2174  9.75794
20.5  1.31947  97.549  9.87669
20.5  1.3823  97.6471  9.88165
20.5  1.44513  98.7715  9.93839
20.5  1.50796  98.8889  9.94429
20.5  1.5708  99.5516  9.97755
20.5  1.63363  98.6301  9.93127
20.5  1.69646  98  9.89949
20.5  1.75929  96.6368  9.8304
20.5  1.82212  94.5455  9.72345
20.5  1.88496  94.8387  9.73852
20.5  1.94779  92.3747  9.61118
20.5  2.01062  92.2481  9.60459
20.5  2.07345  91.7757  9.57996
20.5  2.13628  89.9099  9.48208
20.5  2.19911  87.2054  9.33838
20.5  2.26195  86.3793  9.29405
20.5  2.32478  83.9147  9.1605
20.5  2.38761  81.592  9.03283
20.5  2.45044  81.155  9.00861
20.5  2.51327  74.5223  8.63263
20.5  2.57611  67.033  8.18737
20.5  2.63894  62.963  7.93492
20.5  2.70177  50.365  7.09683
20.5  2.7646  41  6.40312
20.5  2.82743  5.17241  2.27429
20.5  2.89027  0  0
20.5  2.9531  0  0
20.5  3.01593  0  0
20.5  3.07876  0  0
21  0  0  0
21  0.0628319  0  0
21  0.125664  0  0
21  0.188496  1.96078  1.40028
21  0.251327  10  3.16228
21  0.314159  26.8519  5.18188
21  0.376991  50.3817  7.09801
21  0.439823  66.6667  8.16497
21  0.502655  69.6517  8.34576
21  0.565487  68.9796  8.3054
21  0.628319  78.7234  8.87262
21  0.69115  78.9976  8.88806
21  0.753982  83.8462  9.15675
21  0.816814  85.4671  9.24484
21  0.879646  89.0523  9.43675
21  0.942478  87.3162  9.34431
21  1.00531  91.1074  9.54502
21  1.06814  91.1197  9.54566
21  1.13097  90.9502  9.53678
21  1.19381  94.1667  9.70395
21  1.25664  95.1681  9.75541
21  1.31947  95.0562  9.74968
21  1.3823  97.2906  9.8636
21  1.44513  98.7835  9.93899
21  1.50796  99.0338  9.95157
21  1.5708  99.4792  9.97392
21  1.63363  97.6293  9.88075
21  1.69646  97.852  9.89202
21  1.75929  95.9368  9.79473
21  1.82212  95.2915  9.76174
21  1.88496  94.0594  9.69842
21  1.94779  90.5782  9.51726
21  2.01062  90.8549  9.53178
21  2.07345  90.1606  9.4953
21  2.13628  88.9088  9.42914
21  2.19911  88.4354  9.40401
21  2.26195  84.9524  9.21696
21  2.32478  83.6158  9.14417
21  2.38761  83.8961  9.15948
21  2.45044  76.8769  8.76795
21  2.51327  74.4094  8.62609
21  2.57611  66.8605  8.17682
21  2.63894  62.2378  7.88909
21  2.70177  55.2632  7.43392
21  2.7646  37.6238  6.13382
21  2.82743  8.92857  2.98807
21  2.89027  0  0
21  2.9531  0  0
21  3.01593  0  0
21  3.07876  0  0
21.5  0  0  0
21.5  0.0628319  0  0
21.5  0.125664  0  0
21.5  0.188496  0  0
21.5  0.251327  10.9375  3.30719
21.5  0.314159  37.9747  6.16236
21.5  0.376991  51.2605  7.15964
21.5  0.439823  67.6647  8.22585
21.5  0.502655  70.297  8.38433
21.5  0.565487  74.4856  8.6305
21.5  0.628319  80.1724  8.9539
21.5  0.69115  80.9524  8.99735
21.5  0.753982  85.3414  9.23804
21.5  0.816814  84.5771  9.19658
21.5  0.879646  87.3702  9.34721
21.5  0.942478  89.4558  9.45811
21.5  1.00531  90.4847  9.51235
21.5  1.06814  91.119  9.54563
21.5  1.13097  92.3077  9.60769
21.5  1.19381  95.0207  9.74786
21.5  1.25664  95.4649  9.77061
21.5  1.31947  96.882  9.84286
21.5  1.3823  98.0198  9.9005
21.5  1.44513  99.0632  9.95305
21.5  1.50796  99.511  9.97552
21.5  1.5708  99.4924  9.97459
21.5  1.63363  97.343  9.86626
21.5  1.69646  96.5686  9.82693
21.5  1.75929  96.2264  9.80951
21.5  1.82212  96.8825  9.84289
21.5  1.88496  95.4442  9.76955
21.5  1.94779  94.0937  9.70019
21.5  2.01062  92.4855  9.61694
21.5  2.07345  91.8063  9.58156
21.5  2.13628  88.906  9.429
21.5  2.19911  85.1913  9.22992
21.5  2.26195  88.2353  9.39336
21.5  2.32478  88.5932  9.41239
21.5  2.38761  78.9346  8.88452
21.5  2.45044  78.4884  8.85937
21.5  2.51327  75.6198  8.69597
21.5  2.57611  71.3542  8.44714
21.5  2.63894  57.6159  7.59051
21.5  2.70177  55.7377  7.46577
21.5  2.7646  35.4839  5.95683
21.5  2.82743  9.09091  3.01511
21.5  2.89027  0  0
21.5  2.9531  0  0
21.5  3.01593  0  0
21.5  3.07876  0  0
22  0  0  0
22  0.0628319  0  0
22  0.125664  0  0
22  0.188496  0  0
22  0.251327  7.69231  2.7735
22  0.314159  44.5652  6.67572
22  0.376991  48.8889  6.99206
22  0.439823  57.3171  7.5708
22  0.502655  70.5882  8.40168
22  0.565487  76.2931  8.73459
22  0.628319  73.0909  8.54932
22  0.69115  78.9976  8.88806
22  0.753982  80.5139  8.97295
22  0.816814  85.0993  9.22493
22  0.879646  88.9447  9.43105
22  0.942478  90.8127  9.52957
22  1.00531  90.495  9.51289
22  1.06814  89.1841  9.44373
22  1.13097  91.9028  9.5866
22  1.19381  94.99  9.74628
22  1.25664  96.8109  9.83925
22  1.31947  97.4082  9.86956
22  1.3823  97.7064  9.88466
22  1.44513  97.8774  9.8933
22  1.50796  99.2823  9.96405
22  1.5708  99.4949  9.97472
22  1.63363  98.9446  9.94709
22  1.69646  99.0361  9.95169
22  1.75929  97.1014  9.85401
22  1.82212  94.9886  9.74621
22  1.88496  93.5622  9.67276
22  1.94779  92.3395  9.60935
22  2.01062  93.2432  9.65625
22  2.07345  90.2778  9.50146
22  2.13628  86.3481  9.29237
22  2.19911  88.2545  9.39439
22  2.26195  83.9546  9.16268
22  2.32478  82.6255  9.08986
22  2.38761  78.8462  8.87954
22  2.45044  78.9474  8.88523
22  2.51327  73.4848  8.57233
22  2.57611  68.1081  8.25276
22  2.63894  68.4524  8.2736
22  2.70177  51.1811  7.1541
22  2.7646  33.3333  5.7735
22  2.82743  13.8462  3.72104
22  2.89027  0  0
22  2.9531  0  0
22  3.01593  0  0
22  3.07876  0  0
22.5  0  0  0
22.5  0.0628319  0  0
22.5  0.125664  0  0
22.5  0.188496  0  0
22.5  0.251327  14.7059  3.83482
22.5  0.314159  32.6087  5.7104
22.5  0.376991  56.4516  7.51343
22.5  0.439823  67.4074  8.2102
22.5  0.502655  70.9524  8.42332
22.5  0.565487  74.812  8.64939
22.5  0.628319  71.8841  8.47845
22.5  0.69115  79.0698  8.89212
22.5  0.753982  80.7018  8.98342
22.5  0.816814  85.8885  9.2676
22.5  0.879646  88.1188  9.38716
22.5  0.942478  89.2174  9.4455
22.5  1.00531  90.7143  9.5244
22.5  1.06814  93.0502  9.64625
22.5  1.13097  93.3868  9.66368
22.5  1.19381  93.4783  9.66842
22.5  1.25664  96.2121  9.80878
22.5  1.31947  96.3855  9.81761
22.5  1.3823  98.2759  9.91342
22.5  1.44513  98.4576  9.92258
22.5  1.50796  99.3258  9.96624
22.5  1.5708  99.5012  9.97503
22.5  1.63363  99.5305  9.9765
22.5  1.69646  97.6526  9.88193
22.5  1.75929  96.1798  9.80713
22.5  1.82212  95.7537  9.78538
22.5  1.88496  94.1667  9.70395
22.5  1.94779  93.0085  9.64409
22.5  2.01062  91.3828  9.55943
22.5  2.07345  93.2203  9.65507
22.5  2.13628  88.4477  9.40466
22.5  2.19911  88.4615  9.4054
22.5  2.26195  85.3659  9.23936
22.5  2.32478  81.6  9.03327
22.5  2.38761  79.5062  8.91662
22.5  2.45044  78.125  8.83883
22.5  2.51327  76.3713  8.73907
22.5  2.57611  68.2692  8.26252
22.5  2.63894  64.5833  8.03638
22.5  2.70177  53.7037  7.32828
22.5  2.7646  43.4211  6.58947
22.5  2.82743  12.3077  3.50823
22.5  2.89027  0  0
22.5  2.9531  0  0
22.5  3.01593  0  0
22.5  3.07876  0  0
23  0  0  0
23  0.0628319  0  0
23  0.125664  0  0
23  0.188496  0  0
23  0.251327  17.7419  4.21212
23  0.314159  39.3258  6.27103
23  0.376991  53.719  7.32933
23  0.439823  60  7.74597
23  0.502655  68.3417  8.2669
23  0.565487  71.0714  8.43039
23  0.628319  77.0968  8.78048
23  0.69115  79.7619  8.93095
23  0.753982  81.1567  9.0087
23  0.816814  85.7143  9.2582
23  0.879646  85.4452  9.24366
23  0.942478  87.6325  9.36122
23  1.00531  91.6501  9.57341
23  1.06814  92.6  9.62289
23  1.13097  93.0435  9.6459
23  1.19381  93.8356  9.68688
23  1.25664  93.6652  9.67808
23  1.31947  96.3235  9.81446
23  1.3823  98.3412  9.91671
23  1.44513  98.481  9.92376
23  1.50796  99.2806  9.96396
23  1.5708  99.2593  9.96289
23  1.63363  98.801  9.93987
23  1.69646  96.0557  9.8008
23  1.75929  95.5399  9.77445
23  1.82212  94.1423  9.70269
23  1.88496  95.3722  9.76587
23  1.94779  93.2927  9.65881
23  2.01062  92.1488  9.59941
23  2.07345  92.2807  9.60628
23  2.13628  90.7743  9.52755
23  2.19911  89.9836  9.48597
23  2.26195  85.0163  9.22043
23  2.32478  85.1224  9.22618
23  2.38761  78.8863  8.8818
23  2.45044  74.5342  8.63332
23  2.51327  74.9104  8.65508
23  2.57611  70.3518  8.3876
23  2.63894  60.9626  7.80785
23  2.70177  49.5935  7.04226
23  2.7646  42.4528  6.51558
23  2.82743  20.6349  4.54257
23  2.89027  0  0
23  2.9531  0  0
23  3.01593  0  0
23  3.07876  0  0
23.5  0  0  0
23.5  0.0628319  0  0
23.5  0.125664  0  0
23.5  0.188496  0  0
23.5  0.251327  13.0952  3.61873
23.5  0.314159  34.9398  5.91099
23.5  0.376991  54.7009  7.396
23.5  0.439823  60.9272  7.80558
23.5  0.502655  60.5405  7.78078
23.5  0.565487  76.5385  8.74863
23.5  0.628319  73.9521  8.59954
23.5  0.69115  81.5145  9.02854
23.5  0.753982  83.1276  9.11743
23.5  0.816814  87.0242  9.32868
23.5  0.879646  88.1978  9.39137
23.5  0.942478  88.8696  9.42707
23.5  1.00531  88.4007  9.40216
23.5  1.06814  89.0688  9.43763
23.5  1.13097  94.1176  9.70143
23.5  1.19381  93.1624  9.65207
23.5  1.25664  97.0772  9.85278
23.5  1.31947  96.6265  9.82988
23.5  1.3823  98.3683  9.91808
23.5  1.44513  98.7406  9.93683
23.5  1.50796  99.4987  9.97491
23.5  1.5708  98.9873  9.94924
23.5  1.63363  98.5037  9.92491
23.5  1.69646  98.5112  9.92528
23.5  1.75929  96.8085  9.83913
23.5  1.82212  95.4233  9.76849
23.5  1.88496  93.8998  9.69019
23.5  1.94779  93.2735  9.65782
23.5  2.01062  91.9847  9.59087
23.5  2.07345  91.6515  9.57348
23.5  2.13628  89.0164  9.43485
23.5  2.19911  84.3648  9.18503
23.5  2.26195  84.3072  9.18189
23.5  2.32478  87.7395  9.36693
23.5  2.38761  80.3324  8.96283
23.5  2.45044  73.8602  8.59419
23.5  2.51327  70.7581  8.41178
23.5  2.57611  66.1692  8.13444
23.5  2.63894  62.7586  7.92203
23.5  2.70177  58.1197  7.62362
23.5  2.7646  37.5  6.12372
23.5  2.82743  12.1212  3.48155
23.5  2.89027  0  0
23.5  2.9531  0  0
23.5  3.01593  0  0
23.5  3.07876  0  0
24  0  0  0
24  0.0628319  0  0
24  0.125664  0  0
24  0.188496  0  0
24  0.251327  11.6883  3.41882
24  0.314159  33.0189  5.7462
24  0.376991  52.5862  7.25163
24  0.439823  68.3616  8.26811
24  0.502655  69.697  8.34847
24  0.565487  73.7226  8.58619
24  0.628319  77.8462  8.82305
24  0.69115  77.6978  8.81464
24  0.753982  85.3383  9.23788
24  0.816814  85.3616  9.23913
24  0.879646  86.7572  9.31436
24  0.942478  89.2977  9.44974
24  1.00531  88.3598  9.39999
24  1.06814  92.4152  9.61328
24  1.13097  92.5926  9.6225
24  1.19381  93.379  9.66328
24  1.25664  96.4115  9.81893
24  1.31947  96.2963  9.81307
24  1.3823  96.2617  9.8113
24  1.44513  98.8453  9.9421
24  1.50796  100  10
24  1.5708  99.5261  9.97628
24  1.63363  98.5948  9.92949
24  1.69646  97.7925  9.88901
24  1.75929  97.2569  9.86189
24  1.82212  96.5986  9.82846
24  1.88496  96.6387  9.8305
24  1.94779  92.7765  9.63206
24  2.01062  91.3628  9.55839
24  2.07345  87.9921  9.38041
24  2.13628  89.6104  9.46628
24  2.19911  88.5329  9.40919
24  2.26195  86.8852  9.32123
24  2.32478  81.5287  9.02932
24  2.38761  80.6533  8.98072
24  2.45044  75.9531  8.71511
24  2.51327  74.4493  8.6284
24  2.57611  71.7172  8.4686
24  2.63894  64.7799  8.04859
24  2.70177  51.2195  7.15678
24  2.7646  45.098  6.71551
24  2.82743  14.7541  3.84111
24  2.89027  0  0
24  2.9531  0  0
24  3.01593  0  0
24  3.07876  0  0
24.5  0  0  0
24.5  0.0628319  0  0
24.5  0.125664  0  0
24.5  0.188496  0  0
24.5  0.251327  17.9487  4.23659
24.5  0.314159  39.2405  6.26422
24.5  0.376991  46.6667  6.8313
24.5  0.439823  61.2676  7.82736
24.5  0.502655  73.0769  8.5485
24.5  0.565487  77.2242  8.78773
24.5  0.628319  73.4628  8.57104
24.5  0.69115  83.1658  9.11953
24.5  0.753982  82.7586  9.09718
24.5  0.816814  83.2237  9.1227
24.5  0.879646  88.7772  9.42217
24.5  0.942478  90.0175  9.48776
24.5  1.00531  90.9774  9.53821
24.5  1.06814  93.0417  9.64582
24.5  1.13097  93.6768  9.67868
24.5  1.19381  94.7266  9.73276
24.5  1.25664  96.1625  9.80625
24.5  1.31947  94.6387  9.72824
24.5  1.3823  96.6746  9.83232
24.5  1.44513  98.2673  9.91299
24.5  1.50796  99.4911  9.97452
24.5  1.5708  98.7685  9.93823
24.5  1.63363  97.6526  9.88193
24.5  1.69646  97.3747  9.86786
24.5  1.75929  97.5113  9.87478
24.5  1.82212  95.5752  9.77626
24.5  1.88496  95.1648  9.75525
24.5  1.94779  94.9045  9.74189
24.5  2.01062  92.3379  9.60926
24.5  2.07345  93.3333  9.66092
24.5  2.13628  86.6782  9.31011
24.5  2.19911  86.4742  9.29915
24.5  2.26195  85.5098  9.24715
24.5  2.32478  84.5574  9.19551
24.5  2.38761  82.25  9.06918
24.5  2.45044  77.1704  8.78467
24.5  2.51327  70.2586  8.38204
24.5  2.57611  68  8.24621
24.5  2.63894  67.0968  8.19126
24.5  2.70177  55  7.4162
24.5  2.7646  32.7103  5.71929
24.5  2.82743  18.4615  4.29669
24.5  2.89027  0  0
24.5  2.9531  0  0
24.5  3.01593  0  0
24.5  3.07876  0  0
