4  0  0  0
4  0.0628319  0  0
4  0.125664  0  0
4  0.188496  0  0
4  0.251327  0  0
4  0.314159  0  0
4  0.376991  0  0
4  0.439823  0  0
4  0.502655  0  0
4  0.565487  0  0
4  0.628319  0  0
4  0.69115  0  0
4  0.753982  0  0
4  0.816814  0  0
4  0.879646  0  0
4  0.942478  0  0
4  1.00531  0  0
4  1.06814  0  0
4  1.13097  0  0
4  1.19381  0  0
4  1.25664  0  0
4  1.31947  0  0
4  1.3823  0  0
4  1.44513  0  0
4  1.50796  0  0
4  1.5708  0  0
4  1.63363  0  0
4  1.69646  0  0
4  1.75929  0  0
4  1.82212  0  0
4  1.88496  0  0
4  1.94779  0  0
4  2.01062  0  0
4  2.07345  0  0
4  2.13628  0  0
4  2.19911  0  0
4  2.26195  0  0
4  2.32478  0  0
4  2.38761  0  0
4  2.45044  0  0
4  2.51327  0  0
4  2.57611  0  0
4  2.63894  0  0
4  2.70177  0  0
4  2.7646  0  0
4  2.82743  0  0
4  2.89027  0  0
4  2.9531  0  0
4  3.01593  0  0
4  3.07876  0  0
4.5  0  0  0
4.5  0.0628319  0  0
4.5  0.125664  0  0
4.5  0.188496  0  0
4.5  0.251327  0  0
4.5  0.314159  0  0
4.5  0.376991  0  0
4.5  0.439823  0  0
4.5  0.502655  0  0
4.5  0.565487  0  0
4.5  0.628319  0  0
4.5  0.69115  0  0
4.5  0.753982  0  0
4.5  0.816814  0  0
4.5  0.879646  0  0
4.5  0.942478  0  0
4.5  1.00531  0  0
4.5  1.06814  0  0
4.5  1.13097  0  0
4.5  1.19381  0  0
4.5  1.25664  0  0
4.5  1.31947  0  0
4.5  1.3823  0  0
4.5  1.44513  0  0
4.5  1.50796  0  0
4.5  1.5708  0  0
4.5  1.63363  0  0
4.5  1.69646  0  0
4.5  1.75929  0  0
4.5  1.82212  0  0
4.5  1.88496  0  0
4.5  1.94779  0  0
4.5  2.01062  0  0
4.5  2.07345  0  0
4.5  2.13628  0  0
4.5  2.19911  0  0
4.5  2.26195  0  0
4.5  2.32478  0  0
4.5  2.38761  0  0
4.5  2.45044  0  0
4.5  2.51327  0  0
4.5  2.57611  0  0
4.5  2.63894  0  0
4.5  2.70177  0  0
4.5  2.7646  0  0
4.5  2.82743  0  0
4.5  2.89027  0  0
4.5  2.9531  0  0
4.5  3.01593  0  0
4.5  3.07876  0  0
5  0  0  0
5  0.0628319  0  0
5  0.125664  0  0
5  0.188496  0  0
5  0.251327  0  0
5  0.314159  0  0
5  0.376991  0  0
5  0.439823  0  0
5  0.502655  0  0
5  0.565487  0  0
5  0.628319  0  0
5  0.69115  0  0
5  0.753982  0  0
5  0.816814  0  0
5  0.879646  0  0
5  0.942478  0  0
5  1.00531  0  0
5  1.06814  0  0
5  1.13097  0  0
5  1.19381  0  0
5  1.25664  0  0
5  1.31947  0  0
5  1.3823  0  0
5  1.44513  0  0
5  1.50796  0  0
5  1.5708  0  0
5  1.63363  0  0
5  1.69646  0  0
5  1.75929  0  0
5  1.82212  0  0
5  1.88496  0  0
5  1.94779  0  0
5  2.01062  0  0
5  2.07345  0  0
5  2.13628  0  0
5  2.19911  0  0
5  2.26195  0  0
5  2.32478  0  0
5  2.38761  0  0
5  2.45044  0  0
5  2.51327  0  0
5  2.57611  0  0
5  2.63894  0  0
5  2.70177  0  0
5  2.7646  0  0
5  2.82743  0  0
5  2.89027  0  0
5  2.9531  0  0
5  3.01593  0  0
5  3.07876  0  0
5.5  0  0  0
5.5  0.0628319  0  0
5.5  0.125664  0  0
5.5  0.188496  0  0
5.5  0.251327  0  0
5.5  0.314159  0  0
5.5  0.376991  0  0
5.5  0.439823  0  0
5.5  0.502655  0  0
5.5  0.565487  0  0
5.5  0.628319  0  0
5.5  0.69115  0  0
5.5  0.753982  0  0
5.5  0.816814  0  0
5.5  0.879646  0  0
5.5  0.942478  0  0
5.5  1.00531  0  0
5.5  1.06814  0  0
5.5  1.13097  0  0
5.5  1.19381  0  0
5.5  1.25664  0  0
5.5  1.31947  0  0
5.5  1.3823  0  0
5.5  1.44513  0  0
5.5  1.50796  0  0
5.5  1.5708  0  0
5.5  1.63363  0  0
5.5  1.69646  0  0
5.5  1.75929  0  0
5.5  1.82212  0  0
5.5  1.88496  0  0
5.5  1.94779  0  0
5.5  2.01062  0  0
5.5  2.07345  0  0
5.5  2.13628  0  0
5.5  2.19911  0  0
5.5  2.26195  0  0
5.5  2.32478  0  0
5.5  2.38761  0  0
5.5  2.45044  0  0
5.5  2.51327  0  0
5.5  2.57611  0  0
5.5  2.63894  0  0
5.5  2.70177  0  0
5.5  2.7646  0  0
5.5  2.82743  0  0
5.5  2.89027  0  0
5.5  2.9531  0  0
5.5  3.01593  0  0
5.5  3.07876  0  0
6  0  0  0
6  0.0628319  0  0
6  0.125664  0  0
6  0.188496  0  0
6  0.251327  0  0
6  0.314159  0  0
6  0.376991  0  0
6  0.439823  0  0
6  0.502655  0  0
6  0.565487  0  0
6  0.628319  0  0
6  0.69115  0  0
6  0.753982  0  0
6  0.816814  0  0
6  0.879646  0  0
6  0.942478  0  0
6  1.00531  0  0
6  1.06814  0  0
6  1.13097  0  0
6  1.19381  0  0
6  1.25664  0  0
6  1.31947  0  0
6  1.3823  0  0
6  1.44513  0  0
6  1.50796  0  0
6  1.5708  0  0
6  1.63363  0  0
6  1.69646  0  0
6  1.75929  0  0
6  1.82212  0  0
6  1.88496  0  0
6  1.94779  0  0
6  2.01062  0  0
6  2.07345  0  0
6  2.13628  0  0
6  2.19911  0  0
6  2.26195  0  0
6  2.32478  0  0
6  2.38761  0  0
6  2.45044  0  0
6  2.51327  0  0
6  2.57611  0  0
6  2.63894  0  0
6  2.70177  0  0
6  2.7646  0  0
6  2.82743  0  0
6  2.89027  0  0
6  2.9531  0  0
6  3.01593  0  0
6  3.07876  0  0
6.5  0  0  0
6.5  0.0628319  0  0
6.5  0.125664  0  0
6.5  0.188496  0  0
6.5  0.251327  0  0
6.5  0.314159  0  0
6.5  0.376991  0  0
6.5  0.439823  0  0
6.5  0.502655  0  0
6.5  0.565487  0  0
6.5  0.628319  0  0
6.5  0.69115  0  0
6.5  0.753982  0  0
6.5  0.816814  0  0
6.5  0.879646  0  0
6.5  0.942478  0  0
6.5  1.00531  0  0
6.5  1.06814  0  0
6.5  1.13097  0  0
6.5  1.19381  0  0
6.5  1.25664  0  0
6.5  1.31947  0  0
6.5  1.3823  0  0
6.5  1.44513  0  0
6.5  1.50796  0  0
6.5  1.5708  0  0
6.5  1.63363  0  0
6.5  1.69646  0  0
6.5  1.75929  0  0
6.5  1.82212  0  0
6.5  1.88496  0  0
6.5  1.94779  0  0
6.5  2.01062  0  0
6.5  2.07345  0  0
6.5  2.13628  0  0
6.5  2.19911  0  0
6.5  2.26195  0  0
6.5  2.32478  0  0
6.5  2.38761  0  0
6.5  2.45044  0  0
6.5  2.51327  0  0
6.5  2.57611  0  0
6.5  2.63894  0  0
6.5  2.70177  0  0
6.5  2.7646  0  0
6.5  2.82743  0  0
6.5  2.89027  0  0
6.5  2.9531  0  0
6.5  3.01593  0  0
6.5  3.07876  0  0
7  0  0  0
7  0.0628319  0  0
7  0.125664  0  0
7  0.188496  0  0
7  0.251327  0  0
7  0.314159  0  0
7  0.376991  0  0
7  0.439823  0  0
7  0.502655  0  0
7  0.565487  0  0
7  0.628319  0  0
7  0.69115  0  0
7  0.753982  0  0
7  0.816814  0  0
7  0.879646  0  0
7  0.942478  0  0
7  1.00531  0  0
7  1.06814  0  0
7  1.13097  0  0
7  1.19381  0  0
7  1.25664  0  0
7  1.31947  0  0
7  1.3823  0  0
7  1.44513  0  0
7  1.50796  0  0
7  1.5708  0  0
7  1.63363  0  0
7  1.69646  0  0
7  1.75929  0  0
7  1.82212  0  0
7  1.88496  0  0
7  1.94779  0  0
7  2.01062  0  0
7  2.07345  0  0
7  2.13628  0  0
7  2.19911  0  0
7  2.26195  0  0
7  2.32478  0  0
7  2.38761  0  0
7  2.45044  0  0
7  2.51327  0  0
7  2.57611  0  0
7  2.63894  0  0
7  2.70177  0  0
7  2.7646  0  0
7  2.82743  0  0
7  2.89027  0  0
7  2.9531  0  0
7  3.01593  0  0
7  3.07876  0  0
7.5  0  0  0
7.5  0.0628319  0  0
7.5  0.125664  0  0
7.5  0.188496  0  0
7.5  0.251327  0  0
7.5  0.314159  0  0
7.5  0.376991  0  0
7.5  0.439823  0  0
7.5  0.502655  0  0
7.5  0.565487  0  0
7.5  0.628319  0  0
7.5  0.69115  0  0
7.5  0.753982  0  0
7.5  0.816814  0  0
7.5  0.879646  0  0
7.5  0.942478  0  0
7.5  1.00531  0  0
7.5  1.06814  0  0
7.5  1.13097  0  0
7.5  1.19381  0  0
7.5  1.25664  0  0
7.5  1.31947  0  0
7.5  1.3823  0  0
7.5  1.44513  0  0
7.5  1.50796  0  0
7.5  1.5708  0  0
7.5  1.63363  0  0
7.5  1.69646  0  0
7.5  1.75929  0  0
7.5  1.82212  0  0
7.5  1.88496  0  0
7.5  1.94779  0  0
7.5  2.01062  0  0
7.5  2.07345  0  0
7.5  2.13628  0  0
7.5  2.19911  0  0
7.5  2.26195  0  0
7.5  2.32478  0  0
7.5  2.38761  0  0
7.5  2.45044  0  0
7.5  2.51327  0  0
7.5  2.57611  0  0
7.5  2.63894  0  0
7.5  2.70177  0  0
7.5  2.7646  0  0
7.5  2.82743  0  0
7.5  2.89027  0  0
7.5  2.9531  0  0
7.5  3.01593  0  0
7.5  3.07876  0  0
8  0  0  0
8  0.0628319  0  0
8  0.125664  0  0
8  0.188496  0  0
8  0.251327  0  0
8  0.314159  0  0
8  0.376991  0  0
8  0.439823  0  0
8  0.502655  0  0
8  0.565487  0  0
8  0.628319  0  0
8  0.69115  0  0
8  0.753982  0  0
8  0.816814  0  0
8  0.879646  0  0
8  0.942478  0  0
8  1.00531  0  0
8  1.06814  0  0
8  1.13097  0  0
8  1.19381  0  0
8  1.25664  0.25876  1.7022
8  1.31947  5.12995  9.85956
8  1.3823  3.88975  1.45052
8  1.44513  2.8995  0.57576
8  1.50796  1.95922  0.273986
8  1.5708  2.39532  0.365592
8  1.63363  3.04652  0.66198
8  1.69646  2.65137  0.692974
8  1.75929  7.90686  9.45931
8  1.82212  0.240258  2.2877
8  1.88496  0  0
8  1.94779  0  0
8  2.01062  0  0
8  2.07345  0  0
8  2.13628  0  0
8  2.19911  0  0
8  2.26195  0  0
8  2.32478  0  0
8  2.38761  0  0
8  2.45044  0  0
8  2.51327  0  0
8  2.57611  0  0
8  2.63894  0  0
8  2.70177  0  0
8  2.7646  0  0
8  2.82743  0  0
8  2.89027  0  0
8  2.9531  0  0
8  3.01593  0  0
8  3.07876  0  0
8.5  0  0  0
8.5  0.0628319  0  0
8.5  0.125664  0  0
8.5  0.188496  0  0
8.5  0.251327  0  0
8.5  0.314159  0  0
8.5  0.376991  0  0
8.5  0.439823  0  0
8.5  0.502655  0  0
8.5  0.565487  0  0
8.5  0.628319  0  0
8.5  0.69115  0  0
8.5  0.753982  0  0
8.5  0.816814  0  0
8.5  0.879646  0  0
8.5  0.942478  0  0
8.5  1.00531  0  0
8.5  1.06814  5.43604  11.8971
8.5  1.13097  2.33409  0.455993
8.5  1.19381  2.33279  0.252757
8.5  1.25664  1.94033  0.104676
8.5  1.31947  2.20873  0.128776
8.5  1.3823  1.97789  0.0986588
8.5  1.44513  1.97044  0.106477
8.5  1.50796  2.01683  0.0945625
8.5  1.5708  2.05729  0.143638
8.5  1.63363  1.9356  0.0983701
8.5  1.69646  2.01441  0.137794
8.5  1.75929  2.14475  0.116747
8.5  1.82212  2.17047  0.136064
8.5  1.88496  2.17164  0.17607
8.5  1.94779  2.82458  0.722311
8.5  2.01062  0.474959  0.375435
8.5  2.07345  0  0
8.5  2.13628  0  0
8.5  2.19911  0  0
8.5  2.26195  0  0
8.5  2.32478  0  0
8.5  2.38761  0  0
8.5  2.45044  0  0
8.5  2.51327  0  0
8.5  2.57611  0  0
8.5  2.63894  0  0
8.5  2.70177  0  0
8.5  2.7646  0  0
8.5  2.82743  0  0
8.5  2.89027  0  0
8.5  2.9531  0  0
8.5  3.01593  0  0
8.5  3.07876  0  0
9  0  0  0
9  0.0628319  0  0
9  0.125664  0  0
9  0.188496  0  0
9  0.251327  0  0
9  0.314159  0  0
9  0.376991  0  0
9  0.439823  0  0
9  0.502655  0  0
9  0.565487  0  0
9  0.628319  0  0
9  0.69115  0  0
9  0.753982  0  0
9  0.816814  0  0
9  0.879646  0  0
9  0.942478  8.33865  17.3344
9  1.00531  2.32074  0.28361
9  1.06814  2.24935  0.170636
9  1.13097  2.28114  0.132874
9  1.19381  2.01113  0.104386
9  1.25664  2.32854  0.119082
9  1.31947  2.40132  0.134741
9  1.3823  2.11867  0.128344
9  1.44513  2.06804  0.117608
9  1.50796  2.10743  0.121652
9  1.5708  2.10405  0.120149
9  1.63363  2.03485  0.103452
9  1.69646  2.10025  0.119836
9  1.75929  2.21487  0.129475
9  1.82212  1.95762  0.103217
9  1.88496  1.94116  0.10156
9  1.94779  2.23843  0.114972
9  2.01062  2.1451  0.130323
9  2.07345  2.61164  0.336158
9  2.13628  5.4954  10.7247
9  2.19911  0  0
9  2.26195  0  0
9  2.32478  0  0
9  2.38761  0  0
9  2.45044  0  0
9  2.51327  0  0
9  2.57611  0  0
9  2.63894  0  0
9  2.70177  0  0
9  2.7646  0  0
9  2.82743  0  0
9  2.89027  0  0
9  2.9531  0  0
9  3.01593  0  0
9  3.07876  0  0
9.5  0  0  0
9.5  0.0628319  0  0
9.5  0.125664  0  0
9.5  0.188496  0  0
9.5  0.251327  0  0
9.5  0.314159  0  0
9.5  0.376991  0  0
9.5  0.439823  0  0
9.5  0.502655  0  0
9.5  0.565487  0  0
9.5  0.628319  0  0
9.5  0.69115  0  0
9.5  0.753982  0  0
9.5  0.816814  0  0
9.5  0.879646  4.57494  1.60565
9.5  0.942478  2.7713  0.177106
9.5  1.00531  2.32372  0.112988
9.5  1.06814  2.31772  0.117906
9.5  1.13097  2.20748  0.0978567
9.5  1.19381  2.18364  0.119059
9.5  1.25664  2.21546  0.140734
9.5  1.31947  2.06527  0.1179
9.5  1.3823  2.30772  0.149492
9.5  1.44513  2.30586  0.127829
9.5  1.50796  2.16012  0.126561
9.5  1.5708  1.9006  0.100202
9.5  1.63363  2.11542  0.0968515
9.5  1.69646  2.27269  0.123383
9.5  1.75929  2.16824  0.118698
9.5  1.82212  2.19538  0.107268
9.5  1.88496  2.08312  0.115296
9.5  1.94779  2.18371  0.115263
9.5  2.01062  2.40683  0.171318
9.5  2.07345  2.2722  0.104473
9.5  2.13628  2.21756  0.142299
9.5  2.19911  4.4805  1.31302
9.5  2.26195  4.58476  33.6423
9.5  2.32478  0  0
9.5  2.38761  0  0
9.5  2.45044  0  0
9.5  2.51327  0  0
9.5  2.57611  0  0
9.5  2.63894  0  0
9.5  2.70177  0  0
9.5  2.7646  0  0
9.5  2.82743  0  0
9.5  2.89027  0  0
9.5  2.9531  0  0
9.5  3.01593  0  0
9.5  3.07876  0  0
10  0  0  0
10  0.0628319  0  0
10  0.125664  0  0
10  0.188496  0  0
10  0.251327  0  0
10  0.314159  0  0
10  0.376991  0  0
10  0.439823  0  0
10  0.502655  0  0
10  0.565487  0  0
10  0.628319  0  0
10  0.69115  0  0
10  0.753982  34.9521  31.386
10  0.816814  2.58588  0.412218
10  0.879646  2.40425  0.112709
10  0.942478  2.04004  0.0863718
10  1.00531  2.30205  0.106524
10  1.06814  2.16347  0.103851
10  1.13097  2.24094  0.102983
10  1.19381  2.24354  0.121694
10  1.25664  2.4959  0.173466
10  1.31947  2.16899  0.114844
10  1.3823  1.9518  0.126206
10  1.44513  1.88605  0.0933532
10  1.50796  2.22433  0.13891
10  1.5708  2.15259  0.118815
10  1.63363  2.11203  0.112343
10  1.69646  2.20923  0.122611
10  1.75929  2.45599  0.144413
10  1.82212  2.21554  0.122747
10  1.88496  2.40078  0.150888
10  1.94779  2.20042  0.129921
10  2.01062  2.31145  0.122007
10  2.07345  2.13285  0.106233
10  2.13628  2.48274  0.109302
10  2.19911  2.38997  0.105898
10  2.26195  3.2328  0.458447
10  2.32478  0.277864  2.03893
10  2.38761  0  0
10  2.45044  0  0
10  2.51327  0  0
10  2.57611  0  0
10  2.63894  0  0
10  2.70177  0  0
10  2.7646  0  0
10  2.82743  0  0
10  2.89027  0  0
10  2.9531  0  0
10  3.01593  0  0
10  3.07876  0  0
10.5  0  0  0
10.5  0.0628319  0  0
10.5  0.125664  0  0
10.5  0.188496  0  0
10.5  0.251327  0  0
10.5  0.314159  0  0
10.5  0.376991  0  0
10.5  0.439823  0  0
10.5  0.502655  0  0
10.5  0.565487  0  0
10.5  0.628319  0  0
10.5  0.69115  0.258762  1.70209
10.5  0.753982  3.30327  0.726541
10.5  0.816814  2.61488  0.117644
10.5  0.879646  2.22212  0.103681
10.5  0.942478  2.23944  0.106582
10.5  1.00531  2.21506  0.117357
10.5  1.06814  2.1265  0.109958
10.5  1.13097  2.37242  0.136834
10.5  1.19381  2.42734  0.115843
10.5  1.25664  2.08359  0.11727
10.5  1.31947  2.51908  0.142341
10.5  1.3823  2.07279  0.123202
10.5  1.44513  2.27727  0.106398
10.5  1.50796  2.15814  0.113585
10.5  1.5708  2.0458  0.11733
10.5  1.63363  2.02204  0.114365
10.5  1.69646  2.10559  0.121623
10.5  1.75929  2.07327  0.10707
10.5  1.82212  2.11619  0.129976
10.5  1.88496  2.11179  0.114993
10.5  1.94779  2.23103  0.115133
10.5  2.01062  2.08339  0.107424
10.5  2.07345  2.44201  0.112974
10.5  2.13628  2.5083  0.129706
10.5  2.19911  2.33025  0.105246
10.5  2.26195  2.44923  0.134827
10.5  2.32478  4.68222  1.10075
10.5  2.38761  0.249863  2.27137
10.5  2.45044  0  0
10.5  2.51327  0  0
10.5  2.57611  0  0
10.5  2.63894  0  0
10.5  2.70177  0  0
10.5  2.7646  0  0
10.5  2.82743  0  0
10.5  2.89027  0  0
10.5  2.9531  0  0
10.5  3.01593  0  0
10.5  3.07876  0  0
11  0  0  0
11  0.0628319  0  0
11  0.125664  0  0
11  0.188496  0  0
11  0.251327  0  0
11  0.314159  0  0
11  0.376991  0  0
11  0.439823  0  0
11  0.502655  0  0
11  0.565487  0  0
11  0.628319  0  0
11  0.69115  14.2073  23.3237
11  0.753982  2.44262  0.13204
11  0.816814  2.39171  0.116332
11  0.879646  2.50155  0.115403
11  0.942478  2.21965  0.106756
11  1.00531  2.42682  0.110318
11  1.06814  2.21337  0.108564
11  1.13097  2.38724  0.115032
11  1.19381  2.24709  0.121753
11  1.25664  2.1639  0.11211
11  1.31947  2.4924  0.177001
11  1.3823  2.19563  0.124581
11  1.44513  2.28198  0.122101
11  1.50796  2.20551  0.124564
11  1.5708  2.32921  0.124785
11  1.63363  2.21452  0.109361
11  1.69646  2.13404  0.111833
11  1.75929  2.26086  0.119288
11  1.82212  2.37985  0.141604
11  1.88496  2.32316  0.121755
11  1.94779  2.07814  0.105382
11  2.01062  2.50534  0.138891
11  2.07345  2.24033  0.112458
11  2.13628  2.24838  0.0943443
11  2.19911  2.39129  0.109597
11  2.26195  2.4598  0.135216
11  2.32478  2.4283  0.154587
11  2.38761  6.0232  2.28384
11  2.45044  0  0
11  2.51327  0  0
11  2.57611  0  0
11  2.63894  0  0
11  2.70177  0  0
11  2.7646  0  0
11  2.82743  0  0
11  2.89027  0  0
11  2.9531  0  0
11  3.01593  0  0
11  3.07876  0  0
11.5  0  0  0
11.5  0.0628319  0  0
11.5  0.125664  0  0
11.5  0.188496  0  0
11.5  0.251327  0  0
11.5  0.314159  0  0
11.5  0.376991  0  0
11.5  0.439823  0  0
11.5  0.502655  0  0
11.5  0.565487  0  0
11.5  0.628319  15.2109  23.1868
11.5  0.69115  2.35413  0.182823
11.5  0.753982  2.39603  0.13427
11.5  0.816814  2.5916  0.121777
11.5  0.879646  2.44003  0.112286
11.5  0.942478  2.39593  0.109163
11.5  1.00531  2.54053  0.122755
11.5  1.06814  2.35431  0.124162
11.5  1.13097  2.26464  0.143556
11.5  1.19381  2.15272  0.119065
11.5  1.25664  2.18545  0.118321
11.5  1.31947  2.08057  0.0918216
11.5  1.3823  2.14007  0.113838
11.5  1.44513  1.98405  0.111649
11.5  1.50796  2.08324  0.103625
11.5  1.5708  2.2771  0.12894
11.5  1.63363  2.14934  0.11371
11.5  1.69646  2.12321  0.0993926
11.5  1.75929  2.16906  0.113489
11.5  1.82212  2.29807  0.128198
11.5  1.88496  2.2612  0.112225
11.5  1.94779  2.27135  0.1212
11.5  2.01062  2.36044  0.113155
11.5  2.07345  2.41909  0.101396
11.5  2.13628  2.1941  0.111488
11.5  2.19911  2.63379  0.118114
11.5  2.26195  2.41055  0.130531
11.5  2.32478  2.67739  0.155484
11.5  2.38761  2.39667  0.329855
11.5  2.45044  12.0798  19.5766
11.5  2.51327  0  0
11.5  2.57611  0  0
11.5  2.63894  0  0
11.5  2.70177  0  0
11.5  2.7646  0  0
11.5  2.82743  0  0
11.5  2.89027  0  0
11.5  2.9531  0  0
11.5  3.01593  0  0
11.5  3.07876  0  0
12  0  0  0
12  0.0628319  0  0
12  0.125664  0  0
12  0.188496  0  0
12  0.251327  0  0
12  0.314159  0  0
12  0.376991  0  0
12  0.439823  0  0
12  0.502655  0  0
12  0.565487  1.80612  13.253
12  0.628319  3.45092  0.978538
12  0.69115  2.70542  0.266418
12  0.753982  2.6614  0.141329
12  0.816814  2.36844  0.118587
12  0.879646  2.68646  0.140351
12  0.942478  2.23991  0.110207
12  1.00531  2.40369  0.114379
12  1.06814  2.38258  0.119154
12  1.13097  2.25375  0.136661
12  1.19381  2.10055  0.124555
12  1.25664  2.09544  0.123743
12  1.31947  2.15339  0.116681
12  1.3823  1.95942  0.101
12  1.44513  2.00577  0.121168
12  1.50796  2.19963  0.111774
12  1.5708  1.96717  0.1129
12  1.63363  2.32743  0.137334
12  1.69646  2.19352  0.103857
12  1.75929  2.2472  0.113437
12  1.82212  2.4102  0.109163
12  1.88496  2.24941  0.12525
12  1.94779  2.31986  0.128481
12  2.01062  2.284  0.115306
12  2.07345  2.3613  0.118979
12  2.13628  2.25415  0.114549
12  2.19911  2.4639  0.102342
12  2.26195  2.58991  0.145302
12  2.32478  2.84027  0.180694
12  2.38761  2.78268  0.215774
12  2.45044  4.02453  1.39352
12  2.51327  0  0
12  2.57611  0  0
12  2.63894  0  0
12  2.70177  0  0
12  2.7646  0  0
12  2.82743  0  0
12  2.89027  0  0
12  2.9531  0  0
12  3.01593  0  0
12  3.07876  0  0
12.5  0  0  0
12.5  0.0628319  0  0
12.5  0.125664  0  0
12.5  0.188496  0  0
12.5  0.251327  0  0
12.5  0.314159  0  0
12.5  0.376991  0  0
12.5  0.439823  0  0
12.5  0.502655  0  0
12.5  0.565487  8.01996  13.5148
12.5  0.628319  3.44009  0.598403
12.5  0.69115  3.19241  0.266718
12.5  0.753982  2.96332  0.199015
12.5  0.816814  2.63472  0.123229
12.5  0.879646  2.32423  0.0999588
12.5  0.942478  1.95372  0.0932319
12.5  1.00531  2.54459  0.120493
12.5  1.06814  2.15635  0.0987572
12.5  1.13097  2.36768  0.113894
12.5  1.19381  2.19006  0.114993
12.5  1.25664  2.27871  0.122213
12.5  1.31947  2.21654  0.123255
12.5  1.3823  2.3964  0.118488
12.5  1.44513  2.25289  0.140987
12.5  1.50796  2.09866  0.107627
12.5  1.5708  2.41425  0.125695
12.5  1.63363  1.98862  0.103331
12.5  1.69646  2.24529  0.118476
12.5  1.75929  2.16127  0.108977
12.5  1.82212  2.06397  0.123215
12.5  1.88496  2.32036  0.115612
12.5  1.94779  2.0735  0.0993812
12.5  2.01062  2.22111  0.106057
12.5  2.07345  2.41283  0.134433
12.5  2.13628  2.40549  0.106963
12.5  2.19911  2.42883  0.108144
12.5  2.26195  2.4428  0.121718
12.5  2.32478  2.79764  0.164649
12.5  2.38761  2.64754  0.226072
12.5  2.45044  2.73438  0.304634
12.5  2.51327  2.24366  2.9038
12.5  2.57611  0  0
12.5  2.63894  0  0
12.5  2.70177  0  0
12.5  2.7646  0  0
12.5  2.82743  0  0
12.5  2.89027  0  0
12.5  2.9531  0  0
12.5  3.01593  0  0
12.5  3.07876  0  0
13  0  0  0
13  0.0628319  0  0
13  0.125664  0  0
13  0.188496  0  0
13  0.251327  0  0
13  0.314159  0  0
13  0.376991  0  0
13  0.439823  0  0
13  0.502655  0  0
13  0.565487  6.7862  4.03062
13  0.628319  3.23544  0.387623
13  0.69115  2.49036  0.200604
13  0.753982  2.75783  0.14389
13  0.816814  2.55  0.135763
13  0.879646  2.54565  0.119541
13  0.942478  2.31882  0.09611
13  1.00531  2.37371  0.141365
13  1.06814  2.32038  0.122952
13  1.13097  2.2101  0.114506
13  1.19381  2.05432  0.0878253
13  1.25664  2.18763  0.122982
13  1.31947  2.24548  0.119113
13  1.3823  2.1084  0.109904
13  1.44513  2.10187  0.109019
13  1.50796  2.1192  0.106618
13  1.5708  1.99825  0.1165
13  1.63363  2.1616  0.117215
13  1.69646  2.20283  0.125912
13  1.75929  2.02847  0.0995277
13  1.82212  2.26475  0.11822
13  1.88496  2.10451  0.111849
13  1.94779  2.26539  0.108388
13  2.01062  2.30084  0.122993
13  2.07345  2.27908  0.103457
13  2.13628  2.2889  0.115905
13  2.19911  2.62666  0.12302
13  2.26195  2.68484  0.128233
13  2.32478  2.54665  0.141965
13  2.38761  2.82025  0.168855
13  2.45044  3.4806  0.463776
13  2.51327  7.62109  6.07369
13  2.57611  0.245478  2.33078
13  2.63894  0  0
13  2.70177  0  0
13  2.7646  0  0
13  2.82743  0  0
13  2.89027  0  0
13  2.9531  0  0
13  3.01593  0  0
13  3.07876  0  0
13.5  0  0  0
13.5  0.0628319  0  0
13.5  0.125664  0  0
13.5  0.188496  0  0
13.5  0.251327  0  0
13.5  0.314159  0  0
13.5  0.376991  0  0
13.5  0.439823  0  0
13.5  0.502655  0.69466  5.09731
13.5  0.565487  3.79818  1.00865
13.5  0.628319  2.7819  0.301187
13.5  0.69115  3.33009  0.297057
13.5  0.753982  2.69743  0.154756
13.5  0.816814  2.52166  0.129178
13.5  0.879646  2.47263  0.133047
13.5  0.942478  2.33567  0.116253
13.5  1.00531  2.2923  0.114985
13.5  1.06814  2.21287  0.10719
13.5  1.13097  2.22846  0.123699
13.5  1.19381  1.97244  0.0960013
13.5  1.25664  2.19168  0.109206
13.5  1.31947  2.25394  0.115361
13.5  1.3823  2.00656  0.1146
13.5  1.44513  2.20856  0.102704
13.5  1.50796  2.37782  0.119764
13.5  1.5708  2.26624  0.112936
13.5  1.63363  2.11192  0.113906
13.5  1.69646  2.42069  0.118325
13.5  1.75929  2.20316  0.111107
13.5  1.82212  2.256  0.108136
13.5  1.88496  2.38055  0.112172
13.5  1.94779  2.3022  0.117833
13.5  2.01062  2.2954  0.106304
13.5  2.07345  2.33165  0.113703
13.5  2.13628  2.34879  0.109637
13.5  2.19911  2.73377  0.142407
13.5  2.26195  2.58245  0.127048
13.5  2.32478  3.02993  0.171624
13.5  2.38761  2.68194  0.188257
13.5  2.45044  2.86422  0.252377
13.5  2.51327  5.84744  2.80541
13.5  2.57611  0  0
13.5  2.63894  0  0
13.5  2.70177  0  0
13.5  2.7646  0  0
13.5  2.82743  0  0
13.5  2.89027  0  0
13.5  2.9531  0  0
13.5  3.01593  0  0
13.5  3.07876  0  0
14  0  0  0
14  0.0628319  0  0
14  0.125664  0  0
14  0.188496  0  0
14  0.251327  0  0
14  0.314159  0  0
14  0.376991  0  0
14  0.439823  0  0
14  0.502655  9.71493  17.3473
14  0.565487  3.58633  0.649649
14  0.628319  2.81902  0.301265
14  0.69115  3.16597  0.298674
14  0.753982  2.59332  0.175948
14  0.816814  2.70584  0.128526
14  0.879646  2.48587  0.106524
14  0.942478  2.16027  0.0896531
14  1.00531  2.39777  0.117402
14  1.06814  2.39543  0.132506
14  1.13097  2.25267  0.118457
14  1.19381  2.27599  0.110167
14  1.25664  2.24224  0.120356
14  1.31947  2.23096  0.123461
14  1.3823  2.28065  0.125838
14  1.44513  2.36649  0.121852
14  1.50796  2.24916  0.118065
14  1.5708  2.07531  0.110928
14  1.63363  2.38738  0.125244
14  1.69646  2.09612  0.113872
14  1.75929  2.12942  0.110419
14  1.82212  2.02392  0.104089
14  1.88496  2.01852  0.0948878
14  1.94779  2.16372  0.115333
14  2.01062  2.27399  0.105642
14  2.07345  2.14667  0.102334
14  2.13628  2.44865  0.106054
14  2.19911  2.55972  0.131223
14  2.26195  2.68302  0.136435
14  2.32478  2.28725  0.160256
14  2.38761  2.58874  0.193974
14  2.45044  2.82084  0.311191
14  2.51327  4.70218  1.1993
14  2.57611  13.7968  16.8265
14  2.63894  0  0
14  2.70177  0  0
14  2.7646  0  0
14  2.82743  0  0
14  2.89027  0  0
14  2.9531  0  0
14  3.01593  0  0
14  3.07876  0  0
14.5  0  0  0
14.5  0.0628319  0  0
14.5  0.125664  0  0
14.5  0.188496  0  0
14.5  0.251327  0  0
14.5  0.314159  0  0
14.5  0.376991  0  0
14.5  0.439823  0  0
14.5  0.502655  9.21506  7.17351
14.5  0.565487  4.4659  0.749029
14.5  0.628319  3.07044  0.320875
14.5  0.69115  2.6699  0.296612
14.5  0.753982  2.56607  0.118713
14.5  0.816814  2.66505  0.125015
14.5  0.879646  2.31733  0.0994865
14.5  0.942478  2.31341  0.102323
14.5  1.00531  2.36671  0.100611
14.5  1.06814  2.50224  0.114336
14.5  1.13097  2.22252  0.100604
14.5  1.19381  2.31439  0.116682
14.5  1.25664  2.29857  0.126089
14.5  1.31947  1.9895  0.0970142
14.5  1.3823  2.15405  0.114637
14.5  1.44513  2.29332  0.111176
14.5  1.50796  2.18225  0.133403
14.5  1.5708  1.99024  0.0952765
14.5  1.63363  2.21628  0.116004
14.5  1.69646  2.17432  0.124271
14.5  1.75929  2.074  0.106641
14.5  1.82212  2.4079  0.120785
14.5  1.88496  2.1587  0.113422
14.5  1.94779  2.46689  0.129785
14.5  2.01062  2.30378  0.108638
14.5  2.07345  2.54583  0.117486
14.5  2.13628  2.4225  0.126911
14.5  2.19911  2.57067  0.128186
14.5  2.26195  2.5412  0.13324
14.5  2.32478  2.83577  0.184559
14.5  2.38761  2.74026  0.210366
14.5  2.45044  2.66852  0.227912
14.5  2.51327  3.54247  0.518082
14.5  2.57611  7.49965  6.33296
14.5  2.63894  0  0
14.5  2.70177  0  0
14.5  2.7646  0  0
14.5  2.82743  0  0
14.5  2.89027  0  0
14.5  2.9531  0  0
14.5  3.01593  0  0
14.5  3.07876  0  0
15  0  0  0
15  0.0628319  0  0
15  0.125664  0  0
15  0.188496  0  0
15  0.251327  0  0
15  0.314159  0  0
15  0.376991  0  0
15  0.439823  0.241203  2.28257
15  0.502655  6.50523  2.91899
15  0.565487  4.00196  0.619437
15  0.628319  2.7934  0.335522
15  0.69115  2.9952  0.241877
15  0.753982  2.68899  0.146816
15  0.816814  2.62065  0.142255
15  0.879646  2.43011  0.117666
15  0.942478  2.43591  0.115839
15  1.00531  2.45068  0.133123
15  1.06814  2.48322  0.122531
15  1.13097  2.11602  0.101578
15  1.19381  2.29656  0.119503
15  1.25664  2.30522  0.119645
15  1.31947  2.34902  0.134691
15  1.3823  2.06866  0.093064
15  1.44513  2.24018  0.119622
15  1.50796  2.23417  0.132136
15  1.5708  2.13122  0.106646
15  1.63363  2.23878  0.105609
15  1.69646  2.239  0.112221
15  1.75929  2.12898  0.140124
15  1.82212  2.27617  0.115219
15  1.88496  2.3253  0.114824
15  1.94779  2.54445  0.141304
15  2.01062  2.59384  0.141788
15  2.07345  2.4179  0.106805
15  2.13628  2.30627  0.0965345
15  2.19911  2.45569  0.116936
15  2.26195  2.48708  0.115671
15  2.32478  2.47946  0.13268
15  2.38761  3.00291  0.23117
15  2.45044  3.90265  0.428742
15  2.51327  4.32943  0.767075
15  2.57611  7.02185  3.86377
15  2.63894  0  0
15  2.70177  0  0
15  2.7646  0  0
15  2.82743  0  0
15  2.89027  0  0
15  2.9531  0  0
15  3.01593  0  0
15  3.07876  0  0
15.5  0  0  0
15.5  0.0628319  0  0
15.5  0.125664  0  0
15.5  0.188496  0  0
15.5  0.251327  0  0
15.5  0.314159  0  0
15.5  0.376991  0  0
15.5  0.439823  0.555728  4.07785
15.5  0.502655  6.39508  2.65518
15.5  0.565487  4.02613  0.728477
15.5  0.628319  3.34192  0.380249
15.5  0.69115  3.08713  0.234455
15.5  0.753982  2.71547  0.14721
15.5  0.816814  2.5848  0.149477
15.5  0.879646  2.44428  0.10257
15.5  0.942478  2.28151  0.104442
15.5  1.00531  2.48806  0.118438
15.5  1.06814  2.263  0.127468
15.5  1.13097  2.34062  0.102881
15.5  1.19381  2.27135  0.118851
15.5  1.25664  2.25685  0.106928
15.5  1.31947  2.0762  0.108995
15.5  1.3823  2.36391  0.129638
15.5  1.44513  2.12987  0.0982551
15.5  1.50796  2.30474  0.13488
15.5  1.5708  2.23595  0.116379
15.5  1.63363  2.16699  0.109278
15.5  1.69646  2.20082  0.139245
15.5  1.75929  2.29148  0.114526
15.5  1.82212  2.59716  0.137775
15.5  1.88496  2.28641  0.111604
15.5  1.94779  2.43207  0.127722
15.5  2.01062  2.32355  0.112399
15.5  2.07345  2.35418  0.125753
15.5  2.13628  2.28295  0.0919895
15.5  2.19911  2.57623  0.118351
15.5  2.26195  2.51575  0.123617
15.5  2.32478  2.55698  0.1767
15.5  2.38761  2.38756  0.19414
15.5  2.45044  2.78505  0.275521
15.5  2.51327  4.03254  0.649399
15.5  2.57611  4.92419  1.30988
15.5  2.63894  0.250076  2.21841
15.5  2.70177  0  0
15.5  2.7646  0  0
15.5  2.82743  0  0
15.5  2.89027  0  0
15.5  2.9531  0  0
15.5  3.01593  0  0
15.5  3.07876  0  0
16  0  0  0
16  0.0628319  0  0
16  0.125664  0  0
16  0.188496  0  0
16  0.251327  0  0
16  0.314159  0  0
16  0.376991  0  0
16  0.439823  5.83072  8.17307
16  0.502655  5.27445  1.51032
16  0.565487  3.67059  0.504205
16  0.628319  3.21709  0.386736
16  0.69115  2.98829  0.200627
16  0.753982  2.76262  0.151751
16  0.816814  2.77372  0.132366
16  0.879646  2.35423  0.104223
16  0.942478  2.67387  0.129282
16  1.00531  2.52496  0.104882
16  1.06814  2.34174  0.113229
16  1.13097  2.22765  0.112602
16  1.19381  2.41365  0.120281
16  1.25664  2.17303  0.114474
16  1.31947  2.21672  0.12339
16  1.3823  2.23823  0.0979066
16  1.44513  2.36923  0.115125
16  1.50796  2.31015  0.12843
16  1.5708  2.23196  0.110324
16  1.63363  2.42471  0.127565
16  1.69646  2.19111  0.106875
16  1.75929  2.13717  0.104864
16  1.82212  2.13813  0.104346
16  1.88496  2.08666  0.0911147
16  1.94779  2.26115  0.0991881
16  2.01062  2.36051  0.115113
16  2.07345  2.38715  0.137594
16  2.13628  2.42318  0.096229
16  2.19911  2.74264  0.122074
16  2.26195  2.50525  0.111504
16  2.32478  2.5005  0.15219
16  2.38761  3.13805  0.277177
16  2.45044  3.1446  0.285272
16  2.51327  3.69478  0.918807
16  2.57611  7.53754  3.79167
16  2.63894  29.0844  28.426
16  2.70177  0  0
16  2.7646  0  0
16  2.82743  0  0
16  2.89027  0  0
16  2.9531  0  0
16  3.01593  0  0
16  3.07876  0  0
16.5  0  0  0
16.5  0.0628319  0  0
16.5  0.125664  0  0
16.5  0.188496  0  0
16.5  0.251327  0  0
16.5  0.314159  0  0
16.5  0.376991  0  0
16.5  0.439823  31.1133  31.2756
16.5  0.502655  5.55814  1.54679
16.5  0.565487  3.67848  0.632863
16.5  0.628319  3.6627  0.347683
16.5  0.69115  3.0309  0.198603
16.5  0.753982  2.51383  0.160989
16.5  0.816814  2.49836  0.120661
16.5  0.879646  2.32552  0.103367
16.5  0.942478  2.46877  0.118414
16.5  1.00531  2.59037  0.141987
16.5  1.06814  2.41717  0.106547
16.5  1.13097  2.24737  0.105695
16.5  1.19381  2.06545  0.106851
16.5  1.25664  2.20293  0.0985658
16.5  1.31947  2.21177  0.101056
16.5  1.3823  2.30649  0.113701
16.5  1.44513  2.31904  0.12617
16.5  1.50796  2.28801  0.114403
16.5  1.5708  2.51815  0.140334
16.5  1.63363  2.47791  0.113025
16.5  1.69646  2.40112  0.136462
16.5  1.75929  2.28057  0.115674
16.5  1.82212  2.31879  0.135483
16.5  1.88496  2.15652  0.113847
16.5  1.94779  2.12739  0.0982658
16.5  2.01062  2.32642  0.115766
16.5  2.07345  2.3823  0.116983
16.5  2.13628  2.5044  0.11448
16.5  2.19911  2.37797  0.109414
16.5  2.26195  2.61503  0.13331
16.5  2.32478  2.60944  0.132683
16.5  2.38761  2.99475  0.200533
16.5  2.45044  3.24287  0.39671
16.5  2.51327  4.13885  0.744522
16.5  2.57611  6.15916  2.08298
16.5  2.63894  39.818  31.6693
16.5  2.70177  0  0
16.5  2.7646  0  0
16.5  2.82743  0  0
16.5  2.89027  0  0
16.5  2.9531  0  0
16.5  3.01593  0  0
16.5  3.07876  0  0
17  0  0  0
17  0.0628319  0  0
17  0.125664  0  0
17  0.188496  0  0
17  0.251327  0  0
17  0.314159  0  0
17  0.376991  0  0
17  0.439823  13.9177  25.4266
17  0.502655  6.81463  2.54239
17  0.565487  4.17237  0.616799
17  0.628319  3.28898  0.379934
17  0.69115  2.85334  0.196303
17  0.753982  2.72743  0.154445
17  0.816814  2.50372  0.106774
17  0.879646  2.54068  0.110555
17  0.942478  2.47946  0.108242
17  1.00531  2.21493  0.100083
17  1.06814  2.26246  0.107639
17  1.13097  2.01452  0.102038
17  1.19381  2.38596  0.109639
17  1.25664  2.4131  0.132367
17  1.31947  2.02441  0.108752
17  1.3823  2.25881  0.117564
17  1.44513  2.17249  0.111746
17  1.50796  2.20411  0.115775
17  1.5708  2.10876  0.105458
17  1.63363  2.47514  0.129922
17  1.69646  2.08494  0.0908121
17  1.75929  2.1344  0.109441
17  1.82212  2.26994  0.112415
17  1.88496  2.28783  0.10519
17  1.94779  2.39893  0.138777
17  2.01062  2.22695  0.096441
17  2.07345  2.50381  0.126978
17  2.13628  2.4542  0.105648
17  2.19911  2.48143  0.103291
17  2.26195  2.64222  0.136676
17  2.32478  2.5596  0.162427
17  2.38761  3.26379  0.279983
17  2.45044  3.05839  0.280455
17  2.51327  4.64584  0.799656
17  2.57611  5.30796  1.44853
17  2.63894  9.62086  9.72718
17  2.70177  0  0
17  2.7646  0  0
17  2.82743  0  0
17  2.89027  0  0
17  2.9531  0  0
17  3.01593  0  0
17  3.07876  0  0
17.5  0  0  0
17.5  0.0628319  0  0
17.5  0.125664  0  0
17.5  0.188496  0  0
17.5  0.251327  0  0
17.5  0.314159  0  0
17.5  0.376991  0  0
17.5  0.439823  7.95616  6.88513
17.5  0.502655  4.92529  1.25507
17.5  0.565487  4.30272  0.608883
17.5  0.628319  4.29396  0.703835
17.5  0.69115  2.95766  0.214654
17.5  0.753982  2.60924  0.141342
17.5  0.816814  2.56509  0.123523
17.5  0.879646  2.38695  0.13021
17.5  0.942478  2.36147  0.112615
17.5  1.00531  2.56635  0.139556
17.5  1.06814  2.2665  0.089043
17.5  1.13097  2.32318  0.107541
17.5  1.19381  2.31175  0.119867
17.5  1.25664  2.35407  0.121084
17.5  1.31947  2.322  0.110686
17.5  1.3823  2.21087  0.126282
17.5  1.44513  2.26165  0.115194
17.5  1.50796  2.20608  0.102243
17.5  1.5708  2.07398  0.100876
17.5  1.63363  2.1442  0.107245
17.5  1.69646  2.15994  0.10077
17.5  1.75929  2.21319  0.101665
17.5  1.82212  2.35225  0.113056
17.5  1.88496  2.30074  0.105785
17.5  1.94779  2.17069  0.0989239
17.5  2.01062  2.21856  0.142185
17.5  2.07345  2.67851  0.127801
17.5  2.13628  2.64326  0.111101
17.5  2.19911  2.36207  0.113182
17.5  2.26195  2.32189  0.102012
17.5  2.32478  3.14142  0.19714
17.5  2.38761  2.75443  0.189685
17.5  2.45044  2.92612  0.310802
17.5  2.51327  4.31622  0.649085
17.5  2.57611  6.46806  2.78259
17.5  2.63894  5.73303  2.79844
17.5  2.70177  0  0
17.5  2.7646  0  0
17.5  2.82743  0  0
17.5  2.89027  0  0
17.5  2.9531  0  0
17.5  3.01593  0  0
17.5  3.07876  0  0
18  0  0  0
18  0.0628319  0  0
18  0.125664  0  0
18  0.188496  0  0
18  0.251327  0  0
18  0.314159  0  0
18  0.376991  0.833592  6.11678
18  0.439823  7.59743  4.39603
18  0.502655  4.74834  1.18148
18  0.565487  3.00616  0.478515
18  0.628319  3.4464  0.418857
18  0.69115  3.00211  0.232948
18  0.753982  2.55582  0.144363
18  0.816814  2.68795  0.133207
18  0.879646  2.5268  0.127023
18  0.942478  2.36166  0.110317
18  1.00531  2.40161  0.1127
18  1.06814  2.34887  0.126529
18  1.13097  2.27355  0.102798
18  1.19381  2.17334  0.106891
18  1.25664  2.29315  0.120121
18  1.31947  2.29779  0.14337
18  1.3823  2.17517  0.12575
18  1.44513  2.2681  0.104233
18  1.50796  2.14125  0.0974192
18  1.5708  2.11625  0.0970414
18  1.63363  2.20067  0.104736
18  1.69646  2.28333  0.128622
18  1.75929  2.23922  0.110363
18  1.82212  2.23189  0.116038
18  1.88496  2.52622  0.131642
18  1.94779  2.39521  0.111852
18  2.01062  2.31334  0.116958
18  2.07345  2.43698  0.115589
18  2.13628  2.60556  0.129151
18  2.19911  2.58757  0.128612
18  2.26195  2.47258  0.139108
18  2.32478  2.7149  0.153669
18  2.38761  3.05055  0.212241
18  2.45044  3.06479  0.285702
18  2.51327  3.29486  0.490617
18  2.57611  5.26192  1.34376
18  2.63894  10.5277  10.564
18  2.70177  0  0
18  2.7646  0  0
18  2.82743  0  0
18  2.89027  0  0
18  2.9531  0  0
18  3.01593  0  0
18  3.07876  0  0
18.5  0  0  0
18.5  0.0628319  0  0
18.5  0.125664  0  0
18.5  0.188496  0  0
18.5  0.251327  0  0
18.5  0.314159  0  0
18.5  0.376991  3.4733  25.4866
18.5  0.439823  8.74582  5.19782
18.5  0.502655  4.60867  0.96058
18.5  0.565487  4.4133  0.801491
18.5  0.628319  3.79904  0.438979
18.5  0.69115  2.86076  0.223727
18.5  0.753982  2.65501  0.126216
18.5  0.816814  2.66467  0.12456
18.5  0.879646  2.57652  0.118869
18.5  0.942478  2.44261  0.116825
18.5  1.00531  2.567  0.116266
18.5  1.06814  2.28297  0.098646
18.5  1.13097  2.06671  0.0863467
18.5  1.19381  2.39369  0.102896
18.5  1.25664  2.50943  0.108526
18.5  1.31947  2.30383  0.12813
18.5  1.3823  2.22644  0.0992555
18.5  1.44513  2.29604  0.117221
18.5  1.50796  2.24048  0.0956331
18.5  1.5708  2.19174  0.0918858
18.5  1.63363  2.31632  0.106
18.5  1.69646  2.21791  0.0947201
18.5  1.75929  2.31532  0.102618
18.5  1.82212  2.26662  0.115319
18.5  1.88496  2.21802  0.0945726
18.5  1.94779  2.11646  0.0834179
18.5  2.01062  2.40762  0.119667
18.5  2.07345  2.22072  0.0903626
18.5  2.13628  2.40454  0.108776
18.5  2.19911  2.73736  0.118723
18.5  2.26195  2.70821  0.153197
18.5  2.32478  2.92675  0.202099
18.5  2.38761  3.23148  0.247902
18.5  2.45044  3.06534  0.283205
18.5  2.51327  4.65724  0.736975
18.5  2.57611  5.10061  1.39247
18.5  2.63894  7.14365  3.365
18.5  2.70177  18.3422  9.53577
18.5  2.7646  0  0
18.5  2.82743  0  0
18.5  2.89027  0  0
18.5  2.9531  0  0
18.5  3.01593  0  0
18.5  3.07876  0  0
19  0  0  0
19  0.0628319  0  0
19  0.125664  0  0
19  0.188496  0  0
19  0.251327  0  0
19  0.314159  0.246646  2.24746
19  0.376991  29.8179  22.0036
19  0.439823  7.17393  3.16082
19  0.502655  5.26615  1.1448
19  0.565487  4.40043  0.591812
19  0.628319  3.53886  0.406211
19  0.69115  2.96964  0.247712
19  0.753982  2.90786  0.16783
19  0.816814  2.50387  0.106809
19  0.879646  2.46792  0.122265
19  0.942478  2.36588  0.102827
19  1.00531  2.49716  0.138671
19  1.06814  2.15363  0.0947602
19  1.13097  2.30848  0.103865
19  1.19381  2.14925  0.0935146
19  1.25664  2.12076  0.0936867
19  1.31947  2.23111  0.0946749
19  1.3823  2.28474  0.11078
19  1.44513  2.27908  0.111084
19  1.50796  2.26627  0.104169
19  1.5708  2.40492  0.128515
19  1.63363  2.3477  0.107132
19  1.69646  2.01159  0.0888792
19  1.75929  2.16434  0.111604
19  1.82212  2.26463  0.112974
19  1.88496  2.53939  0.116117
19  1.94779  2.13937  0.108755
19  2.01062  2.44873  0.110004
19  2.07345  2.46306  0.115055
19  2.13628  2.65543  0.125736
19  2.19911  2.34818  0.107798
19  2.26195  2.57953  0.12143
19  2.32478  2.5919  0.127588
19  2.38761  2.54246  0.164766
19  2.45044  2.96991  0.279789
19  2.51327  3.67718  0.595412
19  2.57611  6.15426  1.65794
19  2.63894  7.93188  4.04306
19  2.70177  8.67352  11.0582
19  2.7646  0  0
19  2.82743  0  0
19  2.89027  0  0
19  2.9531  0  0
19  3.01593  0  0
19  3.07876  0  0
19.5  0  0  0
19.5  0.0628319  0  0
19.5  0.125664  0  0
19.5  0.188496  0  0
19.5  0.251327  0  0
19.5  0.314159  0  0
19.5  0.376991  18.7267  30.051
19.5  0.439823  8.02959  4.18566
19.5  0.502655  4.31115  0.842058
19.5  0.565487  4.26937  0.62361
19.5  0.628319  3.19411  0.343527
19.5  0.69115  3.09964  0.227199
19.5  0.753982  2.90632  0.171414
19.5  0.816814  2.56689  0.125393
19.5  0.879646  2.52592  0.106239
19.5  0.942478  2.5607  0.130654
19.5  1.00531  2.43225  0.113259
19.5  1.06814  2.29169  0.121261
19.5  1.13097  2.49279  0.119163
19.5  1.19381  2.35152  0.100835
19.5  1.25664  2.08199  0.107883
19.5  1.31947  2.28454  0.104952
19.5  1.3823  2.13339  0.0921298
19.5  1.44513  2.4346  0.120862
19.5  1.50796  2.33989  0.109792
19.5  1.5708  2.40862  0.125135
19.5  1.63363  2.2589  0.105184
19.5  1.69646  2.08193  0.100856
19.5  1.75929  2.49013  0.10681
19.5  1.82212  2.48374  0.115556
19.5  1.88496  2.23402  0.111242
19.5  1.94779  2.45416  0.11251
19.5  2.01062  2.43461  0.116473
19.5  2.07345  2.39996  0.107778
19.5  2.13628  2.66358  0.124229
19.5  2.19911  2.56307  0.137643
19.5  2.26195  2.60573  0.131087
19.5  2.32478  2.55736  0.114323
19.5  2.38761  2.82636  0.176762
19.5  2.45044  2.87932  0.291504
19.5  2.51327  3.56564  0.463521
19.5  2.57611  4.28088  0.872665
19.5  2.63894  8.67395  5.89189
19.5  2.70177  17.5109  28.7465
19.5  2.7646  0  0
19.5  2.82743  0  0
19.5  2.89027  0  0
19.5  2.9531  0  0
19.5  3.01593  0  0
19.5  3.07876  0  0
20  0  0  0
20  0.0628319  0  0
20  0.125664  0  0
20  0.188496  0  0
20  0.251327  0  0
20  0.314159  0  0
20  0.376991  12.9843  29.2947
20  0.439823  6.60136  3.32189
20  0.502655  5.47257  1.58946
20  0.565487  3.89504  0.643369
20  0.628319  3.69635  0.363247
20  0.69115  2.84169  0.231725
20  0.753982  2.78027  0.125129
20  0.816814  2.67853  0.123718
20  0.879646  2.53027  0.121839
20  0.942478  2.35807  0.106067
20  1.00531  2.54947  0.104558
20  1.06814  2.2268  0.120939
20  1.13097  2.34965  0.110047
20  1.19381  2.43624  0.108202
20  1.25664  2.16134  0.108576
20  1.31947  2.14498  0.10137
20  1.3823  2.23463  0.10847
20  1.44513  2.29679  0.102906
20  1.50796  2.38183  0.100479
20  1.5708  2.28468  0.101383
20  1.63363  2.35438  0.11815
20  1.69646  2.25172  0.106504
20  1.75929  2.47482  0.114033
20  1.82212  2.34005  0.103093
20  1.88496  2.19768  0.105156
20  1.94779  2.24829  0.0929634
20  2.01062  2.37706  0.106042
20  2.07345  2.24885  0.0939794
20  2.13628  2.57  0.108899
20  2.19911  2.76055  0.12222
20  2.26195  2.49077  0.105879
20  2.32478  2.4599  0.111681
20  2.38761  2.96671  0.196987
20  2.45044  3.81805  0.378611
20  2.51327  3.6197  0.649439
20  2.57611  5.99075  1.51833
20  2.63894  8.37514  3.77791
20  2.70177  34.0798  19.6864
20  2.7646  0  0
20  2.82743  0  0
20  2.89027  0  0
20  2.9531  0  0
20  3.01593  0  0
20  3.07876  0  0
20.5  0  0  0
20.5  0.0628319  0  0
20.5  0.125664  0  0
20.5  0.188496  0  0
20.5  0.251327  0  0
20.5  0.314159  0  0
20.5  0.376991  5.14334  5.91789
20.5  0.439823  7.01169  2.58267
20.5  0.502655  5.2374  1.59352
20.5  0.565487  3.56548  0.5389
20.5  0.628319  3.24714  0.29535
20.5  0.69115  2.65143  0.164506
20.5  0.753982  2.85884  0.182964
20.5  0.816814  2.69774  0.133361
20.5  0.879646  2.53851  0.114173
20.5  0.942478  2.4322  0.0936033
20.5  1.00531  2.60476  0.125382
20.5  1.06814  2.42703  0.0969242
20.5  1.13097  2.32447  0.103194
20.5  1.19381  2.31378  0.105654
20.5  1.25664  2.28861  0.0975827
20.5  1.31947  2.20316  0.0977089
20.5  1.3823  2.26211  0.121816
20.5  1.44513  2.26862  0.118065
20.5  1.50796  2.23697  0.11565
20.5  1.5708  2.2861  0.0988495
20.5  1.63363  2.33833  0.122891
20.5  1.69646  1.9243  0.0959624
20.5  1.75929  2.45068  0.110304
20.5  1.82212  2.21857  0.120295
20.5  1.88496  2.56686  0.121284
20.5  1.94779  2.44539  0.104224
20.5  2.01062  2.37064  0.111522
20.5  2.07345  2.49024  0.100743
20.5  2.13628  2.38145  0.109559
20.5  2.19911  2.6096  0.130093
20.5  2.26195  2.53462  0.115723
20.5  2.32478  2.73964  0.165533
20.5  2.38761  3.08096  0.222717
20.5  2.45044  3.37789  0.40807
20.5  2.51327  3.91235  0.552733
20.5  2.57611  5.38725  1.42221
20.5  2.63894  8.19677  4.2523
20.5  2.70177  33.6953  16.8702
20.5  2.7646  0  0
20.5  2.82743  0  0
20.5  2.89027  0  0
20.5  2.9531  0  0
20.5  3.01593  0  0
20.5  3.07876  0  0
21  0  0  0
21  0.0628319  0  0
21  0.125664  0  0
21  0.188496  0  0
21  0.251327  0  0
21  0.314159  0  0
21  0.376991  13.1017  23.7984
21  0.439823  8.84506  6.4153
21  0.502655  4.86699  0.86382
21  0.565487  3.14639  0.415344
21  0.628319  3.54145  0.417166
21  0.69115  3.16954  0.207596
21  0.753982  2.8646  0.138627
21  0.816814  2.50841  0.125889
21  0.879646  2.58335  0.11215
21  0.942478  2.5619  0.127726
21  1.00531  2.40721  0.108805
21  1.06814  2.47658  0.114464
21  1.13097  2.38749  0.107466
21  1.19381  2.39781  0.099141
21  1.25664  2.31853  0.0872702
21  1.31947  2.06497  0.100189
21  1.3823  2.12839  0.103818
21  1.44513  2.384  0.103902
21  1.50796  2.03488  0.097295
21  1.5708  2.39072  0.118115
21  1.63363  2.32709  0.106786
21  1.69646  2.21791  0.096882
21  1.75929  2.2026  0.104545
21  1.82212  2.44562  0.110806
21  1.88496  2.2394  0.0951937
21  1.94779  2.30137  0.108941
21  2.01062  2.34884  0.10447
21  2.07345  2.52096  0.107233
21  2.13628  2.58253  0.128936
21  2.19911  2.45815  0.103567
21  2.26195  2.70786  0.11408
21  2.32478  2.80392  0.133153
21  2.38761  2.61446  0.183883
21  2.45044  3.70789  0.361764
21  2.51327  5.27574  0.950217
21  2.57611  6.45104  2.60424
21  2.63894  9.35941  6.60794
21  2.70177  12.8977  24.877
21  2.7646  0  0
21  2.82743  0  0
21  2.89027  0  0
21  2.9531  0  0
21  3.01593  0  0
21  3.07876  0  0
21.5  0  0  0
21.5  0.0628319  0  0
21.5  0.125664  0  0
21.5  0.188496  0  0
21.5  0.251327  0  0
21.5  0.314159  0  0
21.5  0.376991  10.6718  9.69328
21.5  0.439823  8.28754  4.09666
21.5  0.502655  6.71316  1.98236
21.5  0.565487  4.47136  0.765129
21.5  0.628319  3.62448  0.404538
21.5  0.69115  3.15919  0.235485
21.5  0.753982  2.92649  0.156941
21.5  0.816814  2.4829  0.110866
21.5  0.879646  2.50642  0.106382
21.5  0.942478  2.58916  0.112617
21.5  1.00531  2.34227  0.0925426
21.5  1.06814  2.44309  0.112566
21.5  1.13097  2.37516  0.113012
21.5  1.19381  2.43418  0.12012
21.5  1.25664  2.33227  0.0965357
21.5  1.31947  2.0875  0.0870046
21.5  1.3823  2.35158  0.120472
21.5  1.44513  2.12312  0.0952168
21.5  1.50796  2.15583  0.113331
21.5  1.5708  2.23623  0.106901
21.5  1.63363  2.14802  0.104835
21.5  1.69646  2.49358  0.110468
21.5  1.75929  2.42786  0.1182
21.5  1.82212  2.38652  0.103481
21.5  1.88496  2.4354  0.12112
21.5  1.94779  2.45161  0.10008
21.5  2.01062  2.23517  0.124068
21.5  2.07345  2.41817  0.0986585
21.5  2.13628  2.43229  0.104344
21.5  2.19911  2.55063  0.114715
21.5  2.26195  2.72381  0.129622
21.5  2.32478  2.77774  0.143911
21.5  2.38761  3.04344  0.201678
21.5  2.45044  3.82425  0.34409
21.5  2.51327  4.43876  0.824511
21.5  2.57611  6.42384  2.17185
21.5  2.63894  5.20051  2.16702
21.5  2.70177  8.71387  10.2474
21.5  2.7646  0  0
21.5  2.82743  0  0
21.5  2.89027  0  0
21.5  2.9531  0  0
21.5  3.01593  0  0
21.5  3.07876  0  0
22  0  0  0
22  0.0628319  0  0
22  0.125664  0  0
22  0.188496  0  0
22  0.251327  0  0
22  0.314159  0.261292  1.52152
22  0.376991  8.41677  5.89008
22  0.439823  6.21901  2.24954
22  0.502655  4.95046  0.877742
22  0.565487  4.91236  0.917568
22  0.628319  3.48448  0.370276
22  0.69115  2.81136  0.176861
22  0.753982  2.69404  0.136439
22  0.816814  2.76672  0.107627
22  0.879646  2.47717  0.10243
22  0.942478  2.64143  0.113588
22  1.00531  2.41877  0.096314
22  1.06814  2.34132  0.100919
22  1.13097  2.32827  0.109007
22  1.19381  2.48683  0.13224
22  1.25664  2.41979  0.122184
22  1.31947  2.3767  0.0966483
22  1.3823  2.2568  0.100448
22  1.44513  2.27827  0.111647
22  1.50796  2.24094  0.109244
22  1.5708  2.15083  0.101649
22  1.63363  1.88252  0.111817
22  1.69646  2.26492  0.125609
22  1.75929  2.34745  0.103765
22  1.82212  2.3558  0.129336
22  1.88496  2.34205  0.110729
22  1.94779  2.53452  0.108528
22  2.01062  2.42519  0.117012
22  2.07345  2.53179  0.0909453
22  2.13628  2.44319  0.0892259
22  2.19911  2.80372  0.107355
22  2.26195  2.79219  0.122377
22  2.32478  2.85531  0.152632
22  2.38761  3.1685  0.214233
22  2.45044  3.64417  0.458774
22  2.51327  4.51711  0.854507
22  2.57611  6.34339  1.87468
22  2.63894  6.36587  1.62187
22  2.70177  6.64816  3.57219
22  2.7646  0  0
22  2.82743  0  0
22  2.89027  0  0
22  2.9531  0  0
22  3.01593  0  0
22  3.07876  0  0
22.5  0  0  0
22.5  0.0628319  0  0
22.5  0.125664  0  0
22.5  0.188496  0  0
22.5  0.251327  0  0
22.5  0.314159  0.240258  2.2877
22.5  0.376991  12.9991  20.681
22.5  0.439823  7.98604  2.94927
22.5  0.502655  8.11132  4.48486
22.5  0.565487  4.08748  0.703653
22.5  0.628319  3.17581  0.269243
22.5  0.69115  2.53166  0.161466
22.5  0.753982  2.75725  0.13558
22.5  0.816814  2.73421  0.109464
22.5  0.879646  2.41623  0.092838
22.5  0.942478  2.56973  0.106887
22.5  1.00531  2.58156  0.109286
22.5  1.06814  2.24522  0.0981077
22.5  1.13097  2.46841  0.105805
22.5  1.19381  2.23602  0.104212
22.5  1.25664  2.25513  0.105665
22.5  1.31947  2.3527  0.100037
22.5  1.3823  2.39978  0.118104
22.5  1.44513  2.29502  0.108046
22.5  1.50796  2.22641  0.112646
22.5  1.5708  2.17391  0.101401
22.5  1.63363  2.14789  0.0986185
22.5  1.69646  2.25785  0.105592
22.5  1.75929  2.40172  0.123506
22.5  1.82212  2.22165  0.0921164
22.5  1.88496  2.17408  0.0893874
22.5  1.94779  2.11773  0.0835156
22.5  2.01062  2.34616  0.0854888
22.5  2.07345  2.73787  0.1376
22.5  2.13628  2.72404  0.107831
22.5  2.19911  2.48204  0.0938575
22.5  2.26195  2.94998  0.117005
22.5  2.32478  2.75336  0.130184
22.5  2.38761  2.95518  0.196877
22.5  2.45044  3.96538  0.400763
22.5  2.51327  4.03976  0.562498
22.5  2.57611  4.47873  0.876762
22.5  2.63894  6.84807  3.0397
22.5  2.70177  12.4731  14.9476
22.5  2.7646  2.77864  20.3893
22.5  2.82743  0  0
22.5  2.89027  0  0
22.5  2.9531  0  0
22.5  3.01593  0  0
22.5  3.07876  0  0
23  0  0  0
23  0.0628319  0  0
23  0.125664  0  0
23  0.188496  0  0
23  0.251327  0  0
23  0.314159  1.25039  9.17517
23  0.376991  8.74554  7.23957
23  0.439823  7.07275  2.34826
23  0.502655  4.70611  1.06083
23  0.565487  4.92984  0.965377
23  0.628319  3.9603  0.494459
23  0.69115  2.66227  0.197748
23  0.753982  2.76032  0.137553
23  0.816814  2.61404  0.113307
23  0.879646  2.62158  0.111448
23  0.942478  2.56548  0.109235
23  1.00531  2.41521  0.104152
23  1.06814  2.4476  0.109008
23  1.13097  2.35475  0.107147
23  1.19381  2.28382  0.101518
23  1.25664  2.33876  0.124708
23  1.31947  2.51185  0.119509
23  1.3823  2.22924  0.105443
23  1.44513  2.21776  0.097267
23  1.50796  2.43315  0.124495
23  1.5708  2.20629  0.094362
23  1.63363  2.23072  0.102746
23  1.69646  2.19261  0.117468
23  1.75929  2.6252  0.117837
23  1.82212  2.17851  0.0834941
23  1.88496  2.08127  0.101773
23  1.94779  2.53523  0.118161
23  2.01062  2.4228  0.101514
23  2.07345  2.45892  0.106479
23  2.13628  2.69192  0.120405
23  2.19911  2.71641  0.107978
23  2.26195  2.67547  0.113235
23  2.32478  2.79132  0.158504
23  2.38761  2.71206  0.204759
23  2.45044  3.53428  0.331463
23  2.51327  3.40946  0.45317
23  2.57611  4.30512  0.926996
23  2.63894  7.3028  2.39331
23  2.70177  9.84069  11.6824
23  2.7646  0.245478  2.33078
23  2.82743  0  0
23  2.89027  0  0
23  2.9531  0  0
23  3.01593  0  0
23  3.07876  0  0
23.5  0  0  0
23.5  0.0628319  0  0
23.5  0.125664  0  0
23.5  0.188496  0  0
23.5  0.251327  0  0
23.5  0.314159  0.555728  4.07785
23.5  0.376991  11.1821  11.3903
23.5  0.439823  6.80111  2.74628
23.5  0.502655  5.51429  1.3101
23.5  0.565487  4.11127  0.497784
23.5  0.628319  3.20352  0.303739
23.5  0.69115  2.69548  0.165259
23.5  0.753982  2.56719  0.14319
23.5  0.816814  2.68326  0.108797
23.5  0.879646  2.49687  0.0909957
23.5  0.942478  2.56626  0.103318
23.5  1.00531  2.36302  0.0931378
23.5  1.06814  2.51803  0.108687
23.5  1.13097  2.26106  0.0942605
23.5  1.19381  2.18761  0.0915468
23.5  1.25664  2.18149  0.101458
23.5  1.31947  2.15027  0.0984769
23.5  1.3823  2.59184  0.120814
23.5  1.44513  2.2596  0.112623
23.5  1.50796  2.29695  0.12207
23.5  1.5708  2.15274  0.105029
23.5  1.63363  2.33989  0.114724
23.5  1.69646  2.19121  0.122483
23.5  1.75929  1.99398  0.095469
23.5  1.82212  2.32648  0.104957
23.5  1.88496  2.32857  0.107044
23.5  1.94779  2.14899  0.0960393
23.5  2.01062  2.46359  0.111078
23.5  2.07345  2.58398  0.111943
23.5  2.13628  2.78482  0.130295
23.5  2.19911  2.4667  0.10312
23.5  2.26195  2.78105  0.115837
23.5  2.32478  2.87226  0.139518
23.5  2.38761  2.80595  0.166059
23.5  2.45044  3.45675  0.299535
23.5  2.51327  3.82879  0.517827
23.5  2.57611  5.26009  1.2451
23.5  2.63894  6.85986  2.45681
23.5  2.70177  13.5404  22.2986
23.5  2.7646  54.1141  51.1879
23.5  2.82743  0  0
23.5  2.89027  0  0
23.5  2.9531  0  0
23.5  3.01593  0  0
23.5  3.07876  0  0
24  0  0  0
24  0.0628319  0  0
24  0.125664  0  0
24  0.188496  0  0
24  0.251327  0  0
24  0.314159  39.4084  27.5349
24  0.376991  9.76635  7.70132
24  0.439823  5.0753  1.74552
24  0.502655  4.70887  0.760139
24  0.565487  5.34996  1.02327
24  0.628319  3.28961  0.336417
24  0.69115  3.05773  0.189979
24  0.753982  2.86904  0.164947
24  0.816814  2.61694  0.095723
24  0.879646  2.45087  0.103019
24  0.942478  2.52788  0.0937378
24  1.00531  2.5201  0.0962248
24  1.06814  2.18311  0.099503
24  1.13097  2.48241  0.115593
24  1.19381  2.34894  0.109169
24  1.25664  2.34719  0.113664
24  1.31947  2.22923  0.0951088
24  1.3823  2.13655  0.100407
24  1.44513  2.16477  0.10398
24  1.50796  2.27332  0.0975069
24  1.5708  2.33774  0.108405
24  1.63363  2.04192  0.091171
24  1.69646  2.21217  0.0911178
24  1.75929  2.23083  0.111601
24  1.82212  2.21033  0.0976372
24  1.88496  2.21867  0.0987252
24  1.94779  2.47933  0.109539
24  2.01062  2.53494  0.117185
24  2.07345  2.56912  0.113619
24  2.13628  2.36937  0.0944763
24  2.19911  2.53544  0.112706
24  2.26195  2.85634  0.135785
24  2.32478  2.64608  0.138892
24  2.38761  3.18223  0.228588
24  2.45044  3.47813  0.342784
24  2.51327  4.29937  0.563389
24  2.57611  4.98515  1.20946
24  2.63894  7.43854  3.30844
24  2.70177  9.58576  18.05
24  2.7646  1.38932  10.1946
24  2.82743  0  0
24  2.89027  0  0
24  2.9531  0  0
24  3.01593  0  0
24  3.07876  0  0
24.5  0  0  0
24.5  0.0628319  0  0
24.5  0.125664  0  0
24.5  0.188496  0  0
24.5  0.251327  0  0
24.5  0.314159  52.1893  38.7772
24.5  0.376991  11.7203  24.2378
24.5  0.439823  6.71835  2.29069
24.5  0.502655  6.59703  1.82641
24.5  0.565487  4.20335  0.562132
24.5  0.628319  3.5358  0.327927
24.5  0.69115  3.16178  0.193143
24.5  0.753982  2.88681  0.139055
24.5  0.816814  3.01611  0.119114
24.5  0.879646  2.70872  0.107926
24.5  0.942478  2.46658  0.0990917
24.5  1.00531  2.29446  0.11072
24.5  1.06814  2.43207  0.120226
24.5  1.13097  2.44465  0.116608
24.5  1.19381  2.40153  0.107438
24.5  1.25664  2.24835  0.124854
24.5  1.31947  2.31755  0.094223
24.5  1.3823  2.20018  0.106252
24.5  1.44513  2.355  0.119477
24.5  1.50796  2.34294  0.106484
24.5  1.5708  2.34663  0.102606
24.5  1.63363  2.34771  0.107516
24.5  1.69646  2.25531  0.113099
24.5  1.75929  2.19006  0.109225
24.5  1.82212  2.13522  0.0975241
24.5  1.88496  2.40751  0.106277
24.5  1.94779  2.39126  0.0992702
24.5  2.01062  2.43863  0.105509
24.5  2.07345  2.54662  0.118584
24.5  2.13628  2.62139  0.111916
24.5  2.19911  2.57544  0.10897
24.5  2.26195  2.58296  0.0994035
24.5  2.32478  2.71737  0.216933
24.5  2.38761  2.80598  0.177099
24.5  2.45044  2.90983  0.231506
24.5  2.51327  4.91031  0.707857
24.5  2.57611  5.24641  1.20612
24.5  2.63894  8.39787  4.14535
24.5  2.70177  8.69164  7.52921
24.5  2.7646  40.7131  36.094
24.5  2.82743  0  0
24.5  2.89027  0  0
24.5  2.9531  0  0
24.5  3.01593  0  0
24.5  3.07876  0  0
