2  0  0  0
2  0.0628319  0  0
2  0.125664  0  0
2  0.188496  0  0
2  0.251327  0  0
2  0.314159  0  0
2  0.376991  0  0
2  0.439823  0  0
2  0.502655  0  0
2  0.565487  0  0
2  0.628319  0  0
2  0.69115  0  0
2  0.753982  0  0
2  0.816814  0  0
2  0.879646  0  0
2  0.942478  0  0
2  1.00531  0  0
2  1.06814  0  0
2  1.13097  0  0
2  1.19381  0  0
2  1.25664  0  0
2  1.31947  0  0
2  1.3823  0  0
2  1.44513  0  0
2  1.50796  0  0
2  1.5708  0  0
2  1.63363  0  0
2  1.69646  0  0
2  1.75929  0  0
2  1.82212  0  0
2  1.88496  0  0
2  1.94779  0  0
2  2.01062  0  0
2  2.07345  0  0
2  2.13628  0  0
2  2.19911  0  0
2  2.26195  0  0
2  2.32478  0  0
2  2.38761  0  0
2  2.45044  0  0
2  2.51327  0  0
2  2.57611  0  0
2  2.63894  0  0
2  2.70177  0  0
2  2.7646  0  0
2  2.82743  0  0
2  2.89027  0  0
2  2.9531  0  0
2  3.01593  0  0
2  3.07876  0  0
2.5  0  0  0
2.5  0.0628319  0  0
2.5  0.125664  0  0
2.5  0.188496  0  0
2.5  0.251327  0  0
2.5  0.314159  0  0
2.5  0.376991  0  0
2.5  0.439823  0  0
2.5  0.502655  0  0
2.5  0.565487  0  0
2.5  0.628319  0  0
2.5  0.69115  0  0
2.5  0.753982  0  0
2.5  0.816814  0  0
2.5  0.879646  0  0
2.5  0.942478  0  0
2.5  1.00531  0  0
2.5  1.06814  0  0
2.5  1.13097  0  0
2.5  1.19381  0  0
2.5  1.25664  0  0
2.5  1.31947  0  0
2.5  1.3823  0  0
2.5  1.44513  0  0
2.5  1.50796  0  0
2.5  1.5708  0  0
2.5  1.63363  0  0
2.5  1.69646  0  0
2.5  1.75929  0  0
2.5  1.82212  0  0
2.5  1.88496  0  0
2.5  1.94779  0  0
2.5  2.01062  0  0
2.5  2.07345  0  0
2.5  2.13628  0  0
2.5  2.19911  0  0
2.5  2.26195  0  0
2.5  2.32478  0  0
2.5  2.38761  0  0
2.5  2.45044  0  0
2.5  2.51327  0  0
2.5  2.57611  0  0
2.5  2.63894  0  0
2.5  2.70177  0  0
2.5  2.7646  0  0
2.5  2.82743  0  0
2.5  2.89027  0  0
2.5  2.9531  0  0
2.5  3.01593  0  0
2.5  3.07876  0  0
3  0  0  0
3  0.0628319  0  0
3  0.125664  0  0
3  0.188496  0  0
3  0.251327  0  0
3  0.314159  0  0
3  0.376991  0  0
3  0.439823  0  0
3  0.502655  0  0
3  0.565487  0  0
3  0.628319  0  0
3  0.69115  0  0
3  0.753982  0  0
3  0.816814  0  0
3  0.879646  0  0
3  0.942478  0  0
3  1.00531  0  0
3  1.06814  0  0
3  1.13097  0  0
3  1.19381  0  0
3  1.25664  0  0
3  1.31947  0  0
3  1.3823  0  0
3  1.44513  0  0
3  1.50796  0  0
3  1.5708  0  0
3  1.63363  0  0
3  1.69646  0  0
3  1.75929  0  0
3  1.82212  0  0
3  1.88496  0  0
3  1.94779  0  0
3  2.01062  0  0
3  2.07345  0  0
3  2.13628  0  0
3  2.19911  0  0
3  2.26195  0  0
3  2.32478  0  0
3  2.38761  0  0
3  2.45044  0  0
3  2.51327  0  0
3  2.57611  0  0
3  2.63894  0  0
3  2.70177  0  0
3  2.7646  0  0
3  2.82743  0  0
3  2.89027  0  0
3  2.9531  0  0
3  3.01593  0  0
3  3.07876  0  0
3.5  0  0  0
3.5  0.0628319  0  0
3.5  0.125664  0  0
3.5  0.188496  0  0
3.5  0.251327  0  0
3.5  0.314159  0  0
3.5  0.376991  0  0
3.5  0.439823  0  0
3.5  0.502655  0  0
3.5  0.565487  0  0
3.5  0.628319  0  0
3.5  0.69115  0  0
3.5  0.753982  0  0
3.5  0.816814  0  0
3.5  0.879646  0  0
3.5  0.942478  0  0
3.5  1.00531  0  0
3.5  1.06814  0  0
3.5  1.13097  0  0
3.5  1.19381  0  0
3.5  1.25664  0  0
3.5  1.31947  0  0
3.5  1.3823  0  0
3.5  1.44513  0  0
3.5  1.50796  0  0
3.5  1.5708  0  0
3.5  1.63363  0  0
3.5  1.69646  0  0
3.5  1.75929  0  0
3.5  1.82212  0  0
3.5  1.88496  0  0
3.5  1.94779  0  0
3.5  2.01062  0  0
3.5  2.07345  0  0
3.5  2.13628  0  0
3.5  2.19911  0  0
3.5  2.26195  0  0
3.5  2.32478  0  0
3.5  2.38761  0  0
3.5  2.45044  0  0
3.5  2.51327  0  0
3.5  2.57611  0  0
3.5  2.63894  0  0
3.5  2.70177  0  0
3.5  2.7646  0  0
3.5  2.82743  0  0
3.5  2.89027  0  0
3.5  2.9531  0  0
3.5  3.01593  0  0
3.5  3.07876  0  0
4  0  0  0
4  0.0628319  0  0
4  0.125664  0  0
4  0.188496  0  0
4  0.251327  0  0
4  0.314159  0  0
4  0.376991  0  0
4  0.439823  0  0
4  0.502655  0  0
4  0.565487  0  0
4  0.628319  0  0
4  0.69115  0  0
4  0.753982  0  0
4  0.816814  0  0
4  0.879646  0  0
4  0.942478  0  0
4  1.00531  0  0
4  1.06814  0  0
4  1.13097  0  0
4  1.19381  0  0
4  1.25664  0  0
4  1.31947  0  0
4  1.3823  0  0
4  1.44513  0  0
4  1.50796  0  0
4  1.5708  0  0
4  1.63363  0  0
4  1.69646  0  0
4  1.75929  0  0
4  1.82212  0  0
4  1.88496  0  0
4  1.94779  0  0
4  2.01062  0  0
4  2.07345  0  0
4  2.13628  0  0
4  2.19911  0  0
4  2.26195  0  0
4  2.32478  0  0
4  2.38761  0  0
4  2.45044  0  0
4  2.51327  0  0
4  2.57611  0  0
4  2.63894  0  0
4  2.70177  0  0
4  2.7646  0  0
4  2.82743  0  0
4  2.89027  0  0
4  2.9531  0  0
4  3.01593  0  0
4  3.07876  0  0
4.5  0  0  0
4.5  0.0628319  0  0
4.5  0.125664  0  0
4.5  0.188496  0  0
4.5  0.251327  0  0
4.5  0.314159  0  0
4.5  0.376991  0  0
4.5  0.439823  0  0
4.5  0.502655  0  0
4.5  0.565487  0  0
4.5  0.628319  0  0
4.5  0.69115  0  0
4.5  0.753982  0  0
4.5  0.816814  0  0
4.5  0.879646  0  0
4.5  0.942478  0  0
4.5  1.00531  0  0
4.5  1.06814  0  0
4.5  1.13097  0  0
4.5  1.19381  0  0
4.5  1.25664  0  0
4.5  1.31947  0  0
4.5  1.3823  0  0
4.5  1.44513  0  0
4.5  1.50796  0  0
4.5  1.5708  0  0
4.5  1.63363  0  0
4.5  1.69646  0  0
4.5  1.75929  0  0
4.5  1.82212  0  0
4.5  1.88496  0  0
4.5  1.94779  0  0
4.5  2.01062  0  0
4.5  2.07345  0  0
4.5  2.13628  0  0
4.5  2.19911  0  0
4.5  2.26195  0  0
4.5  2.32478  0  0
4.5  2.38761  0  0
4.5  2.45044  0  0
4.5  2.51327  0  0
4.5  2.57611  0  0
4.5  2.63894  0  0
4.5  2.70177  0  0
4.5  2.7646  0  0
4.5  2.82743  0  0
4.5  2.89027  0  0
4.5  2.9531  0  0
4.5  3.01593  0  0
4.5  3.07876  0  0
5  0  0  0
5  0.0628319  0  0
5  0.125664  0  0
5  0.188496  0  0
5  0.251327  0  0
5  0.314159  0  0
5  0.376991  0  0
5  0.439823  0  0
5  0.502655  0  0
5  0.565487  0  0
5  0.628319  0  0
5  0.69115  0  0
5  0.753982  0  0
5  0.816814  0  0
5  0.879646  0  0
5  0.942478  0  0
5  1.00531  0  0
5  1.06814  0  0
5  1.13097  0  0
5  1.19381  0  0
5  1.25664  0  0
5  1.31947  0  0
5  1.3823  0  0
5  1.44513  0  0
5  1.50796  0  0
5  1.5708  0  0
5  1.63363  0  0
5  1.69646  0  0
5  1.75929  0  0
5  1.82212  0  0
5  1.88496  0  0
5  1.94779  0  0
5  2.01062  0  0
5  2.07345  0  0
5  2.13628  0  0
5  2.19911  0  0
5  2.26195  0  0
5  2.32478  0  0
5  2.38761  0  0
5  2.45044  0  0
5  2.51327  0  0
5  2.57611  0  0
5  2.63894  0  0
5  2.70177  0  0
5  2.7646  0  0
5  2.82743  0  0
5  2.89027  0  0
5  2.9531  0  0
5  3.01593  0  0
5  3.07876  0  0
5.5  0  0  0
5.5  0.0628319  0  0
5.5  0.125664  0  0
5.5  0.188496  0  0
5.5  0.251327  0  0
5.5  0.314159  0  0
5.5  0.376991  0  0
5.5  0.439823  0  0
5.5  0.502655  0  0
5.5  0.565487  0  0
5.5  0.628319  0  0
5.5  0.69115  0  0
5.5  0.753982  0  0
5.5  0.816814  0  0
5.5  0.879646  0  0
5.5  0.942478  0  0
5.5  1.00531  0  0
5.5  1.06814  0  0
5.5  1.13097  0  0
5.5  1.19381  0  0
5.5  1.25664  0  0
5.5  1.31947  0  0
5.5  1.3823  0  0
5.5  1.44513  0  0
5.5  1.50796  0  0
5.5  1.5708  0  0
5.5  1.63363  0  0
5.5  1.69646  0  0
5.5  1.75929  0  0
5.5  1.82212  0  0
5.5  1.88496  0  0
5.5  1.94779  0  0
5.5  2.01062  0  0
5.5  2.07345  0  0
5.5  2.13628  0  0
5.5  2.19911  0  0
5.5  2.26195  0  0
5.5  2.32478  0  0
5.5  2.38761  0  0
5.5  2.45044  0  0
5.5  2.51327  0  0
5.5  2.57611  0  0
5.5  2.63894  0  0
5.5  2.70177  0  0
5.5  2.7646  0  0
5.5  2.82743  0  0
5.5  2.89027  0  0
5.5  2.9531  0  0
5.5  3.01593  0  0
5.5  3.07876  0  0
6  0  0  0
6  0.0628319  0  0
6  0.125664  0  0
6  0.188496  0  0
6  0.251327  0  0
6  0.314159  0  0
6  0.376991  0  0
6  0.439823  0  0
6  0.502655  0  0
6  0.565487  0  0
6  0.628319  0  0
6  0.69115  0  0
6  0.753982  0  0
6  0.816814  0  0
6  0.879646  0  0
6  0.942478  0  0
6  1.00531  0  0
6  1.06814  0  0
6  1.13097  0  0
6  1.19381  0  0
6  1.25664  0  0
6  1.31947  0  0
6  1.3823  0  0
6  1.44513  0  0
6  1.50796  0  0
6  1.5708  0  0
6  1.63363  0  0
6  1.69646  0  0
6  1.75929  0  0
6  1.82212  0  0
6  1.88496  0  0
6  1.94779  0  0
6  2.01062  0  0
6  2.07345  0  0
6  2.13628  0  0
6  2.19911  0  0
6  2.26195  0  0
6  2.32478  0  0
6  2.38761  0  0
6  2.45044  0  0
6  2.51327  0  0
6  2.57611  0  0
6  2.63894  0  0
6  2.70177  0  0
6  2.7646  0  0
6  2.82743  0  0
6  2.89027  0  0
6  2.9531  0  0
6  3.01593  0  0
6  3.07876  0  0
6.5  0  0  0
6.5  0.0628319  0  0
6.5  0.125664  0  0
6.5  0.188496  0  0
6.5  0.251327  0  0
6.5  0.314159  0  0
6.5  0.376991  0  0
6.5  0.439823  0  0
6.5  0.502655  0  0
6.5  0.565487  0  0
6.5  0.628319  0  0
6.5  0.69115  0  0
6.5  0.753982  0  0
6.5  0.816814  0  0
6.5  0.879646  0  0
6.5  0.942478  0  0
6.5  1.00531  0  0
6.5  1.06814  0  0
6.5  1.13097  0  0
6.5  1.19381  0  0
6.5  1.25664  0  0
6.5  1.31947  0  0
6.5  1.3823  0  0
6.5  1.44513  0  0
6.5  1.50796  0  0
6.5  1.5708  0  0
6.5  1.63363  0  0
6.5  1.69646  0  0
6.5  1.75929  0  0
6.5  1.82212  0  0
6.5  1.88496  0  0
6.5  1.94779  0  0
6.5  2.01062  0  0
6.5  2.07345  0  0
6.5  2.13628  0  0
6.5  2.19911  0  0
6.5  2.26195  0  0
6.5  2.32478  0  0
6.5  2.38761  0  0
6.5  2.45044  0  0
6.5  2.51327  0  0
6.5  2.57611  0  0
6.5  2.63894  0  0
6.5  2.70177  0  0
6.5  2.7646  0  0
6.5  2.82743  0  0
6.5  2.89027  0  0
6.5  2.9531  0  0
6.5  3.01593  0  0
6.5  3.07876  0  0
7  0  0  0
7  0.0628319  0  0
7  0.125664  0  0
7  0.188496  0  0
7  0.251327  0  0
7  0.314159  0  0
7  0.376991  0  0
7  0.439823  0  0
7  0.502655  0  0
7  0.565487  0  0
7  0.628319  0  0
7  0.69115  0  0
7  0.753982  0  0
7  0.816814  0  0
7  0.879646  0  0
7  0.942478  0  0
7  1.00531  0  0
7  1.06814  0  0
7  1.13097  0  0
7  1.19381  0  0
7  1.25664  0  0
7  1.31947  0  0
7  1.3823  0  0
7  1.44513  0  0
7  1.50796  0  0
7  1.5708  0  0
7  1.63363  0  0
7  1.69646  0  0
7  1.75929  0  0
7  1.82212  0  0
7  1.88496  0  0
7  1.94779  0  0
7  2.01062  0  0
7  2.07345  0  0
7  2.13628  0  0
7  2.19911  0  0
7  2.26195  0  0
7  2.32478  0  0
7  2.38761  0  0
7  2.45044  0  0
7  2.51327  0  0
7  2.57611  0  0
7  2.63894  0  0
7  2.70177  0  0
7  2.7646  0  0
7  2.82743  0  0
7  2.89027  0  0
7  2.9531  0  0
7  3.01593  0  0
7  3.07876  0  0
7.5  0  0  0
7.5  0.0628319  0  0
7.5  0.125664  0  0
7.5  0.188496  0  0
7.5  0.251327  0  0
7.5  0.314159  0  0
7.5  0.376991  0  0
7.5  0.439823  0  0
7.5  0.502655  0  0
7.5  0.565487  0  0
7.5  0.628319  0  0
7.5  0.69115  0  0
7.5  0.753982  0  0
7.5  0.816814  0  0
7.5  0.879646  0  0
7.5  0.942478  0  0
7.5  1.00531  0  0
7.5  1.06814  0  0
7.5  1.13097  0  0
7.5  1.19381  0.258759  1.70226
7.5  1.25664  0.0814495  0.117936
7.5  1.31947  0.0681803  0.077421
7.5  1.3823  0.0796285  0.0797774
7.5  1.44513  0.0708959  0.057124
7.5  1.50796  0.0639785  0.0403329
7.5  1.5708  0.0675791  0.041785
7.5  1.63363  0.0628395  0.0518921
7.5  1.69646  0.0530507  0.0287827
7.5  1.75929  0.0971316  0.0969348
7.5  1.82212  0.0779583  0.11621
7.5  1.88496  0  0
7.5  1.94779  0  0
7.5  2.01062  0  0
7.5  2.07345  0  0
7.5  2.13628  0  0
7.5  2.19911  0  0
7.5  2.26195  0  0
7.5  2.32478  0  0
7.5  2.38761  0  0
7.5  2.45044  0  0
7.5  2.51327  0  0
7.5  2.57611  0  0
7.5  2.63894  0  0
7.5  2.70177  0  0
7.5  2.7646  0  0
7.5  2.82743  0  0
7.5  2.89027  0  0
7.5  2.9531  0  0
7.5  3.01593  0  0
7.5  3.07876  0  0
8  0  0  0
8  0.0628319  0  0
8  0.125664  0  0
8  0.188496  0  0
8  0.251327  0  0
8  0.314159  0  0
8  0.376991  0  0
8  0.439823  0  0
8  0.502655  0  0
8  0.565487  0  0
8  0.628319  0  0
8  0.69115  0  0
8  0.753982  0  0
8  0.816814  0.246657  2.2472
8  0.879646  0  0
8  0.942478  0  0
8  1.00531  0  0
8  1.06814  0.219506  0.212232
8  1.13097  0.0888774  0.145421
8  1.19381  0.0499218  0.0213715
8  1.25664  0.0414471  0.00956144
8  1.31947  0.0370025  0.00800701
8  1.3823  0.0407136  0.0087085
8  1.44513  0.0400681  0.00885366
8  1.50796  0.0398424  0.00912114
8  1.5708  0.0401691  0.0097513
8  1.63363  0.0499754  0.0136466
8  1.69646  0.050006  0.0164237
8  1.75929  0.045457  0.0127921
8  1.82212  0.0446076  0.0120764
8  1.88496  0.0660776  0.0344778
8  1.94779  0.0970177  0.151835
8  2.01062  0.258677  0.232907
8  2.07345  0  0
8  2.13628  0  0
8  2.19911  0  0
8  2.26195  0  0
8  2.32478  0  0
8  2.38761  0  0
8  2.45044  0  0
8  2.51327  0  0
8  2.57611  0  0
8  2.63894  0  0
8  2.70177  0  0
8  2.7646  0  0
8  2.82743  0  0
8  2.89027  0  0
8  2.9531  0  0
8  3.01593  0  0
8  3.07876  0  0
8.5  0  0  0
8.5  0.0628319  0  0
8.5  0.125664  0  0
8.5  0.188496  0  0
8.5  0.251327  0  0
8.5  0.314159  0  0
8.5  0.376991  0  0
8.5  0.439823  0  0
8.5  0.502655  0  0
8.5  0.565487  0  0
8.5  0.628319  0  0
8.5  0.69115  0  0
8.5  0.753982  0  0
8.5  0.816814  0  0
8.5  0.879646  0  0
8.5  0.942478  0.264488  0.213256
8.5  1.00531  0.0666292  0.0472354
8.5  1.06814  0.0506524  0.0157489
8.5  1.13097  0.0487179  0.014982
8.5  1.19381  0.039688  0.0078916
8.5  1.25664  0.0363646  0.00697812
8.5  1.31947  0.0423415  0.013062
8.5  1.3823  0.0335425  0.00646311
8.5  1.44513  0.0417366  0.00949523
8.5  1.50796  0.0343808  0.00697878
8.5  1.5708  0.0475872  0.0156661
8.5  1.63363  0.0369548  0.0083079
8.5  1.69646  0.0444559  0.0127979
8.5  1.75929  0.0423746  0.0118101
8.5  1.82212  0.0426262  0.0109856
8.5  1.88496  0.0389531  0.00752618
8.5  1.94779  0.0443473  0.0102771
8.5  2.01062  0.0384936  0.0088471
8.5  2.07345  0.0641142  0.0477561
8.5  2.13628  0.187498  0.142822
8.5  2.19911  0  0
8.5  2.26195  0  0
8.5  2.32478  0  0
8.5  2.38761  0  0
8.5  2.45044  0  0
8.5  2.51327  0  0
8.5  2.57611  0  0
8.5  2.63894  0  0
8.5  2.70177  0  0
8.5  2.7646  0  0
8.5  2.82743  0  0
8.5  2.89027  0  0
8.5  2.9531  0  0
8.5  3.01593  0  0
8.5  3.07876  0  0
9  0  0  0
9  0.0628319  0  0
9  0.125664  0  0
9  0.188496  0  0
9  0.251327  0  0
9  0.314159  0  0
9  0.376991  0  0
9  0.439823  0  0
9  0.502655  0  0
9  0.565487  0  0
9  0.628319  0  0
9  0.69115  0  0
9  0.753982  0  0
9  0.816814  0.247169  2.3041
9  0.879646  0.242025  0.124395
9  0.942478  0.0541427  0.0240231
9  1.00531  0.0391203  0.007178
9  1.06814  0.0446901  0.0112645
9  1.13097  0.0393693  0.00879209
9  1.19381  0.0415638  0.0103604
9  1.25664  0.0382304  0.0108618
9  1.31947  0.0419715  0.0100394
9  1.3823  0.0330652  0.00667091
9  1.44513  0.0349158  0.0071901
9  1.50796  0.0352885  0.00765715
9  1.5708  0.0379883  0.00846907
9  1.63363  0.0362703  0.00882726
9  1.69646  0.0364102  0.00693945
9  1.75929  0.0334824  0.00777454
9  1.82212  0.0349247  0.00603397
9  1.88496  0.0377632  0.0079565
9  1.94779  0.045307  0.010298
9  2.01062  0.0517705  0.0159943
9  2.07345  0.0370141  0.00652175
9  2.13628  0.0550852  0.020009
9  2.19911  0.102082  0.119424
9  2.26195  0.258759  1.70226
9  2.32478  0.258759  1.70226
9  2.38761  0  0
9  2.45044  0  0
9  2.51327  0  0
9  2.57611  0  0
9  2.63894  0  0
9  2.70177  0  0
9  2.7646  0  0
9  2.82743  0  0
9  2.89027  0  0
9  2.9531  0  0
9  3.01593  0  0
9  3.07876  0  0
9.5  0  0  0
9.5  0.0628319  0  0
9.5  0.125664  0  0
9.5  0.188496  0  0
9.5  0.251327  0  0
9.5  0.314159  0  0
9.5  0.376991  0  0
9.5  0.439823  0  0
9.5  0.502655  0  0
9.5  0.565487  0  0
9.5  0.628319  0  0
9.5  0.69115  0  0
9.5  0.753982  0  0
9.5  0.816814  0.185089  0.139386
9.5  0.879646  0.0524868  0.0129255
9.5  0.942478  0.0442865  0.00987488
9.5  1.00531  0.0356049  0.00662267
9.5  1.06814  0.0380701  0.00819737
9.5  1.13097  0.033227  0.00634479
9.5  1.19381  0.0371613  0.00697588
9.5  1.25664  0.0358903  0.00692009
9.5  1.31947  0.0364491  0.00759248
9.5  1.3823  0.0333811  0.00659425
9.5  1.44513  0.0434284  0.0106443
9.5  1.50796  0.030156  0.00574242
9.5  1.5708  0.0322727  0.00703175
9.5  1.63363  0.0385754  0.00904916
9.5  1.69646  0.0358871  0.00852967
9.5  1.75929  0.0447825  0.0113143
9.5  1.82212  0.0356199  0.00652472
9.5  1.88496  0.0424926  0.00972344
9.5  1.94779  0.0372725  0.00705513
9.5  2.01062  0.0420161  0.00901999
9.5  2.07345  0.0329785  0.00504719
9.5  2.13628  0.0413632  0.00725677
9.5  2.19911  0.042141  0.00988949
9.5  2.26195  0.18979  0.135908
9.5  2.32478  0  0
9.5  2.38761  0  0
9.5  2.45044  0  0
9.5  2.51327  0  0
9.5  2.57611  0  0
9.5  2.63894  0  0
9.5  2.70177  0  0
9.5  2.7646  0  0
9.5  2.82743  0  0
9.5  2.89027  0  0
9.5  2.9531  0  0
9.5  3.01593  0  0
9.5  3.07876  0  0
10  0  0  0
10  0.0628319  0  0
10  0.125664  0  0
10  0.188496  0  0
10  0.251327  0  0
10  0.314159  0  0
10  0.376991  0  0
10  0.439823  0  0
10  0.502655  0  0
10  0.565487  0  0
10  0.628319  0  0
10  0.69115  0  0
10  0.753982  0.303239  0.298096
10  0.816814  0.0489162  0.0147092
10  0.879646  0.0399832  0.00731797
10  0.942478  0.0369853  0.00708597
10  1.00531  0.0403778  0.00823255
10  1.06814  0.0420156  0.0116745
10  1.13097  0.0359835  0.00727365
10  1.19381  0.0330078  0.00638663
10  1.25664  0.0353245  0.00823814
10  1.31947  0.0306381  0.00489066
10  1.3823  0.0439761  0.0166613
10  1.44513  0.0321416  0.00604696
10  1.50796  0.0294826  0.00587342
10  1.5708  0.0350131  0.00767969
10  1.63363  0.0308865  0.00593911
10  1.69646  0.0287854  0.00516324
10  1.75929  0.0326545  0.00614601
10  1.82212  0.0383837  0.00857818
10  1.88496  0.0371242  0.00765767
10  1.94779  0.0405846  0.00960225
10  2.01062  0.0389014  0.00804229
10  2.07345  0.0404605  0.00831606
10  2.13628  0.0413974  0.00809749
10  2.19911  0.042163  0.00721669
10  2.26195  0.0587372  0.0248872
10  2.32478  0.182818  0.101092
10  2.38761  0.258759  1.70226
10  2.45044  0  0
10  2.51327  0  0
10  2.57611  0  0
10  2.63894  0  0
10  2.70177  0  0
10  2.7646  0  0
10  2.82743  0  0
10  2.89027  0  0
10  2.9531  0  0
10  3.01593  0  0
10  3.07876  0  0
10.5  0  0  0
10.5  0.0628319  0  0
10.5  0.125664  0  0
10.5  0.188496  0  0
10.5  0.251327  0  0
10.5  0.314159  0  0
10.5  0.376991  0  0
10.5  0.439823  0  0
10.5  0.502655  0  0
10.5  0.565487  0  0
10.5  0.628319  0  0
10.5  0.69115  0.00261881  0.0192164
10.5  0.753982  0.0599924  0.0303222
10.5  0.816814  0.0486283  0.0113101
10.5  0.879646  0.0365334  0.00712794
10.5  0.942478  0.0363899  0.00661164
10.5  1.00531  0.0355171  0.00684538
10.5  1.06814  0.0363896  0.00776286
10.5  1.13097  0.036467  0.00819057
10.5  1.19381  0.0383965  0.00880856
10.5  1.25664  0.0370893  0.0082222
10.5  1.31947  0.0324548  0.00625699
10.5  1.3823  0.0322438  0.00611774
10.5  1.44513  0.0344676  0.00693937
10.5  1.50796  0.0311853  0.00563318
10.5  1.5708  0.033319  0.00709954
10.5  1.63363  0.0327037  0.00684212
10.5  1.69646  0.0409327  0.0113092
10.5  1.75929  0.0355593  0.00858445
10.5  1.82212  0.0367222  0.00862377
10.5  1.88496  0.0403627  0.0106854
10.5  1.94779  0.034761  0.00679682
10.5  2.01062  0.0396499  0.00875655
10.5  2.07345  0.0383386  0.00737578
10.5  2.13628  0.0414834  0.00842647
10.5  2.19911  0.0422087  0.00780627
10.5  2.26195  0.0449983  0.0104416
10.5  2.32478  0.0717852  0.0573103
10.5  2.38761  0.158404  0.12709
10.5  2.45044  0  0
10.5  2.51327  0  0
10.5  2.57611  0  0
10.5  2.63894  0  0
10.5  2.70177  0  0
10.5  2.7646  0  0
10.5  2.82743  0  0
10.5  2.89027  0  0
10.5  2.9531  0  0
10.5  3.01593  0  0
10.5  3.07876  0  0
11  0  0  0
11  0.0628319  0  0
11  0.125664  0  0
11  0.188496  0  0
11  0.251327  0  0
11  0.314159  0  0
11  0.376991  0  0
11  0.439823  0  0
11  0.502655  0  0
11  0.565487  0  0
11  0.628319  0  0
11  0.69115  0.200379  0.108777
11  0.753982  0.0456146  0.0104582
11  0.816814  0.0407231  0.00832394
11  0.879646  0.0378409  0.00631056
11  0.942478  0.0352932  0.00616355
11  1.00531  0.0291727  0.00452533
11  1.06814  0.0320213  0.00540591
11  1.13097  0.0480137  0.0136059
11  1.19381  0.0379855  0.00821036
11  1.25664  0.0358933  0.00910973
11  1.31947  0.032781  0.00683802
11  1.3823  0.0307642  0.00582482
11  1.44513  0.0343301  0.00687096
11  1.50796  0.0337663  0.00696082
11  1.5708  0.0348397  0.00983478
11  1.63363  0.0338511  0.00707122
11  1.69646  0.0326115  0.00693142
11  1.75929  0.0354734  0.00752036
11  1.82212  0.0380684  0.00897597
11  1.88496  0.0299677  0.00493629
11  1.94779  0.033557  0.00619184
11  2.01062  0.0376848  0.00747913
11  2.07345  0.040295  0.0087551
11  2.13628  0.0394218  0.00787351
11  2.19911  0.0366448  0.00568232
11  2.26195  0.0398261  0.00958092
11  2.32478  0.0519458  0.0169746
11  2.38761  0.216994  0.12642
11  2.45044  0  0
11  2.51327  0  0
11  2.57611  0  0
11  2.63894  0  0
11  2.70177  0  0
11  2.7646  0  0
11  2.82743  0  0
11  2.89027  0  0
11  2.9531  0  0
11  3.01593  0  0
11  3.07876  0  0
11.5  0  0  0
11.5  0.0628319  0  0
11.5  0.125664  0  0
11.5  0.188496  0  0
11.5  0.251327  0  0
11.5  0.314159  0  0
11.5  0.376991  0  0
11.5  0.439823  0  0
11.5  0.502655  0  0
11.5  0.565487  0  0
11.5  0.628319  0.149581  0.132731
11.5  0.69115  0.0692845  0.0450191
11.5  0.753982  0.0408999  0.0086904
11.5  0.816814  0.0463551  0.0110726
11.5  0.879646  0.0415698  0.00813648
11.5  0.942478  0.0350759  0.00678344
11.5  1.00531  0.0372992  0.00701881
11.5  1.06814  0.0423376  0.0101678
11.5  1.13097  0.030924  0.00626635
11.5  1.19381  0.0337903  0.00708496
11.5  1.25664  0.0345296  0.00722378
11.5  1.31947  0.0343129  0.00657207
11.5  1.3823  0.0357962  0.00710516
11.5  1.44513  0.0431354  0.0158585
11.5  1.50796  0.0278047  0.00451662
11.5  1.5708  0.0396345  0.00977039
11.5  1.63363  0.0337868  0.00599991
11.5  1.69646  0.0328248  0.00771228
11.5  1.75929  0.0432445  0.013636
11.5  1.82212  0.0342114  0.00695633
11.5  1.88496  0.0376218  0.00867101
11.5  1.94779  0.0340628  0.00666955
11.5  2.01062  0.0376898  0.0078603
11.5  2.07345  0.0387599  0.00874413
11.5  2.13628  0.0346559  0.00661798
11.5  2.19911  0.0390056  0.00697263
11.5  2.26195  0.0395128  0.00805532
11.5  2.32478  0.0522947  0.0174943
11.5  2.38761  0.0627106  0.0376679
11.5  2.45044  0.215845  1.98058
11.5  2.51327  0  0
11.5  2.57611  0  0
11.5  2.63894  0  0
11.5  2.70177  0  0
11.5  2.7646  0  0
11.5  2.82743  0  0
11.5  2.89027  0  0
11.5  2.9531  0  0
11.5  3.01593  0  0
11.5  3.07876  0  0
12  0  0  0
12  0.0628319  0  0
12  0.125664  0  0
12  0.188496  0  0
12  0.251327  0  0
12  0.314159  0  0
12  0.376991  0  0
12  0.439823  0  0
12  0.502655  0  0
12  0.565487  0  0
12  0.628319  0.268731  0.169913
12  0.69115  0.0684034  0.0336763
12  0.753982  0.0620914  0.0242392
12  0.816814  0.0425382  0.00983365
12  0.879646  0.0353707  0.00577733
12  0.942478  0.0313603  0.00478862
12  1.00531  0.0310825  0.00564836
12  1.06814  0.0315099  0.00611393
12  1.13097  0.0330845  0.00600346
12  1.19381  0.0250246  0.00405524
12  1.25664  0.0366419  0.00709709
12  1.31947  0.035425  0.0080044
12  1.3823  0.0256523  0.00375751
12  1.44513  0.0283877  0.00565147
12  1.50796  0.0274959  0.00478192
12  1.5708  0.0317761  0.00698602
12  1.63363  0.0340297  0.0071229
12  1.69646  0.0347067  0.00732951
12  1.75929  0.0350185  0.00747895
12  1.82212  0.029415  0.00636592
12  1.88496  0.0280756  0.00483338
12  1.94779  0.0315062  0.00524766
12  2.01062  0.0324531  0.0052606
12  2.07345  0.0357309  0.00715116
12  2.13628  0.0379799  0.00682115
12  2.19911  0.0317099  0.00549445
12  2.26195  0.0411759  0.00826518
12  2.32478  0.045636  0.0118116
12  2.38761  0.0587466  0.0251518
12  2.45044  0.173516  0.194515
12  2.51327  0  0
12  2.57611  0  0
12  2.63894  0  0
12  2.70177  0  0
12  2.7646  0  0
12  2.82743  0  0
12  2.89027  0  0
12  2.9531  0  0
12  3.01593  0  0
12  3.07876  0  0
12.5  0  0  0
12.5  0.0628319  0  0
12.5  0.125664  0  0
12.5  0.188496  0  0
12.5  0.251327  0  0
12.5  0.314159  0  0
12.5  0.376991  0  0
12.5  0.439823  0  0
12.5  0.502655  0  0
12.5  0.565487  0.258759  1.70226
12.5  0.628319  0.0645121  0.0507267
12.5  0.69115  0.0522616  0.0171304
12.5  0.753982  0.0401138  0.00848385
12.5  0.816814  0.0365562  0.00685819
12.5  0.879646  0.0289525  0.00424417
12.5  0.942478  0.0321482  0.0052944
12.5  1.00531  0.0399344  0.00944307
12.5  1.06814  0.028173  0.00426572
12.5  1.13097  0.0331181  0.00630049
12.5  1.19381  0.0322634  0.00606644
12.5  1.25664  0.0372844  0.00842203
12.5  1.31947  0.0307445  0.00637459
12.5  1.3823  0.0328141  0.00602212
12.5  1.44513  0.0306664  0.00499949
12.5  1.50796  0.0324725  0.00762084
12.5  1.5708  0.038671  0.00917151
12.5  1.63363  0.0286734  0.00528095
12.5  1.69646  0.0318656  0.00722247
12.5  1.75929  0.0271616  0.00428987
12.5  1.82212  0.031483  0.00640717
12.5  1.88496  0.0252855  0.00341031
12.5  1.94779  0.0286953  0.0043502
12.5  2.01062  0.0301778  0.0046011
12.5  2.07345  0.0308699  0.00461654
12.5  2.13628  0.0428299  0.0104487
12.5  2.19911  0.0361035  0.0064135
12.5  2.26195  0.0349075  0.00602066
12.5  2.32478  0.0418423  0.0103084
12.5  2.38761  0.0667874  0.0305836
12.5  2.45044  0.0921128  0.142215
12.5  2.51327  0.250255  2.26518
12.5  2.57611  0  0
12.5  2.63894  0  0
12.5  2.70177  0  0
12.5  2.7646  0  0
12.5  2.82743  0  0
12.5  2.89027  0  0
12.5  2.9531  0  0
12.5  3.01593  0  0
12.5  3.07876  0  0
13  0  0  0
13  0.0628319  0  0
13  0.125664  0  0
13  0.188496  0  0
13  0.251327  0  0
13  0.314159  0  0
13  0.376991  0  0
13  0.439823  0  0
13  0.502655  0  0
13  0.565487  0.149156  0.130302
13  0.628319  0.0677014  0.0432572
13  0.69115  0.0407312  0.010615
13  0.753982  0.0431058  0.00930498
13  0.816814  0.037595  0.00796954
13  0.879646  0.0370252  0.00642861
13  0.942478  0.030533  0.00491005
13  1.00531  0.0360705  0.00778505
13  1.06814  0.0353161  0.00618758
13  1.13097  0.0371703  0.00764314
13  1.19381  0.0349594  0.00753133
13  1.25664  0.0309652  0.00569617
13  1.31947  0.0346541  0.00744286
13  1.3823  0.0299213  0.0062151
13  1.44513  0.0278439  0.00441705
13  1.50796  0.0268282  0.00393831
13  1.5708  0.0305806  0.0070569
13  1.63363  0.0339069  0.00756379
13  1.69646  0.0290404  0.00516639
13  1.75929  0.030293  0.00615098
13  1.82212  0.0317948  0.00616314
13  1.88496  0.0303574  0.00500125
13  1.94779  0.0373665  0.00855452
13  2.01062  0.0260241  0.00384153
13  2.07345  0.0336114  0.00556641
13  2.13628  0.036527  0.00638198
13  2.19911  0.0337458  0.00590723
13  2.26195  0.032091  0.00498142
13  2.32478  0.0377058  0.00850856
13  2.38761  0.0564028  0.0221347
13  2.45044  0.0678344  0.0469558
13  2.51327  0.134825  0.070236
13  2.57611  0  0
13  2.63894  0  0
13  2.70177  0  0
13  2.7646  0  0
13  2.82743  0  0
13  2.89027  0  0
13  2.9531  0  0
13  3.01593  0  0
13  3.07876  0  0
13.5  0  0  0
13.5  0.0628319  0  0
13.5  0.125664  0  0
13.5  0.188496  0  0
13.5  0.251327  0  0
13.5  0.314159  0  0
13.5  0.376991  0  0
13.5  0.439823  0  0
13.5  0.502655  0  0
13.5  0.565487  0.192846  0.181991
13.5  0.628319  0.0779049  0.0612768
13.5  0.69115  0.0465532  0.0152775
13.5  0.753982  0.0403423  0.00946795
13.5  0.816814  0.0355916  0.00641112
13.5  0.879646  0.0308705  0.00443826
13.5  0.942478  0.028659  0.00435777
13.5  1.00531  0.0276963  0.00428187
13.5  1.06814  0.031521  0.00562522
13.5  1.13097  0.038501  0.00882592
13.5  1.19381  0.0316795  0.00665901
13.5  1.25664  0.0300082  0.00511338
13.5  1.31947  0.0277249  0.0048374
13.5  1.3823  0.0346285  0.00921037
13.5  1.44513  0.0310588  0.00644341
13.5  1.50796  0.0310598  0.00671364
13.5  1.5708  0.0282892  0.00549476
13.5  1.63363  0.0333132  0.00939754
13.5  1.69646  0.03217  0.00734556
13.5  1.75929  0.0338233  0.00739188
13.5  1.82212  0.0299181  0.00546144
13.5  1.88496  0.0303076  0.00563605
13.5  1.94779  0.0308726  0.00521036
13.5  2.01062  0.0313792  0.00591324
13.5  2.07345  0.0280639  0.00380519
13.5  2.13628  0.0291016  0.00429875
13.5  2.19911  0.0401834  0.00762031
13.5  2.26195  0.0304703  0.00464321
13.5  2.32478  0.039426  0.00829275
13.5  2.38761  0.0525931  0.0198418
13.5  2.45044  0.0611473  0.0374281
13.5  2.51327  0.0918971  0.119532
13.5  2.57611  0  0
13.5  2.63894  0  0
13.5  2.70177  0  0
13.5  2.7646  0  0
13.5  2.82743  0  0
13.5  2.89027  0  0
13.5  2.9531  0  0
13.5  3.01593  0  0
13.5  3.07876  0  0
14  0  0  0
14  0.0628319  0  0
14  0.125664  0  0
14  0.188496  0  0
14  0.251327  0  0
14  0.314159  0  0
14  0.376991  0  0
14  0.439823  0  0
14  0.502655  0.258759  1.70226
14  0.565487  0.187854  0.153299
14  0.628319  0.0740802  0.048878
14  0.69115  0.0464851  0.0136279
14  0.753982  0.0452819  0.0118515
14  0.816814  0.031985  0.00512318
14  0.879646  0.027858  0.00345728
14  0.942478  0.0258368  0.00362117
14  1.00531  0.0297416  0.00514568
14  1.06814  0.0385888  0.0106425
14  1.13097  0.0315516  0.00838463
14  1.19381  0.0248056  0.00349321
14  1.25664  0.0281649  0.00499476
14  1.31947  0.0285797  0.00489199
14  1.3823  0.0312689  0.00638816
14  1.44513  0.0403466  0.0103097
14  1.50796  0.0348432  0.00713375
14  1.5708  0.0287252  0.00550742
14  1.63363  0.0276059  0.00560287
14  1.69646  0.0389583  0.0101847
14  1.75929  0.0418368  0.0117264
14  1.82212  0.0271661  0.00484558
14  1.88496  0.030989  0.00574664
14  1.94779  0.0309194  0.00578692
14  2.01062  0.0320389  0.00657261
14  2.07345  0.0340072  0.00677369
14  2.13628  0.0298516  0.00460111
14  2.19911  0.0268274  0.00399207
14  2.26195  0.0387301  0.00787959
14  2.32478  0.0395103  0.00857278
14  2.38761  0.0514564  0.0188999
14  2.45044  0.0761676  0.055559
14  2.51327  0.120208  0.122011
14  2.57611  0  0
14  2.63894  0  0
14  2.70177  0  0
14  2.7646  0  0
14  2.82743  0  0
14  2.89027  0  0
14  2.9531  0  0
14  3.01593  0  0
14  3.07876  0  0
14.5  0  0  0
14.5  0.0628319  0  0
14.5  0.125664  0  0
14.5  0.188496  0  0
14.5  0.251327  0  0
14.5  0.314159  0  0
14.5  0.376991  0  0
14.5  0.439823  0  0
14.5  0.502655  0  0
14.5  0.565487  0.0689567  0.0557188
14.5  0.628319  0.0602293  0.0297171
14.5  0.69115  0.0419942  0.0128278
14.5  0.753982  0.0375325  0.00806268
14.5  0.816814  0.0287981  0.00421195
14.5  0.879646  0.0276318  0.0036564
14.5  0.942478  0.0258123  0.00325148
14.5  1.00531  0.027823  0.00374654
14.5  1.06814  0.0306386  0.00463467
14.5  1.13097  0.0275748  0.0045702
14.5  1.19381  0.0315317  0.00574405
14.5  1.25664  0.0340405  0.00714372
14.5  1.31947  0.0310471  0.00587162
14.5  1.3823  0.031774  0.00609851
14.5  1.44513  0.0364983  0.00794225
14.5  1.50796  0.0295194  0.00544285
14.5  1.5708  0.0302035  0.00510745
14.5  1.63363  0.0324381  0.00858028
14.5  1.69646  0.0290909  0.00469316
14.5  1.75929  0.0343021  0.00736435
14.5  1.82212  0.0288984  0.00522982
14.5  1.88496  0.0334449  0.00604606
14.5  1.94779  0.0256692  0.00402262
14.5  2.01062  0.0238297  0.00310007
14.5  2.07345  0.0295323  0.00432663
14.5  2.13628  0.0383756  0.00824405
14.5  2.19911  0.0287191  0.00429024
14.5  2.26195  0.0331539  0.00532932
14.5  2.32478  0.0423904  0.0114937
14.5  2.38761  0.0464075  0.0145061
14.5  2.45044  0.0771442  0.0619288
14.5  2.51327  0.0986591  0.160043
14.5  2.57611  0.00938834  0.0744517
14.5  2.63894  0  0
14.5  2.70177  0  0
14.5  2.7646  0  0
14.5  2.82743  0  0
14.5  2.89027  0  0
14.5  2.9531  0  0
14.5  3.01593  0  0
14.5  3.07876  0  0
15  0  0  0
15  0.0628319  0  0
15  0.125664  0  0
15  0.188496  0  0
15  0.251327  0  0
15  0.314159  0  0
15  0.376991  0  0
15  0.439823  0  0
15  0.502655  0.265522  0.265211
15  0.565487  0.0837941  0.0745203
15  0.628319  0.0561981  0.0297361
15  0.69115  0.0429142  0.0120158
15  0.753982  0.0375364  0.00697411
15  0.816814  0.0327016  0.00548623
15  0.879646  0.0307206  0.0051338
15  0.942478  0.0281884  0.00525142
15  1.00531  0.0323172  0.00595969
15  1.06814  0.0280798  0.00455037
15  1.13097  0.0290113  0.00446157
15  1.19381  0.0285786  0.00457033
15  1.25664  0.0379463  0.00965524
15  1.31947  0.0288412  0.0050386
15  1.3823  0.0266598  0.00467698
15  1.44513  0.0340929  0.00911625
15  1.50796  0.0303734  0.00564373
15  1.5708  0.0339455  0.0068081
15  1.63363  0.0327251  0.00804509
15  1.69646  0.0345274  0.00850578
15  1.75929  0.0301492  0.00610386
15  1.82212  0.029691  0.00474837
15  1.88496  0.0265358  0.00441344
15  1.94779  0.0393326  0.013452
15  2.01062  0.0269543  0.00391775
15  2.07345  0.0253737  0.00323629
15  2.13628  0.0310468  0.00472045
15  2.19911  0.0313807  0.00483844
15  2.26195  0.0390222  0.00768994
15  2.32478  0.0444221  0.0122332
15  2.38761  0.0452065  0.0136013
15  2.45044  0.0541248  0.025496
15  2.51327  0.0864238  0.0761857
15  2.57611  0.200467  0.198295
15  2.63894  0  0
15  2.70177  0  0
15  2.7646  0  0
15  2.82743  0  0
15  2.89027  0  0
15  2.9531  0  0
15  3.01593  0  0
15  3.07876  0  0
15.5  0  0  0
15.5  0.0628319  0  0
15.5  0.125664  0  0
15.5  0.188496  0  0
15.5  0.251327  0  0
15.5  0.314159  0  0
15.5  0.376991  0  0
15.5  0.439823  0  0
15.5  0.502655  0.108053  0.135143
15.5  0.565487  0.131759  0.196118
15.5  0.628319  0.0544852  0.0221902
15.5  0.69115  0.0440024  0.0130127
15.5  0.753982  0.0393465  0.008933
15.5  0.816814  0.0286693  0.00439029
15.5  0.879646  0.0291949  0.00394837
15.5  0.942478  0.028035  0.00364748
15.5  1.00531  0.0295246  0.00596852
15.5  1.06814  0.028747  0.00451477
15.5  1.13097  0.0339349  0.00704304
15.5  1.19381  0.0328292  0.00742541
15.5  1.25664  0.0294729  0.00512655
15.5  1.31947  0.0346382  0.00843226
15.5  1.3823  0.0313363  0.00646796
15.5  1.44513  0.02666  0.00438113
15.5  1.50796  0.0390768  0.0139322
15.5  1.5708  0.0267941  0.0049312
15.5  1.63363  0.0296662  0.00519113
15.5  1.69646  0.0368276  0.0087632
15.5  1.75929  0.0271277  0.00377084
15.5  1.82212  0.0315312  0.00731424
15.5  1.88496  0.0346503  0.00790716
15.5  1.94779  0.0301384  0.00590137
15.5  2.01062  0.0248024  0.00345155
15.5  2.07345  0.0364319  0.00708219
15.5  2.13628  0.0271337  0.00455491
15.5  2.19911  0.0341751  0.00546147
15.5  2.26195  0.042749  0.00977146
15.5  2.32478  0.0405025  0.00955662
15.5  2.38761  0.0667637  0.0299187
15.5  2.45044  0.0662906  0.0370357
15.5  2.51327  0.0748933  0.125556
15.5  2.57611  0.155998  0.129392
15.5  2.63894  0  0
15.5  2.70177  0  0
15.5  2.7646  0  0
15.5  2.82743  0  0
15.5  2.89027  0  0
15.5  2.9531  0  0
15.5  3.01593  0  0
15.5  3.07876  0  0
16  0  0  0
16  0.0628319  0  0
16  0.125664  0  0
16  0.188496  0  0
16  0.251327  0  0
16  0.314159  0  0
16  0.376991  0  0
16  0.439823  0  0
16  0.502655  0.200038  0.198847
16  0.565487  0.0703612  0.0609989
16  0.628319  0.052728  0.0223137
16  0.69115  0.0548835  0.0183163
16  0.753982  0.0458788  0.0111071
16  0.816814  0.0312369  0.00497103
16  0.879646  0.0314481  0.00454856
16  0.942478  0.0274328  0.00380701
16  1.00531  0.0314492  0.00538013
16  1.06814  0.0283203  0.00442955
16  1.13097  0.0323501  0.00777499
16  1.19381  0.0291118  0.00483848
16  1.25664  0.029814  0.00549296
16  1.31947  0.0271339  0.00528646
16  1.3823  0.0292797  0.00615697
16  1.44513  0.0326462  0.00713707
16  1.50796  0.0272129  0.00532181
16  1.5708  0.0302637  0.00584467
16  1.63363  0.0233134  0.00344774
16  1.69646  0.0331518  0.00836637
16  1.75929  0.0279506  0.00462497
16  1.82212  0.0286271  0.00572922
16  1.88496  0.0262002  0.00417664
16  1.94779  0.0385329  0.0101606
16  2.01062  0.0306639  0.00581179
16  2.07345  0.0324009  0.00764805
16  2.13628  0.0270925  0.00375368
16  2.19911  0.0322529  0.00451211
16  2.26195  0.0281386  0.00425101
16  2.32478  0.0393051  0.00881182
16  2.38761  0.0483471  0.0164264
16  2.45044  0.0752646  0.0663972
16  2.51327  0.0663397  0.0462195
16  2.57611  0.135406  0.123194
16  2.63894  0  0
16  2.70177  0  0
16  2.7646  0  0
16  2.82743  0  0
16  2.89027  0  0
16  2.9531  0  0
16  3.01593  0  0
16  3.07876  0  0
16.5  0  0  0
16.5  0.0628319  0  0
16.5  0.125664  0  0
16.5  0.188496  0  0
16.5  0.251327  0  0
16.5  0.314159  0  0
16.5  0.376991  0  0
16.5  0.439823  0  0
16.5  0.502655  0.133807  0.116952
16.5  0.565487  0.0562618  0.0296834
16.5  0.628319  0.0566562  0.0298599
16.5  0.69115  0.0397009  0.0125477
16.5  0.753982  0.0353987  0.00696807
16.5  0.816814  0.0311597  0.00455272
16.5  0.879646  0.0298997  0.00408786
16.5  0.942478  0.0274483  0.00430947
16.5  1.00531  0.0334989  0.00700534
16.5  1.06814  0.0276299  0.00408036
16.5  1.13097  0.0275291  0.00392745
16.5  1.19381  0.0393183  0.008277
16.5  1.25664  0.0297872  0.00527668
16.5  1.31947  0.0284137  0.00450724
16.5  1.3823  0.0401309  0.0117413
16.5  1.44513  0.0276517  0.00519362
16.5  1.50796  0.0291686  0.00601893
16.5  1.5708  0.0292245  0.00573573
16.5  1.63363  0.0265355  0.00444037
16.5  1.69646  0.0264064  0.00431764
16.5  1.75929  0.0407857  0.0103738
16.5  1.82212  0.0322596  0.0067189
16.5  1.88496  0.0289626  0.0064565
16.5  1.94779  0.0302353  0.00512981
16.5  2.01062  0.0260998  0.00422149
16.5  2.07345  0.026641  0.00388394
16.5  2.13628  0.031192  0.00545549
16.5  2.19911  0.0275679  0.00378109
16.5  2.26195  0.0323536  0.0061432
16.5  2.32478  0.0405807  0.0101702
16.5  2.38761  0.0427184  0.0146693
16.5  2.45044  0.046752  0.0220482
16.5  2.51327  0.0786898  0.069935
16.5  2.57611  0.167232  0.118681
16.5  2.63894  0  0
16.5  2.70177  0  0
16.5  2.7646  0  0
16.5  2.82743  0  0
16.5  2.89027  0  0
16.5  2.9531  0  0
16.5  3.01593  0  0
16.5  3.07876  0  0
17  0  0  0
17  0.0628319  0  0
17  0.125664  0  0
17  0.188496  0  0
17  0.251327  0  0
17  0.314159  0  0
17  0.376991  0  0
17  0.439823  0.250411  2.26505
17  0.502655  0.0779043  0.140773
17  0.565487  0.0828503  0.135784
17  0.628319  0.0680382  0.0480434
17  0.69115  0.0609675  0.0245381
17  0.753982  0.0428022  0.0121649
17  0.816814  0.0281074  0.00388077
17  0.879646  0.0275348  0.003573
17  0.942478  0.0348371  0.00624464
17  1.00531  0.0418684  0.00944111
17  1.06814  0.0240905  0.00341434
17  1.13097  0.026285  0.00406826
17  1.19381  0.0296184  0.00621041
17  1.25664  0.0286067  0.00492906
17  1.31947  0.0329745  0.0089368
17  1.3823  0.0258777  0.00367708
17  1.44513  0.0387465  0.0125426
17  1.50796  0.0389171  0.00776085
17  1.5708  0.0486533  0.016998
17  1.63363  0.0318465  0.00656297
17  1.69646  0.0446569  0.0112382
17  1.75929  0.0350804  0.0115131
17  1.82212  0.0288576  0.00542869
17  1.88496  0.0452509  0.014458
17  1.94779  0.0386032  0.0107165
17  2.01062  0.0274513  0.00498128
17  2.07345  0.0239042  0.00318932
17  2.13628  0.0339014  0.00804204
17  2.19911  0.0284503  0.00394201
17  2.26195  0.0308981  0.00557994
17  2.32478  0.0344278  0.00680847
17  2.38761  0.0451714  0.0146941
17  2.45044  0.0606717  0.0264326
17  2.51327  0.0621129  0.039279
17  2.57611  0.0969282  0.156223
17  2.63894  0  0
17  2.70177  0  0
17  2.7646  0  0
17  2.82743  0  0
17  2.89027  0  0
17  2.9531  0  0
17  3.01593  0  0
17  3.07876  0  0
17.5  0  0  0
17.5  0.0628319  0  0
17.5  0.125664  0  0
17.5  0.188496  0  0
17.5  0.251327  0  0
17.5  0.314159  0  0
17.5  0.376991  0  0
17.5  0.439823  0.222355  0.132282
17.5  0.502655  0.0830261  0.147312
17.5  0.565487  0.0823817  0.138004
17.5  0.628319  0.0650371  0.0399789
17.5  0.69115  0.0362732  0.0101357
17.5  0.753982  0.0390796  0.00838357
17.5  0.816814  0.0323143  0.00545759
17.5  0.879646  0.0273953  0.00420696
17.5  0.942478  0.0318443  0.0059238
17.5  1.00531  0.0341356  0.00662725
17.5  1.06814  0.0279178  0.00428389
17.5  1.13097  0.0353334  0.00723478
17.5  1.19381  0.0546896  0.0161821
17.5  1.25664  0.0358585  0.0110335
17.5  1.31947  0.0460961  0.0102096
17.5  1.3823  0.0306601  0.00684464
17.5  1.44513  0.030853  0.0074403
17.5  1.50796  0.0380205  0.0121787
17.5  1.5708  0.0358014  0.00982145
17.5  1.63363  0.052922  0.0131832
17.5  1.69646  0.0466549  0.0134606
17.5  1.75929  0.0325213  0.00808034
17.5  1.82212  0.0314587  0.00631784
17.5  1.88496  0.0262683  0.00421684
17.5  1.94779  0.0286907  0.00505428
17.5  2.01062  0.0330282  0.00614515
17.5  2.07345  0.032567  0.00672958
17.5  2.13628  0.029674  0.00452995
17.5  2.19911  0.0282403  0.00403992
17.5  2.26195  0.0302356  0.00444457
17.5  2.32478  0.0338107  0.00729005
17.5  2.38761  0.0428772  0.0137474
17.5  2.45044  0.0584698  0.0265167
17.5  2.51327  0.0825212  0.0767194
17.5  2.57611  0.237873  0.132
17.5  2.63894  0.327245  0.32763
17.5  2.70177  0  0
17.5  2.7646  0  0
17.5  2.82743  0  0
17.5  2.89027  0  0
17.5  2.9531  0  0
17.5  3.01593  0  0
17.5  3.07876  0  0
18  0  0  0
18  0.0628319  0  0
18  0.125664  0  0
18  0.188496  0  0
18  0.251327  0  0
18  0.314159  0  0
18  0.376991  0  0
18  0.439823  0.27288  0.143992
18  0.502655  0.084681  0.0840439
18  0.565487  0.0759577  0.0544048
18  0.628319  0.0704052  0.043997
18  0.69115  0.0461066  0.0157066
18  0.753982  0.0459746  0.0132998
18  0.816814  0.0324394  0.00563615
18  0.879646  0.0303956  0.00422587
18  0.942478  0.0286743  0.00421573
18  1.00531  0.0259687  0.00386234
18  1.06814  0.0276578  0.00450028
18  1.13097  0.0264925  0.0039248
18  1.19381  0.0259517  0.00425604
18  1.25664  0.0359326  0.0106636
18  1.31947  0.0333065  0.00689218
18  1.3823  0.0385503  0.00894276
18  1.44513  0.0362428  0.0089501
18  1.50796  0.0372037  0.00818978
18  1.5708  0.0311869  0.0145104
18  1.63363  0.0249511  0.00412443
18  1.69646  0.0297791  0.00685217
18  1.75929  0.0477263  0.0126228
18  1.82212  0.0296779  0.00539492
18  1.88496  0.0329872  0.00702054
18  1.94779  0.0266609  0.00424945
18  2.01062  0.0295942  0.00452509
18  2.07345  0.0324061  0.00668208
18  2.13628  0.0243611  0.00278048
18  2.19911  0.0314247  0.0048871
18  2.26195  0.0327963  0.0053751
18  2.32478  0.0287023  0.00471318
18  2.38761  0.0512238  0.0196559
18  2.45044  0.060358  0.0314918
18  2.51327  0.0753761  0.0616984
18  2.57611  0.211099  0.208326
18  2.63894  0.178088  0.0923726
18  2.70177  0  0
18  2.7646  0  0
18  2.82743  0  0
18  2.89027  0  0
18  2.9531  0  0
18  3.01593  0  0
18  3.07876  0  0
18.5  0  0  0
18.5  0.0628319  0  0
18.5  0.125664  0  0
18.5  0.188496  0  0
18.5  0.251327  0  0
18.5  0.314159  0  0
18.5  0.376991  0.258759  1.70226
18.5  0.439823  0.122608  0.125964
18.5  0.502655  0.0779309  0.0761193
18.5  0.565487  0.0582074  0.0306962
18.5  0.628319  0.080384  0.0664321
18.5  0.69115  0.040587  0.0109223
18.5  0.753982  0.0303307  0.0058054
18.5  0.816814  0.0311061  0.00591073
18.5  0.879646  0.0364462  0.00674146
18.5  0.942478  0.0352956  0.00768785
18.5  1.00531  0.0327005  0.00620177
18.5  1.06814  0.0319871  0.00610252
18.5  1.13097  0.0335354  0.0066691
18.5  1.19381  0.0445219  0.0128618
18.5  1.25664  0.0383759  0.00893094
18.5  1.31947  0.0263403  0.00429253
18.5  1.3823  0.0315615  0.00525238
18.5  1.44513  0.0247296  0.00361404
18.5  1.50796  0.0294764  0.00511751
18.5  1.5708  0.0452493  0.0116203
18.5  1.63363  0.0441536  0.010318
18.5  1.69646  0.033014  0.00692137
18.5  1.75929  0.0296127  0.00531157
18.5  1.82212  0.032584  0.00602813
18.5  1.88496  0.0353189  0.00715909
18.5  1.94779  0.0303073  0.00834175
18.5  2.01062  0.0306878  0.00603007
18.5  2.07345  0.0273062  0.00380589
18.5  2.13628  0.0285953  0.00395147
18.5  2.19911  0.0283739  0.00406159
18.5  2.26195  0.029871  0.00534713
18.5  2.32478  0.0337912  0.00734493
18.5  2.38761  0.0385093  0.0102281
18.5  2.45044  0.0561739  0.0254103
18.5  2.51327  0.0745422  0.0650217
18.5  2.57611  0.0780811  0.0747699
18.5  2.63894  0.0860419  0.141654
18.5  2.70177  0  0
18.5  2.7646  0  0
18.5  2.82743  0  0
18.5  2.89027  0  0
18.5  2.9531  0  0
18.5  3.01593  0  0
18.5  3.07876  0  0
19  0  0  0
19  0.0628319  0  0
19  0.125664  0  0
19  0.188496  0  0
19  0.251327  0  0
19  0.314159  0  0
19  0.376991  0  0
19  0.439823  0.250708  0.246576
19  0.502655  0.0927246  0.151071
19  0.565487  0.0815075  0.070898
19  0.628319  0.0558509  0.0347916
19  0.69115  0.0537428  0.0191148
19  0.753982  0.0307809  0.00670931
19  0.816814  0.0332717  0.00589541
19  0.879646  0.0291607  0.00439381
19  0.942478  0.030336  0.0052174
19  1.00531  0.0256949  0.00317387
19  1.06814  0.0365825  0.00897325
19  1.13097  0.0326134  0.00929946
19  1.19381  0.0324259  0.00826938
19  1.25664  0.0408014  0.00966034
19  1.31947  0.039979  0.0097669
19  1.3823  0.0253175  0.00370281
19  1.44513  0.031215  0.00561355
19  1.50796  0.0279719  0.00434476
19  1.5708  0.0305961  0.00552607
19  1.63363  0.0355382  0.011233
19  1.69646  0.0420878  0.0115824
19  1.75929  0.0245682  0.00438556
19  1.82212  0.0338805  0.00663198
19  1.88496  0.032641  0.00744079
19  1.94779  0.0371103  0.00925841
19  2.01062  0.0330016  0.00851579
19  2.07345  0.0352342  0.00706371
19  2.13628  0.032198  0.0062262
19  2.19911  0.0278882  0.00355728
19  2.26195  0.0353347  0.00643237
19  2.32478  0.029377  0.00479284
19  2.38761  0.0415173  0.0100849
19  2.45044  0.0455004  0.0177619
19  2.51327  0.0746973  0.0585807
19  2.57611  0.0886751  0.148181
19  2.63894  0.15482  0.147832
19  2.70177  0  0
19  2.7646  0  0
19  2.82743  0  0
19  2.89027  0  0
19  2.9531  0  0
19  3.01593  0  0
19  3.07876  0  0
19.5  0  0  0
19.5  0.0628319  0  0
19.5  0.125664  0  0
19.5  0.188496  0  0
19.5  0.251327  0  0
19.5  0.314159  0  0
19.5  0.376991  0.258759  1.70226
19.5  0.439823  0.175913  0.192702
19.5  0.502655  0.0771864  0.0761683
19.5  0.565487  0.0835546  0.0732023
19.5  0.628319  0.0584318  0.0322847
19.5  0.69115  0.0368841  0.00908778
19.5  0.753982  0.0462026  0.0159052
19.5  0.816814  0.0317847  0.00514119
19.5  0.879646  0.0336351  0.00597411
19.5  0.942478  0.0263561  0.00341548
19.5  1.00531  0.0324089  0.00539571
19.5  1.06814  0.0342849  0.00676966
19.5  1.13097  0.0320713  0.00521224
19.5  1.19381  0.0283541  0.00701707
19.5  1.25664  0.029362  0.00550919
19.5  1.31947  0.0336353  0.00812493
19.5  1.3823  0.0315016  0.00581271
19.5  1.44513  0.0353081  0.00808436
19.5  1.50796  0.0253451  0.00392192
19.5  1.5708  0.0275695  0.00450966
19.5  1.63363  0.0349239  0.00720388
19.5  1.69646  0.0253281  0.00407346
19.5  1.75929  0.035075  0.00763404
19.5  1.82212  0.0286325  0.0056372
19.5  1.88496  0.0365217  0.0075539
19.5  1.94779  0.0250834  0.00410326
19.5  2.01062  0.0297895  0.00549837
19.5  2.07345  0.0233198  0.00329578
19.5  2.13628  0.0337254  0.00648812
19.5  2.19911  0.0265047  0.0030343
19.5  2.26195  0.032522  0.0062447
19.5  2.32478  0.0434558  0.0116988
19.5  2.38761  0.00421507  0.129078
19.5  2.45044  0.0473031  0.0187136
19.5  2.51327  0.0494258  0.0240992
19.5  2.57611  0.0778079  0.132077
19.5  2.63894  0.0639874  0.114228
19.5  2.70177  0  0
19.5  2.7646  0  0
19.5  2.82743  0  0
19.5  2.89027  0  0
19.5  2.9531  0  0
19.5  3.01593  0  0
19.5  3.07876  0  0
20  0  0  0
20  0.0628319  0  0
20  0.125664  0  0
20  0.188496  0  0
20  0.251327  0  0
20  0.314159  0  0
20  0.376991  0.258759  1.70226
20  0.439823  0.0862451  0.139331
20  0.502655  0.0708093  0.0446947
20  0.565487  0.0660241  0.0425693
20  0.628319  0.0551311  0.0304525
20  0.69115  0.0595052  0.0208234
20  0.753982  0.0419801  0.0099253
20  0.816814  0.0277529  0.00427296
20  0.879646  0.0272612  0.00425863
20  0.942478  0.0411607  0.00957197
20  1.00531  0.0258272  0.00416352
20  1.06814  0.0319028  0.00580845
20  1.13097  0.0286263  0.00456168
20  1.19381  0.0294923  0.00500705
20  1.25664  0.0286152  0.00421642
20  1.31947  0.0276889  0.00415927
20  1.3823  0.0292409  0.00525373
20  1.44513  0.0323591  0.00794697
20  1.50796  0.033572  0.0072442
20  1.5708  0.0302759  0.00539798
20  1.63363  0.0288835  0.00551473
20  1.69646  0.0415155  0.0126658
20  1.75929  0.0285591  0.00593496
20  1.82212  0.0379467  0.00753311
20  1.88496  0.0414153  0.00864629
20  1.94779  0.0381012  0.00835746
20  2.01062  0.0350718  0.00979822
20  2.07345  0.0282253  0.00509238
20  2.13628  0.030792  0.00454467
20  2.19911  0.0236557  0.00290713
20  2.26195  0.0268942  0.00330865
20  2.32478  0.030583  0.00673158
20  2.38761  0.0470076  0.015179
20  2.45044  0.0578225  0.0336283
20  2.51327  0.0779097  0.0761907
20  2.57611  0.0969083  0.123271
20  2.63894  0.183438  0.173572
20  2.70177  0  0
20  2.7646  0  0
20  2.82743  0  0
20  2.89027  0  0
20  2.9531  0  0
20  3.01593  0  0
20  3.07876  0  0
20.5  0  0  0
20.5  0.0628319  0  0
20.5  0.125664  0  0
20.5  0.188496  0  0
20.5  0.251327  0  0
20.5  0.314159  0  0
20.5  0.376991  0.258759  1.70226
20.5  0.439823  0.121337  0.119033
20.5  0.502655  0.0797096  0.0831403
20.5  0.565487  0.0900684  0.083535
20.5  0.628319  0.0705412  0.0493214
20.5  0.69115  0.0539885  0.0220985
20.5  0.753982  0.0389986  0.00869787
20.5  0.816814  0.0303117  0.00464523
20.5  0.879646  0.0286586  0.00399807
20.5  0.942478  0.0270783  0.00435489
20.5  1.00531  0.0239598  0.00405621
20.5  1.06814  0.029005  0.00540489
20.5  1.13097  0.0295975  0.00523837
20.5  1.19381  0.0243328  0.00360486
20.5  1.25664  0.0269774  0.00464485
20.5  1.31947  0.0364644  0.00672532
20.5  1.3823  0.0279434  0.00530875
20.5  1.44513  0.0306703  0.00584675
20.5  1.50796  0.0258377  0.00407776
20.5  1.5708  0.0233983  0.00369304
20.5  1.63363  0.0296176  0.00459583
20.5  1.69646  0.0294675  0.0050631
20.5  1.75929  0.0274226  0.00513619
20.5  1.82212  0.0312268  0.0064774
20.5  1.88496  0.0288105  0.00484602
20.5  1.94779  0.0235742  0.00395002
20.5  2.01062  0.0297085  0.00425715
20.5  2.07345  0.0343513  0.00753503
20.5  2.13628  0.0256976  0.00295392
20.5  2.19911  0.0277012  0.00453423
20.5  2.26195  0.0267324  0.00342716
20.5  2.32478  0.0355398  0.00672113
20.5  2.38761  0.0402737  0.0131804
20.5  2.45044  0.0580953  0.0319181
20.5  2.51327  0.067533  0.0443707
20.5  2.57611  0.0974814  0.159193
20.5  2.63894  0.0892396  0.147636
20.5  2.70177  0  0
20.5  2.7646  0  0
20.5  2.82743  0  0
20.5  2.89027  0  0
20.5  2.9531  0  0
20.5  3.01593  0  0
20.5  3.07876  0  0
21  0  0  0
21  0.0628319  0  0
21  0.125664  0  0
21  0.188496  0  0
21  0.251327  0  0
21  0.314159  0  0
21  0.376991  0.258759  1.70226
21  0.439823  0.22316  0.218839
21  0.502655  0.071059  0.06486
21  0.565487  0.0716373  0.0505383
21  0.628319  0.0821897  0.0600206
21  0.69115  0.0521568  0.0187231
21  0.753982  0.038027  0.0114079
21  0.816814  0.0334588  0.00686846
21  0.879646  0.0325265  0.00544613
21  0.942478  0.0254024  0.00334606
21  1.00531  0.0324102  0.00597245
21  1.06814  0.0272356  0.00473044
21  1.13097  0.0305222  0.00701572
21  1.19381  0.0279068  0.00460034
21  1.25664  0.0272967  0.00479145
21  1.31947  0.0260719  0.00335695
21  1.3823  0.0338863  0.00651693
21  1.44513  0.0292164  0.00481885
21  1.50796  0.0259071  0.00383396
21  1.5708  0.0264416  0.00433986
21  1.63363  0.0328023  0.0058398
21  1.69646  0.0271355  0.00481029
21  1.75929  0.033997  0.00641706
21  1.82212  0.0285623  0.00536905
21  1.88496  0.0241484  0.00372437
21  1.94779  0.0282274  0.00479522
21  2.01062  0.0252037  0.00398147
21  2.07345  0.0319225  0.00602718
21  2.13628  0.0273206  0.00392277
21  2.19911  0.0305122  0.00497033
21  2.26195  0.0343914  0.00692508
21  2.32478  0.0446699  0.0114362
21  2.38761  0.0473381  0.0153294
21  2.45044  0.0515467  0.0249005
21  2.51327  0.0649662  0.0488052
21  2.57611  0.102169  0.151849
21  2.63894  0.124039  0.135499
21  2.70177  0.0158874  0.11658
21  2.7646  0  0
21  2.82743  0  0
21  2.89027  0  0
21  2.9531  0  0
21  3.01593  0  0
21  3.07876  0  0
21.5  0  0  0
21.5  0.0628319  0  0
21.5  0.125664  0  0
21.5  0.188496  0  0
21.5  0.251327  0  0
21.5  0.314159  0  0
21.5  0.376991  0.098605  0.080027
21.5  0.439823  0.0905838  0.141044
21.5  0.502655  0.0654689  0.0493124
21.5  0.565487  0.0825259  0.0661312
21.5  0.628319  0.0495202  0.0220294
21.5  0.69115  0.0508941  0.0191043
21.5  0.753982  0.029178  0.00480489
21.5  0.816814  0.0243875  0.00329226
21.5  0.879646  0.0233188  0.00258356
21.5  0.942478  0.0326773  0.00679228
21.5  1.00531  0.0280277  0.00436223
21.5  1.06814  0.0226266  0.00353592
21.5  1.13097  0.0327973  0.00768147
21.5  1.19381  0.0350754  0.0111246
21.5  1.25664  0.0277036  0.00449604
21.5  1.31947  0.0259664  0.0048721
21.5  1.3823  0.0318851  0.00560655
21.5  1.44513  0.0226901  0.00272842
21.5  1.50796  0.024376  0.00380045
21.5  1.5708  0.025476  0.00460696
21.5  1.63363  0.024725  0.00539503
21.5  1.69646  0.0296488  0.00489965
21.5  1.75929  0.0267907  0.00422589
21.5  1.82212  0.0274643  0.00469195
21.5  1.88496  0.0250713  0.00326246
21.5  1.94779  0.030465  0.00503582
21.5  2.01062  0.0296863  0.00541216
21.5  2.07345  0.0245363  0.00304287
21.5  2.13628  0.0300113  0.00485491
21.5  2.19911  0.0315927  0.00492286
21.5  2.26195  0.0372788  0.00751354
21.5  2.32478  0.0295814  0.00449945
21.5  2.38761  0.0414285  0.0116365
21.5  2.45044  0.0696236  0.0411196
21.5  2.51327  0.0485552  0.0255579
21.5  2.57611  0.0724133  0.0690618
21.5  2.63894  0.144591  0.140688
21.5  2.70177  0.1927  0.144071
21.5  2.7646  0  0
21.5  2.82743  0  0
21.5  2.89027  0  0
21.5  2.9531  0  0
21.5  3.01593  0  0
21.5  3.07876  0  0
22  0  0  0
22  0.0628319  0  0
22  0.125664  0  0
22  0.188496  0  0
22  0.251327  0  0
22  0.314159  0  0
22  0.376991  0.164079  0.0854218
22  0.439823  0.11749  0.147918
22  0.502655  0.0852628  0.0820192
22  0.565487  0.10234  0.15472
22  0.628319  0.0548593  0.0230096
22  0.69115  0.0407646  0.0134426
22  0.753982  0.0492842  0.0131536
22  0.816814  0.0278127  0.00398042
22  0.879646  0.031131  0.00637999
22  0.942478  0.0253962  0.00330714
22  1.00531  0.0335979  0.0066838
22  1.06814  0.0245525  0.00350627
22  1.13097  0.0343181  0.00679277
22  1.19381  0.0279407  0.00429819
22  1.25664  0.0249686  0.00374411
22  1.31947  0.02808  0.00452577
22  1.3823  0.029115  0.0055191
22  1.44513  0.0259007  0.00365853
22  1.50796  0.0215173  0.00356404
22  1.5708  0.0276353  0.00555473
22  1.63363  0.030317  0.00621517
22  1.69646  0.0232422  0.00382491
22  1.75929  0.0258445  0.00425941
22  1.82212  0.0329481  0.0078005
22  1.88496  0.0204004  0.00236657
22  1.94779  0.0299657  0.00519733
22  2.01062  0.0237792  0.00301886
22  2.07345  0.0274092  0.00462638
22  2.13628  0.0270248  0.00575419
22  2.19911  0.0305904  0.00523396
22  2.26195  0.0471834  0.0102277
22  2.32478  0.0423707  0.0085764
22  2.38761  0.0334461  0.00869574
22  2.45044  0.0806853  0.0438968
22  2.51327  0.0546204  0.0296847
22  2.57611  0.125111  0.152773
22  2.63894  0.0742488  0.138842
22  2.70177  0.131248  0.121741
22  2.7646  0  0
22  2.82743  0  0
22  2.89027  0  0
22  2.9531  0  0
22  3.01593  0  0
22  3.07876  0  0
22.5  0  0  0
22.5  0.0628319  0  0
22.5  0.125664  0  0
22.5  0.188496  0  0
22.5  0.251327  0  0
22.5  0.314159  0  0
22.5  0.376991  0.229402  0.126956
22.5  0.439823  0.0933798  0.145084
22.5  0.502655  0.092891  0.139905
22.5  0.565487  0.0744428  0.0510765
22.5  0.628319  0.0565504  0.0256802
22.5  0.69115  0.050066  0.0147461
22.5  0.753982  0.044008  0.00969183
22.5  0.816814  0.0388425  0.00730064
22.5  0.879646  0.0256458  0.00325768
22.5  0.942478  0.0241587  0.00276002
22.5  1.00531  0.0297256  0.00417613
22.5  1.06814  0.0320416  0.00624999
22.5  1.13097  0.0281678  0.00495333
22.5  1.19381  0.0254944  0.00418233
22.5  1.25664  0.0276018  0.0053637
22.5  1.31947  0.0283101  0.00483313
22.5  1.3823  0.0264302  0.00484515
22.5  1.44513  0.0334371  0.00946327
22.5  1.50796  0.0291994  0.00666042
22.5  1.5708  0.0335765  0.00665156
22.5  1.63363  0.0304966  0.00540342
22.5  1.69646  0.0262901  0.00437927
22.5  1.75929  0.02775  0.00486892
22.5  1.82212  0.0286488  0.00471951
22.5  1.88496  0.0264188  0.00384666
22.5  1.94779  0.0264866  0.00398093
22.5  2.01062  0.0311153  0.00580227
22.5  2.07345  0.0247428  0.00402219
22.5  2.13628  0.035346  0.00939526
22.5  2.19911  0.0313474  0.00766582
22.5  2.26195  0.028138  0.00422002
22.5  2.32478  0.0335047  0.00582283
22.5  2.38761  0.0486454  0.017418
22.5  2.45044  0.0593419  0.0282262
22.5  2.51327  0.0731216  0.0498193
22.5  2.57611  0.0653343  0.044474
22.5  2.63894  0.163887  0.186008
22.5  2.70177  0.197859  0.116659
22.5  2.7646  0  0
22.5  2.82743  0  0
22.5  2.89027  0  0
22.5  2.9531  0  0
22.5  3.01593  0  0
22.5  3.07876  0  0
23  0  0  0
23  0.0628319  0  0
23  0.125664  0  0
23  0.188496  0  0
23  0.251327  0  0
23  0.314159  0  0
23  0.376991  0.112086  0.0956349
23  0.439823  0.176942  0.135006
23  0.502655  0.0663255  0.0526226
23  0.565487  0.067784  0.0430677
23  0.628319  0.0480934  0.0185671
23  0.69115  0.0410996  0.00961545
23  0.753982  0.0451998  0.00978467
23  0.816814  0.0337978  0.00556392
23  0.879646  0.0251647  0.0030199
23  0.942478  0.0239175  0.00305799
23  1.00531  0.0293716  0.00612317
23  1.06814  0.029864  0.00510598
23  1.13097  0.0254091  0.00353263
23  1.19381  0.0303321  0.00638239
23  1.25664  0.0262606  0.00423821
23  1.31947  0.0269869  0.00501755
23  1.3823  0.0230731  0.00358426
23  1.44513  0.0297862  0.00603951
23  1.50796  0.0301671  0.00484297
23  1.5708  0.0248135  0.00393784
23  1.63363  0.0257316  0.00412111
23  1.69646  0.0258011  0.00420226
23  1.75929  0.0288241  0.00589978
23  1.82212  0.0289526  0.00430087
23  1.88496  0.0243271  0.00394592
23  1.94779  0.0278858  0.0044657
23  2.01062  0.0287165  0.00478019
23  2.07345  0.027055  0.00410434
23  2.13628  0.0280873  0.00429623
23  2.19911  0.0310689  0.00586266
23  2.26195  0.0302101  0.00469388
23  2.32478  0.043776  0.0128367
23  2.38761  0.0492249  0.0131425
23  2.45044  0.0594651  0.0235572
23  2.51327  0.0794318  0.0543167
23  2.57611  0.112659  0.162292
23  2.63894  0.140548  0.102067
23  2.70177  0.208481  0.107506
23  2.7646  0  0
23  2.82743  0  0
23  2.89027  0  0
23  2.9531  0  0
23  3.01593  0  0
23  3.07876  0  0
23.5  0  0  0
23.5  0.0628319  0  0
23.5  0.125664  0  0
23.5  0.188496  0  0
23.5  0.251327  0  0
23.5  0.314159  0  0
23.5  0.376991  0.0862232  0.12568
23.5  0.439823  0.100449  0.114152
23.5  0.502655  0.127453  0.125292
23.5  0.565487  0.0657539  0.0462391
23.5  0.628319  0.0701054  0.0350629
23.5  0.69115  0.0459651  0.0132434
23.5  0.753982  0.0365638  0.00696942
23.5  0.816814  0.0292481  0.00456766
23.5  0.879646  0.0332441  0.00501619
23.5  0.942478  0.0219458  0.00217038
23.5  1.00531  0.0251381  0.00384408
23.5  1.06814  0.0384054  0.00882886
23.5  1.13097  0.0246959  0.00305703
23.5  1.19381  0.0324389  0.00718738
23.5  1.25664  0.0247497  0.00310644
23.5  1.31947  0.024719  0.00369085
23.5  1.3823  0.0240565  0.0031321
23.5  1.44513  0.0238904  0.00336115
23.5  1.50796  0.0223279  0.00300671
23.5  1.5708  0.0241189  0.00350612
23.5  1.63363  0.028117  0.00522376
23.5  1.69646  0.0274219  0.00468613
23.5  1.75929  0.0310793  0.00619337
23.5  1.82212  0.0266777  0.00466286
23.5  1.88496  0.0266291  0.00384841
23.5  1.94779  0.0302157  0.00516003
23.5  2.01062  0.0288317  0.00430177
23.5  2.07345  0.0239059  0.00307676
23.5  2.13628  0.0231529  0.00272545
23.5  2.19911  0.0268888  0.00378092
23.5  2.26195  0.0347316  0.00624712
23.5  2.32478  0.0421829  0.0115243
23.5  2.38761  0.0528985  0.0185825
23.5  2.45044  0.0522635  0.0199353
23.5  2.51327  0.074802  0.044949
23.5  2.57611  0.084401  0.0824316
23.5  2.63894  0.107107  0.164783
23.5  2.70177  0.188465  0.13527
23.5  2.7646  0.251253  2.06969
23.5  2.82743  0  0
23.5  2.89027  0  0
23.5  2.9531  0  0
23.5  3.01593  0  0
23.5  3.07876  0  0
24  0  0  0
24  0.0628319  0  0
24  0.125664  0  0
24  0.188496  0  0
24  0.251327  0  0
24  0.314159  0  0
24  0.376991  0.137413  0.150751
24  0.439823  0.135472  0.143415
24  0.502655  0.0866824  0.142892
24  0.565487  0.0445438  0.0216812
24  0.628319  0.0745053  0.036098
24  0.69115  0.0434893  0.0212481
24  0.753982  0.0332819  0.00554451
24  0.816814  0.0345069  0.00592249
24  0.879646  0.0227156  0.00271122
24  0.942478  0.0222216  0.00241664
24  1.00531  0.0255496  0.00418893
24  1.06814  0.0281691  0.0039497
24  1.13097  0.0234655  0.00309211
24  1.19381  0.0249461  0.00400898
24  1.25664  0.0265073  0.00381767
24  1.31947  0.025763  0.00471192
24  1.3823  0.025465  0.00401883
24  1.44513  0.0317672  0.00586111
24  1.50796  0.0237289  0.00289638
24  1.5708  0.0296269  0.00534269
24  1.63363  0.0286286  0.00532461
24  1.69646  0.0210573  0.00307002
24  1.75929  0.0259531  0.00565949
24  1.82212  0.0288156  0.0054154
24  1.88496  0.0250796  0.00344647
24  1.94779  0.0285396  0.00457828
24  2.01062  0.0267906  0.00359022
24  2.07345  0.0318048  0.00624525
24  2.13628  0.0267726  0.0033991
24  2.19911  0.026452  0.00332543
24  2.26195  0.0293457  0.00425078
24  2.32478  0.0358501  0.00783018
24  2.38761  0.0641881  0.0218074
24  2.45044  0.0622989  0.0257222
24  2.51327  0.0723535  0.0482848
24  2.57611  0.105164  0.150464
24  2.63894  0.0974442  0.16109
24  2.70177  0.222768  0.19858
24  2.7646  0  0
24  2.82743  0  0
24  2.89027  0  0
24  2.9531  0  0
24  3.01593  0  0
24  3.07876  0  0
24.5  0  0  0
24.5  0.0628319  0  0
24.5  0.125664  0  0
24.5  0.188496  0  0
24.5  0.251327  0  0
24.5  0.314159  0.248274  2.04347
24.5  0.376991  0.283167  0.275065
24.5  0.439823  0.118125  0.14859
24.5  0.502655  0.0997754  0.15529
24.5  0.565487  0.0526056  0.0291665
24.5  0.628319  0.0674761  0.0307559
24.5  0.69115  0.0651964  0.0235311
24.5  0.753982  0.0343723  0.008651
24.5  0.816814  0.0327461  0.00525009
24.5  0.879646  0.023399  0.00252823
24.5  0.942478  0.0235552  0.00268078
24.5  1.00531  0.0269304  0.00377375
24.5  1.06814  0.0294811  0.00484125
24.5  1.13097  0.027144  0.00398088
24.5  1.19381  0.0287764  0.00585616
24.5  1.25664  0.0261854  0.00422778
24.5  1.31947  0.0289823  0.00561501
24.5  1.3823  0.02395  0.0030553
24.5  1.44513  0.0230878  0.00352001
24.5  1.50796  0.0244163  0.00358355
24.5  1.5708  0.0280682  0.00469364
24.5  1.63363  0.0285534  0.00486424
24.5  1.69646  0.02758  0.00459795
24.5  1.75929  0.0240941  0.00327797
24.5  1.82212  0.0293686  0.00514553
24.5  1.88496  0.0290398  0.00414698
24.5  1.94779  0.0260292  0.00375883
24.5  2.01062  0.0296631  0.00479463
24.5  2.07345  0.0262827  0.00350247
24.5  2.13628  0.0265063  0.00413346
24.5  2.19911  0.0316318  0.00457051
24.5  2.26195  0.0285684  0.00378702
24.5  2.32478  0.035577  0.00927159
24.5  2.38761  0.0519821  0.0151566
24.5  2.45044  0.0840583  0.046085
24.5  2.51327  0.0570029  0.0326147
24.5  2.57611  0.086989  0.0691314
24.5  2.63894  0.113786  0.123244
24.5  2.70177  0.260225  0.253318
24.5  2.7646  0  0
24.5  2.82743  0  0
24.5  2.89027  0  0
24.5  2.9531  0  0
24.5  3.01593  0  0
24.5  3.07876  0  0
