4  0  0  0
4  0.0628319  0  0
4  0.125664  0  0
4  0.188496  0  0
4  0.251327  0  0
4  0.314159  0  0
4  0.376991  0  0
4  0.439823  0  0
4  0.502655  0  0
4  0.565487  0  0
4  0.628319  0  0
4  0.69115  0  0
4  0.753982  0  0
4  0.816814  0  0
4  0.879646  0  0
4  0.942478  0  0
4  1.00531  0  0
4  1.06814  0  0
4  1.13097  0  0
4  1.19381  0  0
4  1.25664  0  0
4  1.31947  0  0
4  1.3823  0  0
4  1.44513  0  0
4  1.50796  0  0
4  1.5708  0  0
4  1.63363  0  0
4  1.69646  0  0
4  1.75929  0  0
4  1.82212  0  0
4  1.88496  0  0
4  1.94779  0  0
4  2.01062  0  0
4  2.07345  0  0
4  2.13628  0  0
4  2.19911  0  0
4  2.26195  0  0
4  2.32478  0  0
4  2.38761  0  0
4  2.45044  0  0
4  2.51327  0  0
4  2.57611  0  0
4  2.63894  0  0
4  2.70177  0  0
4  2.7646  0  0
4  2.82743  0  0
4  2.89027  0  0
4  2.9531  0  0
4  3.01593  0  0
4  3.07876  0  0
4.5  0  0  0
4.5  0.0628319  0  0
4.5  0.125664  0  0
4.5  0.188496  0  0
4.5  0.251327  0  0
4.5  0.314159  0  0
4.5  0.376991  0  0
4.5  0.439823  0  0
4.5  0.502655  0  0
4.5  0.565487  0  0
4.5  0.628319  0  0
4.5  0.69115  0  0
4.5  0.753982  0  0
4.5  0.816814  0  0
4.5  0.879646  0  0
4.5  0.942478  0  0
4.5  1.00531  0  0
4.5  1.06814  0  0
4.5  1.13097  0  0
4.5  1.19381  0  0
4.5  1.25664  0  0
4.5  1.31947  0  0
4.5  1.3823  0  0
4.5  1.44513  0  0
4.5  1.50796  0  0
4.5  1.5708  0  0
4.5  1.63363  0  0
4.5  1.69646  0  0
4.5  1.75929  0  0
4.5  1.82212  0  0
4.5  1.88496  0  0
4.5  1.94779  0  0
4.5  2.01062  0  0
4.5  2.07345  0  0
4.5  2.13628  0  0
4.5  2.19911  0  0
4.5  2.26195  0  0
4.5  2.32478  0  0
4.5  2.38761  0  0
4.5  2.45044  0  0
4.5  2.51327  0  0
4.5  2.57611  0  0
4.5  2.63894  0  0
4.5  2.70177  0  0
4.5  2.7646  0  0
4.5  2.82743  0  0
4.5  2.89027  0  0
4.5  2.9531  0  0
4.5  3.01593  0  0
4.5  3.07876  0  0
5  0  0  0
5  0.0628319  0  0
5  0.125664  0  0
5  0.188496  0  0
5  0.251327  0  0
5  0.314159  0  0
5  0.376991  0  0
5  0.439823  0  0
5  0.502655  0  0
5  0.565487  0  0
5  0.628319  0  0
5  0.69115  0  0
5  0.753982  0  0
5  0.816814  0  0
5  0.879646  0  0
5  0.942478  0  0
5  1.00531  0  0
5  1.06814  0  0
5  1.13097  0  0
5  1.19381  0  0
5  1.25664  0  0
5  1.31947  0  0
5  1.3823  0  0
5  1.44513  0  0
5  1.50796  0  0
5  1.5708  0  0
5  1.63363  0  0
5  1.69646  0  0
5  1.75929  0  0
5  1.82212  0  0
5  1.88496  0  0
5  1.94779  0  0
5  2.01062  0  0
5  2.07345  0  0
5  2.13628  0  0
5  2.19911  0  0
5  2.26195  0  0
5  2.32478  0  0
5  2.38761  0  0
5  2.45044  0  0
5  2.51327  0  0
5  2.57611  0  0
5  2.63894  0  0
5  2.70177  0  0
5  2.7646  0  0
5  2.82743  0  0
5  2.89027  0  0
5  2.9531  0  0
5  3.01593  0  0
5  3.07876  0  0
5.5  0  0  0
5.5  0.0628319  0  0
5.5  0.125664  0  0
5.5  0.188496  0  0
5.5  0.251327  0  0
5.5  0.314159  0  0
5.5  0.376991  0  0
5.5  0.439823  0  0
5.5  0.502655  0  0
5.5  0.565487  0  0
5.5  0.628319  0  0
5.5  0.69115  0  0
5.5  0.753982  0  0
5.5  0.816814  0  0
5.5  0.879646  0  0
5.5  0.942478  0  0
5.5  1.00531  0  0
5.5  1.06814  0  0
5.5  1.13097  0  0
5.5  1.19381  0  0
5.5  1.25664  0  0
5.5  1.31947  0  0
5.5  1.3823  0  0
5.5  1.44513  0  0
5.5  1.50796  0  0
5.5  1.5708  0  0
5.5  1.63363  0  0
5.5  1.69646  0  0
5.5  1.75929  0  0
5.5  1.82212  0  0
5.5  1.88496  0  0
5.5  1.94779  0  0
5.5  2.01062  0  0
5.5  2.07345  0  0
5.5  2.13628  0  0
5.5  2.19911  0  0
5.5  2.26195  0  0
5.5  2.32478  0  0
5.5  2.38761  0  0
5.5  2.45044  0  0
5.5  2.51327  0  0
5.5  2.57611  0  0
5.5  2.63894  0  0
5.5  2.70177  0  0
5.5  2.7646  0  0
5.5  2.82743  0  0
5.5  2.89027  0  0
5.5  2.9531  0  0
5.5  3.01593  0  0
5.5  3.07876  0  0
6  0  0  0
6  0.0628319  0  0
6  0.125664  0  0
6  0.188496  0  0
6  0.251327  0  0
6  0.314159  0  0
6  0.376991  0  0
6  0.439823  0  0
6  0.502655  0  0
6  0.565487  0  0
6  0.628319  0  0
6  0.69115  0  0
6  0.753982  0  0
6  0.816814  0  0
6  0.879646  0  0
6  0.942478  0  0
6  1.00531  0  0
6  1.06814  0  0
6  1.13097  0  0
6  1.19381  0  0
6  1.25664  0  0
6  1.31947  0  0
6  1.3823  0  0
6  1.44513  0  0
6  1.50796  0  0
6  1.5708  0  0
6  1.63363  0  0
6  1.69646  0  0
6  1.75929  0  0
6  1.82212  0  0
6  1.88496  0  0
6  1.94779  0  0
6  2.01062  0  0
6  2.07345  0  0
6  2.13628  0  0
6  2.19911  0  0
6  2.26195  0  0
6  2.32478  0  0
6  2.38761  0  0
6  2.45044  0  0
6  2.51327  0  0
6  2.57611  0  0
6  2.63894  0  0
6  2.70177  0  0
6  2.7646  0  0
6  2.82743  0  0
6  2.89027  0  0
6  2.9531  0  0
6  3.01593  0  0
6  3.07876  0  0
6.5  0  0  0
6.5  0.0628319  0  0
6.5  0.125664  0  0
6.5  0.188496  0  0
6.5  0.251327  0  0
6.5  0.314159  0  0
6.5  0.376991  0  0
6.5  0.439823  0  0
6.5  0.502655  0  0
6.5  0.565487  0  0
6.5  0.628319  0  0
6.5  0.69115  0  0
6.5  0.753982  0  0
6.5  0.816814  0  0
6.5  0.879646  0  0
6.5  0.942478  0  0
6.5  1.00531  0  0
6.5  1.06814  0  0
6.5  1.13097  0  0
6.5  1.19381  0  0
6.5  1.25664  0  0
6.5  1.31947  0  0
6.5  1.3823  0  0
6.5  1.44513  0  0
6.5  1.50796  0  0
6.5  1.5708  0  0
6.5  1.63363  0  0
6.5  1.69646  0  0
6.5  1.75929  0  0
6.5  1.82212  0  0
6.5  1.88496  0  0
6.5  1.94779  0  0
6.5  2.01062  0  0
6.5  2.07345  0  0
6.5  2.13628  0  0
6.5  2.19911  0  0
6.5  2.26195  0  0
6.5  2.32478  0  0
6.5  2.38761  0  0
6.5  2.45044  0  0
6.5  2.51327  0  0
6.5  2.57611  0  0
6.5  2.63894  0  0
6.5  2.70177  0  0
6.5  2.7646  0  0
6.5  2.82743  0  0
6.5  2.89027  0  0
6.5  2.9531  0  0
6.5  3.01593  0  0
6.5  3.07876  0  0
7  0  0  0
7  0.0628319  0  0
7  0.125664  0  0
7  0.188496  0  0
7  0.251327  0  0
7  0.314159  0  0
7  0.376991  0  0
7  0.439823  0  0
7  0.502655  0  0
7  0.565487  0  0
7  0.628319  0  0
7  0.69115  0  0
7  0.753982  0  0
7  0.816814  0  0
7  0.879646  0  0
7  0.942478  0  0
7  1.00531  0  0
7  1.06814  0  0
7  1.13097  0  0
7  1.19381  0  0
7  1.25664  0  0
7  1.31947  0  0
7  1.3823  0  0
7  1.44513  0  0
7  1.50796  0  0
7  1.5708  0  0
7  1.63363  0  0
7  1.69646  0  0
7  1.75929  0  0
7  1.82212  0  0
7  1.88496  0  0
7  1.94779  0  0
7  2.01062  0  0
7  2.07345  0  0
7  2.13628  0  0
7  2.19911  0  0
7  2.26195  0  0
7  2.32478  0  0
7  2.38761  0  0
7  2.45044  0  0
7  2.51327  0  0
7  2.57611  0  0
7  2.63894  0  0
7  2.70177  0  0
7  2.7646  0  0
7  2.82743  0  0
7  2.89027  0  0
7  2.9531  0  0
7  3.01593  0  0
7  3.07876  0  0
7.5  0  0  0
7.5  0.0628319  0  0
7.5  0.125664  0  0
7.5  0.188496  0  0
7.5  0.251327  0  0
7.5  0.314159  0  0
7.5  0.376991  0  0
7.5  0.439823  0  0
7.5  0.502655  0  0
7.5  0.565487  0  0
7.5  0.628319  0  0
7.5  0.69115  0  0
7.5  0.753982  0  0
7.5  0.816814  0  0
7.5  0.879646  0  0
7.5  0.942478  0  0
7.5  1.00531  0  0
7.5  1.06814  0  0
7.5  1.13097  0  0
7.5  1.19381  0  0
7.5  1.25664  0  0
7.5  1.31947  0  0
7.5  1.3823  0  0
7.5  1.44513  0  0
7.5  1.50796  0  0
7.5  1.5708  0  0
7.5  1.63363  0  0
7.5  1.69646  0  0
7.5  1.75929  0  0
7.5  1.82212  0  0
7.5  1.88496  0  0
7.5  1.94779  0  0
7.5  2.01062  0  0
7.5  2.07345  0  0
7.5  2.13628  0  0
7.5  2.19911  0  0
7.5  2.26195  0  0
7.5  2.32478  0  0
7.5  2.38761  0  0
7.5  2.45044  0  0
7.5  2.51327  0  0
7.5  2.57611  0  0
7.5  2.63894  0  0
7.5  2.70177  0  0
7.5  2.7646  0  0
7.5  2.82743  0  0
7.5  2.89027  0  0
7.5  2.9531  0  0
7.5  3.01593  0  0
7.5  3.07876  0  0
8  0  0  0
8  0.0628319  0  0
8  0.125664  0  0
8  0.188496  0  0
8  0.251327  0  0
8  0.314159  0  0
8  0.376991  0  0
8  0.439823  0  0
8  0.502655  0  0
8  0.565487  0  0
8  0.628319  0  0
8  0.69115  0  0
8  0.753982  0  0
8  0.816814  0  0
8  0.879646  0  0
8  0.942478  0  0
8  1.00531  0  0
8  1.06814  0  0
8  1.13097  0  0
8  1.19381  0  0
8  1.25664  0.258759  1.70226
8  1.31947  0.102603  0.135345
8  1.3823  0.100084  0.12526
8  1.44513  0.0520522  0.0406258
8  1.50796  0.0513401  0.0342243
8  1.5708  0.139912  0.143034
8  1.63363  0.0727381  0.0745509
8  1.69646  0.0558029  0.0495967
8  1.75929  0.169728  0.0977708
8  1.82212  0.243277  2.336
8  1.88496  0  0
8  1.94779  0  0
8  2.01062  0  0
8  2.07345  0  0
8  2.13628  0  0
8  2.19911  0  0
8  2.26195  0  0
8  2.32478  0  0
8  2.38761  0  0
8  2.45044  0  0
8  2.51327  0  0
8  2.57611  0  0
8  2.63894  0  0
8  2.70177  0  0
8  2.7646  0  0
8  2.82743  0  0
8  2.89027  0  0
8  2.9531  0  0
8  3.01593  0  0
8  3.07876  0  0
8.5  0  0  0
8.5  0.0628319  0  0
8.5  0.125664  0  0
8.5  0.188496  0  0
8.5  0.251327  0  0
8.5  0.314159  0  0
8.5  0.376991  0  0
8.5  0.439823  0  0
8.5  0.502655  0  0
8.5  0.565487  0  0
8.5  0.628319  0  0
8.5  0.69115  0  0
8.5  0.753982  0  0
8.5  0.816814  0  0
8.5  0.879646  0  0
8.5  0.942478  0  0
8.5  1.00531  0  0
8.5  1.06814  0.177147  0.0937946
8.5  1.13097  0.0687432  0.0676562
8.5  1.19381  0.0449262  0.0170877
8.5  1.25664  0.0434004  0.0133703
8.5  1.31947  0.0473069  0.0133011
8.5  1.3823  0.0392327  0.00888944
8.5  1.44513  0.032446  0.00570997
8.5  1.50796  0.035514  0.00629104
8.5  1.5708  0.0357587  0.00748933
8.5  1.63363  0.0354263  0.00643931
8.5  1.69646  0.0377693  0.00792633
8.5  1.75929  0.0297863  0.00497175
8.5  1.82212  0.039262  0.00923489
8.5  1.88496  0.0464188  0.0150782
8.5  1.94779  0.0582817  0.0621219
8.5  2.01062  0.0957093  0.056983
8.5  2.07345  0  0
8.5  2.13628  0  0
8.5  2.19911  0  0
8.5  2.26195  0  0
8.5  2.32478  0  0
8.5  2.38761  0  0
8.5  2.45044  0  0
8.5  2.51327  0  0
8.5  2.57611  0  0
8.5  2.63894  0  0
8.5  2.70177  0  0
8.5  2.7646  0  0
8.5  2.82743  0  0
8.5  2.89027  0  0
8.5  2.9531  0  0
8.5  3.01593  0  0
8.5  3.07876  0  0
9  0  0  0
9  0.0628319  0  0
9  0.125664  0  0
9  0.188496  0  0
9  0.251327  0  0
9  0.314159  0  0
9  0.376991  0  0
9  0.439823  0  0
9  0.502655  0  0
9  0.565487  0  0
9  0.628319  0  0
9  0.69115  0  0
9  0.753982  0  0
9  0.816814  0  0
9  0.879646  0  0
9  0.942478  0.192339  0.140472
9  1.00531  0.0762448  0.0674431
9  1.06814  0.0457016  0.0116827
9  1.13097  0.0319855  0.00483276
9  1.19381  0.0359618  0.00630922
9  1.25664  0.0313558  0.00523467
9  1.31947  0.0398771  0.00892577
9  1.3823  0.0340382  0.00680407
9  1.44513  0.0320554  0.00544426
9  1.50796  0.0334388  0.00642012
9  1.5708  0.0315836  0.00610352
9  1.63363  0.0364328  0.00662505
9  1.69646  0.0340223  0.00630678
9  1.75929  0.0389378  0.00844903
9  1.82212  0.0318307  0.00504949
9  1.88496  0.0352817  0.00646312
9  1.94779  0.0326265  0.00510598
9  2.01062  0.0359397  0.00710315
9  2.07345  0.0639104  0.0414746
9  2.13628  0.273447  0.160517
9  2.19911  0  0
9  2.26195  0  0
9  2.32478  0  0
9  2.38761  0  0
9  2.45044  0  0
9  2.51327  0  0
9  2.57611  0  0
9  2.63894  0  0
9  2.70177  0  0
9  2.7646  0  0
9  2.82743  0  0
9  2.89027  0  0
9  2.9531  0  0
9  3.01593  0  0
9  3.07876  0  0
9.5  0  0  0
9.5  0.0628319  0  0
9.5  0.125664  0  0
9.5  0.188496  0  0
9.5  0.251327  0  0
9.5  0.314159  0  0
9.5  0.376991  0  0
9.5  0.439823  0  0
9.5  0.502655  0  0
9.5  0.565487  0  0
9.5  0.628319  0  0
9.5  0.69115  0  0
9.5  0.753982  0  0
9.5  0.816814  0  0
9.5  0.879646  0.0654298  0.0681845
9.5  0.942478  0.0366872  0.00708433
9.5  1.00531  0.0354081  0.00566586
9.5  1.06814  0.0315443  0.00505191
9.5  1.13097  0.0343663  0.00564408
9.5  1.19381  0.0321647  0.00612814
9.5  1.25664  0.0343424  0.00670942
9.5  1.31947  0.0318688  0.00538083
9.5  1.3823  0.0291316  0.00464165
9.5  1.44513  0.029804  0.00494279
9.5  1.50796  0.0309676  0.00578221
9.5  1.5708  0.037343  0.00793659
9.5  1.63363  0.0298661  0.00497848
9.5  1.69646  0.0357736  0.00720349
9.5  1.75929  0.0353392  0.00688656
9.5  1.82212  0.0356344  0.0067093
9.5  1.88496  0.0381995  0.00791961
9.5  1.94779  0.0346163  0.00666019
9.5  2.01062  0.0397826  0.00891993
9.5  2.07345  0.0389305  0.00778658
9.5  2.13628  0.0403597  0.00826498
9.5  2.19911  0.0723581  0.0629505
9.5  2.26195  0.021125  0.155013
9.5  2.32478  0  0
9.5  2.38761  0  0
9.5  2.45044  0  0
9.5  2.51327  0  0
9.5  2.57611  0  0
9.5  2.63894  0  0
9.5  2.70177  0  0
9.5  2.7646  0  0
9.5  2.82743  0  0
9.5  2.89027  0  0
9.5  2.9531  0  0
9.5  3.01593  0  0
9.5  3.07876  0  0
10  0  0  0
10  0.0628319  0  0
10  0.125664  0  0
10  0.188496  0  0
10  0.251327  0  0
10  0.314159  0  0
10  0.376991  0  0
10  0.439823  0  0
10  0.502655  0  0
10  0.565487  0  0
10  0.628319  0  0
10  0.69115  0  0
10  0.753982  0.269672  0.222328
10  0.816814  0.0873235  0.0727093
10  0.879646  0.0396357  0.0071187
10  0.942478  0.037794  0.0063653
10  1.00531  0.0354418  0.0052648
10  1.06814  0.0337228  0.00591033
10  1.13097  0.0367836  0.00656982
10  1.19381  0.0312671  0.00555807
10  1.25664  0.0304243  0.00534445
10  1.31947  0.0326788  0.00589488
10  1.3823  0.0324241  0.00549362
10  1.44513  0.0305618  0.00557849
10  1.50796  0.0308104  0.00649251
10  1.5708  0.0348754  0.00717567
10  1.63363  0.0309877  0.00522414
10  1.69646  0.032165  0.00612855
10  1.75929  0.0279462  0.00502932
10  1.82212  0.0356833  0.00759489
10  1.88496  0.0379786  0.00762703
10  1.94779  0.0306004  0.00485243
10  2.01062  0.0337591  0.00526968
10  2.07345  0.0353096  0.00610379
10  2.13628  0.0310809  0.00414711
10  2.19911  0.0379069  0.00587169
10  2.26195  0.0679287  0.0451634
10  2.32478  0.0103006  0.0755846
10  2.38761  0  0
10  2.45044  0  0
10  2.51327  0  0
10  2.57611  0  0
10  2.63894  0  0
10  2.70177  0  0
10  2.7646  0  0
10  2.82743  0  0
10  2.89027  0  0
10  2.9531  0  0
10  3.01593  0  0
10  3.07876  0  0
10.5  0  0  0
10.5  0.0628319  0  0
10.5  0.125664  0  0
10.5  0.188496  0  0
10.5  0.251327  0  0
10.5  0.314159  0  0
10.5  0.376991  0  0
10.5  0.439823  0  0
10.5  0.502655  0  0
10.5  0.565487  0.247145  2.30422
10.5  0.628319  0  0
10.5  0.69115  0.255588  1.93323
10.5  0.753982  0.0680777  0.0526935
10.5  0.816814  0.040043  0.0073943
10.5  0.879646  0.0286708  0.00396345
10.5  0.942478  0.0343483  0.00501231
10.5  1.00531  0.0350061  0.00654052
10.5  1.06814  0.0300733  0.00460776
10.5  1.13097  0.0350302  0.00612373
10.5  1.19381  0.0268927  0.00365923
10.5  1.25664  0.0329228  0.00605031
10.5  1.31947  0.0313999  0.00627227
10.5  1.3823  0.0397131  0.0110641
10.5  1.44513  0.0269492  0.00435266
10.5  1.50796  0.0298415  0.00575953
10.5  1.5708  0.0295895  0.00529895
10.5  1.63363  0.0303943  0.00584414
10.5  1.69646  0.0275561  0.00422387
10.5  1.75929  0.0287468  0.00517431
10.5  1.82212  0.0329829  0.0065655
10.5  1.88496  0.0346421  0.00603107
10.5  1.94779  0.0340993  0.0064393
10.5  2.01062  0.0306193  0.00517068
10.5  2.07345  0.0302074  0.00426251
10.5  2.13628  0.0343631  0.00542743
10.5  2.19911  0.0333965  0.00496515
10.5  2.26195  0.0316047  0.0050042
10.5  2.32478  0.232971  0.20831
10.5  2.38761  0.245588  1.72323
10.5  2.45044  0  0
10.5  2.51327  0  0
10.5  2.57611  0  0
10.5  2.63894  0  0
10.5  2.70177  0  0
10.5  2.7646  0  0
10.5  2.82743  0  0
10.5  2.89027  0  0
10.5  2.9531  0  0
10.5  3.01593  0  0
10.5  3.07876  0  0
11  0  0  0
11  0.0628319  0  0
11  0.125664  0  0
11  0.188496  0  0
11  0.251327  0  0
11  0.314159  0  0
11  0.376991  0  0
11  0.439823  0  0
11  0.502655  0  0
11  0.565487  0  0
11  0.628319  0  0
11  0.69115  0.241474  0.208308
11  0.753982  0.039563  0.00799123
11  0.816814  0.0390676  0.0066988
11  0.879646  0.0289522  0.00416279
11  0.942478  0.0359818  0.00576431
11  1.00531  0.0260558  0.00341593
11  1.06814  0.0314373  0.0049453
11  1.13097  0.0273141  0.00385013
11  1.19381  0.0295804  0.00427278
11  1.25664  0.0304664  0.00449494
11  1.31947  0.0323944  0.00790348
11  1.3823  0.0280326  0.00443767
11  1.44513  0.026524  0.00428775
11  1.50796  0.0327802  0.00635731
11  1.5708  0.0294872  0.00511067
11  1.63363  0.0335935  0.00597197
11  1.69646  0.0303915  0.00585961
11  1.75929  0.031054  0.00555432
11  1.82212  0.0299092  0.00509016
11  1.88496  0.0366881  0.00755745
11  1.94779  0.0295856  0.00451492
11  2.01062  0.0279302  0.00404781
11  2.07345  0.0308308  0.00563539
11  2.13628  0.0291544  0.00390334
11  2.19911  0.0340638  0.00498621
11  2.26195  0.037441  0.00717452
11  2.32478  0.0379906  0.00689906
11  2.38761  0.119906  0.144425
11  2.45044  0  0
11  2.51327  0  0
11  2.57611  0  0
11  2.63894  0  0
11  2.70177  0  0
11  2.7646  0  0
11  2.82743  0  0
11  2.89027  0  0
11  2.9531  0  0
11  3.01593  0  0
11  3.07876  0  0
11.5  0  0  0
11.5  0.0628319  0  0
11.5  0.125664  0  0
11.5  0.188496  0  0
11.5  0.251327  0  0
11.5  0.314159  0  0
11.5  0.376991  0  0
11.5  0.439823  0  0
11.5  0.502655  0  0
11.5  0.565487  0  0
11.5  0.628319  0.191742  0.189703
11.5  0.69115  0.0620787  0.0356652
11.5  0.753982  0.0403693  0.00827328
11.5  0.816814  0.0342673  0.00530497
11.5  0.879646  0.0322552  0.00480379
11.5  0.942478  0.0315841  0.00476627
11.5  1.00531  0.0317408  0.00463971
11.5  1.06814  0.0342419  0.00565571
11.5  1.13097  0.0299727  0.00559279
11.5  1.19381  0.0311624  0.00646892
11.5  1.25664  0.0302893  0.00503118
11.5  1.31947  0.0263045  0.0036525
11.5  1.3823  0.0322265  0.00566442
11.5  1.44513  0.0315098  0.00625478
11.5  1.50796  0.0273029  0.00400263
11.5  1.5708  0.0333736  0.00679239
11.5  1.63363  0.0265052  0.00436539
11.5  1.69646  0.0271299  0.0042058
11.5  1.75929  0.0262955  0.00425507
11.5  1.82212  0.0310386  0.00658195
11.5  1.88496  0.031453  0.00529428
11.5  1.94779  0.0302252  0.00511958
11.5  2.01062  0.0300681  0.00429254
11.5  2.07345  0.0308145  0.00434351
11.5  2.13628  0.0360925  0.00607521
11.5  2.19911  0.0289535  0.00400966
11.5  2.26195  0.0387797  0.00728755
11.5  2.32478  0.0440249  0.00923505
11.5  2.38761  0.0645428  0.0338784
11.5  2.45044  0.23538  0.22563
11.5  2.51327  0  0
11.5  2.57611  0  0
11.5  2.63894  0  0
11.5  2.70177  0  0
11.5  2.7646  0  0
11.5  2.82743  0  0
11.5  2.89027  0  0
11.5  2.9531  0  0
11.5  3.01593  0  0
11.5  3.07876  0  0
12  0  0  0
12  0.0628319  0  0
12  0.125664  0  0
12  0.188496  0  0
12  0.251327  0  0
12  0.314159  0  0
12  0.376991  0  0
12  0.439823  0  0
12  0.502655  0  0
12  0.565487  0.258759  1.70226
12  0.628319  0.114381  0.124255
12  0.69115  0.0531919  0.0187619
12  0.753982  0.0357065  0.00716151
12  0.816814  0.0356548  0.00583834
12  0.879646  0.0316727  0.0047935
12  0.942478  0.033778  0.00549172
12  1.00531  0.0291147  0.00454024
12  1.06814  0.0348599  0.00684596
12  1.13097  0.0326384  0.00536817
12  1.19381  0.0275107  0.00478919
12  1.25664  0.0287699  0.00515894
12  1.31947  0.0308031  0.00563659
12  1.3823  0.0280092  0.00443988
12  1.44513  0.0252475  0.00345594
12  1.50796  0.0270401  0.00443564
12  1.5708  0.0284055  0.00501563
12  1.63363  0.0318479  0.00700636
12  1.69646  0.0283347  0.00491711
12  1.75929  0.0301947  0.00538802
12  1.82212  0.0287255  0.0042565
12  1.88496  0.0285162  0.00429251
12  1.94779  0.0299823  0.00481158
12  2.01062  0.0343337  0.00669514
12  2.07345  0.0287523  0.00437267
12  2.13628  0.0297949  0.0040809
12  2.19911  0.031219  0.00455339
12  2.26195  0.0442101  0.0107045
12  2.32478  0.0445048  0.00920563
12  2.38761  0.0585906  0.0222672
12  2.45044  0.0822913  0.0857097
12  2.51327  0  0
12  2.57611  0  0
12  2.63894  0  0
12  2.70177  0  0
12  2.7646  0  0
12  2.82743  0  0
12  2.89027  0  0
12  2.9531  0  0
12  3.01593  0  0
12  3.07876  0  0
12.5  0  0  0
12.5  0.0628319  0  0
12.5  0.125664  0  0
12.5  0.188496  0  0
12.5  0.251327  0  0
12.5  0.314159  0  0
12.5  0.376991  0  0
12.5  0.439823  0  0
12.5  0.502655  0  0
12.5  0.565487  0.0330318  0.0699734
12.5  0.628319  0.0825001  0.0596213
12.5  0.69115  0.0479951  0.013403
12.5  0.753982  0.034947  0.00588384
12.5  0.816814  0.0311062  0.00459081
12.5  0.879646  0.0333403  0.00492229
12.5  0.942478  0.0284749  0.00401484
12.5  1.00531  0.0278805  0.00377601
12.5  1.06814  0.0301929  0.00486588
12.5  1.13097  0.0253244  0.00315252
12.5  1.19381  0.0270152  0.00442546
12.5  1.25664  0.0312024  0.00572791
12.5  1.31947  0.0305619  0.00602706
12.5  1.3823  0.0258496  0.00372858
12.5  1.44513  0.027975  0.00464897
12.5  1.50796  0.0291289  0.00453384
12.5  1.5708  0.032838  0.00698416
12.5  1.63363  0.0221998  0.00331904
12.5  1.69646  0.0284394  0.00413679
12.5  1.75929  0.0292997  0.00489578
12.5  1.82212  0.0243189  0.00400705
12.5  1.88496  0.0313937  0.00579549
12.5  1.94779  0.0275558  0.00410972
12.5  2.01062  0.0298675  0.00518062
12.5  2.07345  0.0260738  0.00359271
12.5  2.13628  0.026129  0.00322479
12.5  2.19911  0.0332867  0.00538562
12.5  2.26195  0.0350518  0.00583813
12.5  2.32478  0.038447  0.00831114
12.5  2.38761  0.0532385  0.0185975
12.5  2.45044  0.0681821  0.0426692
12.5  2.51327  0.216517  0.108418
12.5  2.57611  0  0
12.5  2.63894  0  0
12.5  2.70177  0  0
12.5  2.7646  0  0
12.5  2.82743  0  0
12.5  2.89027  0  0
12.5  2.9531  0  0
12.5  3.01593  0  0
12.5  3.07876  0  0
13  0  0  0
13  0.0628319  0  0
13  0.125664  0  0
13  0.188496  0  0
13  0.251327  0  0
13  0.314159  0  0
13  0.376991  0  0
13  0.439823  0  0
13  0.502655  0  0
13  0.565487  0.216659  0.190156
13  0.628319  0.0814837  0.0584857
13  0.69115  0.0407741  0.00991997
13  0.753982  0.0347594  0.00607899
13  0.816814  0.0321723  0.00531176
13  0.879646  0.0287387  0.00408193
13  0.942478  0.0290149  0.00394369
13  1.00531  0.0289851  0.00474514
13  1.06814  0.0309159  0.00516362
13  1.13097  0.0301102  0.00497981
13  1.19381  0.0271081  0.00408622
13  1.25664  0.024109  0.00372273
13  1.31947  0.0319877  0.00593394
13  1.3823  0.0281367  0.00456476
13  1.44513  0.0256283  0.00420848
13  1.50796  0.0243299  0.00335868
13  1.5708  0.0288987  0.00470299
13  1.63363  0.0287987  0.00556273
13  1.69646  0.0268381  0.00430311
13  1.75929  0.030417  0.0056057
13  1.82212  0.0287522  0.00482132
13  1.88496  0.0278084  0.00498723
13  1.94779  0.0261108  0.00427741
13  2.01062  0.0302551  0.00545935
13  2.07345  0.0275254  0.0037794
13  2.13628  0.0275385  0.00324994
13  2.19911  0.0259906  0.00313277
13  2.26195  0.0358226  0.00626543
13  2.32478  0.0322986  0.00637592
13  2.38761  0.0469133  0.0141669
13  2.45044  0.0730014  0.0430074
13  2.51327  0.0995389  0.124354
13  2.57611  0.258759  1.70225
13  2.63894  0  0
13  2.70177  0  0
13  2.7646  0  0
13  2.82743  0  0
13  2.89027  0  0
13  2.9531  0  0
13  3.01593  0  0
13  3.07876  0  0
13.5  0  0  0
13.5  0.0628319  0  0
13.5  0.125664  0  0
13.5  0.188496  0  0
13.5  0.251327  0  0
13.5  0.314159  0  0
13.5  0.376991  0  0
13.5  0.439823  0  0
13.5  0.502655  0.00471385  0.0345896
13.5  0.565487  0.0685404  0.0558286
13.5  0.628319  0.0597768  0.0277989
13.5  0.69115  0.0495975  0.018159
13.5  0.753982  0.0327203  0.00590795
13.5  0.816814  0.0376907  0.00775252
13.5  0.879646  0.0273499  0.00369319
13.5  0.942478  0.0287529  0.00406699
13.5  1.00531  0.0301924  0.00435158
13.5  1.06814  0.0267138  0.00409095
13.5  1.13097  0.0308407  0.00523407
13.5  1.19381  0.0297218  0.00568886
13.5  1.25664  0.0291653  0.00484655
13.5  1.31947  0.0245761  0.00346025
13.5  1.3823  0.0272654  0.00453555
13.5  1.44513  0.0303347  0.00492322
13.5  1.50796  0.0257913  0.00431395
13.5  1.5708  0.027569  0.00433007
13.5  1.63363  0.031297  0.00549004
13.5  1.69646  0.0330894  0.00724956
13.5  1.75929  0.0331376  0.00663154
13.5  1.82212  0.0274025  0.00410986
13.5  1.88496  0.0265392  0.0037455
13.5  1.94779  0.026604  0.0038887
13.5  2.01062  0.0304615  0.00478904
13.5  2.07345  0.0288957  0.00418611
13.5  2.13628  0.0278181  0.00343239
13.5  2.19911  0.0323025  0.00502198
13.5  2.26195  0.0287955  0.0037702
13.5  2.32478  0.0357965  0.0067991
13.5  2.38761  0.0419354  0.010696
13.5  2.45044  0.0592969  0.025964
13.5  2.51327  0.0847603  0.0916429
13.5  2.57611  0  0
13.5  2.63894  0  0
13.5  2.70177  0  0
13.5  2.7646  0  0
13.5  2.82743  0  0
13.5  2.89027  0  0
13.5  2.9531  0  0
13.5  3.01593  0  0
13.5  3.07876  0  0
14  0  0  0
14  0.0628319  0  0
14  0.125664  0  0
14  0.188496  0  0
14  0.251327  0  0
14  0.314159  0  0
14  0.376991  0.25876  1.70225
14  0.439823  0  0
14  0.502655  0.239433  0.23104
14  0.565487  0.0733852  0.0489083
14  0.628319  0.0590274  0.0311687
14  0.69115  0.0490316  0.0168089
14  0.753982  0.0313275  0.00550166
14  0.816814  0.0277997  0.00373036
14  0.879646  0.0263337  0.00319229
14  0.942478  0.0270393  0.00333659
14  1.00531  0.0269786  0.00378726
14  1.06814  0.030708  0.00531141
14  1.13097  0.0247232  0.00342773
14  1.19381  0.0288994  0.00491577
14  1.25664  0.0271934  0.00411802
14  1.31947  0.027484  0.00502714
14  1.3823  0.028061  0.00460163
14  1.44513  0.0256728  0.00351022
14  1.50796  0.0247566  0.00321687
14  1.5708  0.0292939  0.00589513
14  1.63363  0.0248319  0.00378538
14  1.69646  0.0300992  0.00425054
14  1.75929  0.0267108  0.00458351
14  1.82212  0.0273334  0.00418439
14  1.88496  0.0290638  0.00448535
14  1.94779  0.0265596  0.0041801
14  2.01062  0.0234569  0.00299402
14  2.07345  0.0320631  0.00621224
14  2.13628  0.0260292  0.0033163
14  2.19911  0.0303219  0.00472489
14  2.26195  0.0319346  0.00495176
14  2.32478  0.0353147  0.00769599
14  2.38761  0.0447575  0.0131012
14  2.45044  0.0679868  0.0433729
14  2.51327  0.0910516  0.0885081
14  2.57611  0.224054  0.114681
14  2.63894  0  0
14  2.70177  0  0
14  2.7646  0  0
14  2.82743  0  0
14  2.89027  0  0
14  2.9531  0  0
14  3.01593  0  0
14  3.07876  0  0
14.5  0  0  0
14.5  0.0628319  0  0
14.5  0.125664  0  0
14.5  0.188496  0  0
14.5  0.251327  0  0
14.5  0.314159  0.258759  1.70226
14.5  0.376991  0  0
14.5  0.439823  0  0
14.5  0.502655  0.0758834  0.140877
14.5  0.565487  0.0683334  0.0463139
14.5  0.628319  0.043161  0.0153198
14.5  0.69115  0.0496111  0.0176054
14.5  0.753982  0.0355839  0.00644362
14.5  0.816814  0.0305903  0.00444613
14.5  0.879646  0.0266819  0.00305714
14.5  0.942478  0.0299831  0.00437957
14.5  1.00531  0.0269993  0.00328677
14.5  1.06814  0.0268112  0.00354658
14.5  1.13097  0.0247646  0.00290538
14.5  1.19381  0.0221265  0.0028221
14.5  1.25664  0.0287074  0.00518761
14.5  1.31947  0.0220028  0.00286109
14.5  1.3823  0.0294741  0.00524302
14.5  1.44513  0.0238287  0.00371794
14.5  1.50796  0.0269872  0.00425333
14.5  1.5708  0.0240245  0.00333419
14.5  1.63363  0.0278662  0.0047626
14.5  1.69646  0.021382  0.00317926
14.5  1.75929  0.0237187  0.00318605
14.5  1.82212  0.0285721  0.00466244
14.5  1.88496  0.0235576  0.00303781
14.5  1.94779  0.0257765  0.00422447
14.5  2.01062  0.0291926  0.00479983
14.5  2.07345  0.0283325  0.00411019
14.5  2.13628  0.0251311  0.00353487
14.5  2.19911  0.0251928  0.00304611
14.5  2.26195  0.0264052  0.00334338
14.5  2.32478  0.0309111  0.00470164
14.5  2.38761  0.0367224  0.00807058
14.5  2.45044  0.0634944  0.0355213
14.5  2.51327  0.0498742  0.0241155
14.5  2.57611  0.222483  0.206463
14.5  2.63894  0  0
14.5  2.70177  0  0
14.5  2.7646  0  0
14.5  2.82743  0  0
14.5  2.89027  0  0
14.5  2.9531  0  0
14.5  3.01593  0  0
14.5  3.07876  0  0
15  0  0  0
15  0.0628319  0  0
15  0.125664  0  0
15  0.188496  0  0
15  0.251327  0  0
15  0.314159  0  0
15  0.376991  0  0
15  0.439823  0.258759  1.70226
15  0.502655  0.0765373  0.0843455
15  0.565487  0.0608872  0.0439682
15  0.628319  0.0683018  0.0336093
15  0.69115  0.0404372  0.00970739
15  0.753982  0.031197  0.00489232
15  0.816814  0.0324785  0.00467904
15  0.879646  0.0237962  0.0029388
15  0.942478  0.025664  0.00359311
15  1.00531  0.0248298  0.00324241
15  1.06814  0.0242067  0.00303469
15  1.13097  0.0241948  0.00306644
15  1.19381  0.0280138  0.0047558
15  1.25664  0.0218087  0.00283328
15  1.31947  0.0240308  0.00348704
15  1.3823  0.0256474  0.00383167
15  1.44513  0.0271567  0.00427036
15  1.50796  0.0298574  0.0053076
15  1.5708  0.0256247  0.0038541
15  1.63363  0.0216567  0.00304032
15  1.69646  0.0236755  0.00287262
15  1.75929  0.0298361  0.00579964
15  1.82212  0.024128  0.0042942
15  1.88496  0.0265636  0.00410622
15  1.94779  0.0245164  0.0035513
15  2.01062  0.0238529  0.00332018
15  2.07345  0.0232095  0.0026674
15  2.13628  0.0273233  0.00380671
15  2.19911  0.0283771  0.00367878
15  2.26195  0.0322284  0.00653077
15  2.32478  0.0319499  0.0053635
15  2.38761  0.0440898  0.0114913
15  2.45044  0.0604119  0.0232624
15  2.51327  0.0865901  0.0740154
15  2.57611  0.092442  0.142648
15  2.63894  0  0
15  2.70177  0  0
15  2.7646  0  0
15  2.82743  0  0
15  2.89027  0  0
15  2.9531  0  0
15  3.01593  0  0
15  3.07876  0  0
15.5  0  0  0
15.5  0.0628319  0  0
15.5  0.125664  0  0
15.5  0.188496  0  0
15.5  0.251327  0  0
15.5  0.314159  0  0
15.5  0.376991  0  0
15.5  0.439823  0.0336953  0.247251
15.5  0.502655  0.106762  0.167883
15.5  0.565487  0.075771  0.047471
15.5  0.628319  0.0589841  0.0291709
15.5  0.69115  0.0402253  0.0109268
15.5  0.753982  0.0322858  0.0056869
15.5  0.816814  0.030083  0.00453117
15.5  0.879646  0.026158  0.00291328
15.5  0.942478  0.0234056  0.00322622
15.5  1.00531  0.0282008  0.00448841
15.5  1.06814  0.022894  0.00320092
15.5  1.13097  0.0242562  0.0031106
15.5  1.19381  0.0265228  0.00442941
15.5  1.25664  0.0270512  0.00459024
15.5  1.31947  0.0268357  0.00454204
15.5  1.3823  0.0292338  0.00529087
15.5  1.44513  0.023588  0.00371552
15.5  1.50796  0.0284532  0.00518564
15.5  1.5708  0.023354  0.00349757
15.5  1.63363  0.0239478  0.00350869
15.5  1.69646  0.0269588  0.00477925
15.5  1.75929  0.0294915  0.00603377
15.5  1.82212  0.022726  0.00324147
15.5  1.88496  0.0266109  0.00444192
15.5  1.94779  0.0261386  0.00383159
15.5  2.01062  0.0230788  0.00270235
15.5  2.07345  0.0266687  0.00369942
15.5  2.13628  0.0262218  0.00355994
15.5  2.19911  0.0267893  0.00346417
15.5  2.26195  0.0306044  0.00478607
15.5  2.32478  0.0338923  0.00632734
15.5  2.38761  0.0390989  0.0102313
15.5  2.45044  0.0499763  0.0186806
15.5  2.51327  0.0682683  0.0582082
15.5  2.57611  0.104604  0.16772
15.5  2.63894  0.233616  2.36749
15.5  2.70177  0  0
15.5  2.7646  0  0
15.5  2.82743  0  0
15.5  2.89027  0  0
15.5  2.9531  0  0
15.5  3.01593  0  0
15.5  3.07876  0  0
16  0  0  0
16  0.0628319  0  0
16  0.125664  0  0
16  0.188496  0  0
16  0.251327  0  0
16  0.314159  0  0
16  0.376991  0  0
16  0.439823  0.212428  0.124092
16  0.502655  0.089547  0.155123
16  0.565487  0.0541994  0.0322825
16  0.628319  0.0472041  0.0198785
16  0.69115  0.0433254  0.0118963
16  0.753982  0.0348257  0.00672607
16  0.816814  0.0269692  0.00398415
16  0.879646  0.0270624  0.00362781
16  0.942478  0.0283216  0.00377482
16  1.00531  0.0237749  0.00271239
16  1.06814  0.0265702  0.00498351
16  1.13097  0.0262653  0.00435655
16  1.19381  0.0250457  0.00351468
16  1.25664  0.0307808  0.00585474
16  1.31947  0.0255521  0.00370766
16  1.3823  0.0228861  0.00254942
16  1.44513  0.0225267  0.00320294
16  1.50796  0.0279951  0.00400741
16  1.5708  0.0248292  0.00403723
16  1.63363  0.0287442  0.00544059
16  1.69646  0.0304646  0.00617457
16  1.75929  0.0257414  0.00379361
16  1.82212  0.0261527  0.00382635
16  1.88496  0.0252853  0.00358949
16  1.94779  0.0278796  0.00392172
16  2.01062  0.0247186  0.00356375
16  2.07345  0.0234802  0.00323157
16  2.13628  0.0252269  0.00320823
16  2.19911  0.026085  0.00334841
16  2.26195  0.0234667  0.00317382
16  2.32478  0.0294184  0.00506919
16  2.38761  0.0438222  0.0153201
16  2.45044  0.0495194  0.0172332
16  2.51327  0.0682987  0.0632712
16  2.57611  0.105275  0.163108
16  2.63894  0.310383  0.309607
16  2.70177  0  0
16  2.7646  0  0
16  2.82743  0  0
16  2.89027  0  0
16  2.9531  0  0
16  3.01593  0  0
16  3.07876  0  0
16.5  0  0  0
16.5  0.0628319  0  0
16.5  0.125664  0  0
16.5  0.188496  0  0
16.5  0.251327  0  0
16.5  0.314159  0  0
16.5  0.376991  0  0
16.5  0.439823  0.0845831  0.123751
16.5  0.502655  0.116451  0.149347
16.5  0.565487  0.0493207  0.025087
16.5  0.628319  0.0472587  0.016545
16.5  0.69115  0.035954  0.00790706
16.5  0.753982  0.0282484  0.0041377
16.5  0.816814  0.0247553  0.00285725
16.5  0.879646  0.022441  0.00268426
16.5  0.942478  0.0250947  0.00285364
16.5  1.00531  0.0266516  0.00382625
16.5  1.06814  0.0278203  0.00441978
16.5  1.13097  0.0272891  0.00406035
16.5  1.19381  0.0248075  0.00365848
16.5  1.25664  0.0259835  0.00489811
16.5  1.31947  0.02872  0.00437369
16.5  1.3823  0.0303513  0.00888345
16.5  1.44513  0.0239321  0.00361041
16.5  1.50796  0.0231027  0.00368623
16.5  1.5708  0.0297036  0.00541974
16.5  1.63363  0.0280412  0.00467433
16.5  1.69646  0.0231259  0.00298601
16.5  1.75929  0.0233251  0.00367851
16.5  1.82212  0.0265954  0.00412301
16.5  1.88496  0.0245499  0.00360776
16.5  1.94779  0.0287089  0.0061177
16.5  2.01062  0.0250453  0.00389165
16.5  2.07345  0.0262431  0.00370592
16.5  2.13628  0.0248003  0.00386539
16.5  2.19911  0.0275782  0.00382275
16.5  2.26195  0.0271071  0.00385525
16.5  2.32478  0.0349623  0.00674699
16.5  2.38761  0.0379522  0.00914245
16.5  2.45044  0.0471802  0.0194185
16.5  2.51327  0.0704621  0.0569495
16.5  2.57611  0.061375  0.045271
16.5  2.63894  0.168615  0.13888
16.5  2.70177  0  0
16.5  2.7646  0  0
16.5  2.82743  0  0
16.5  2.89027  0  0
16.5  2.9531  0  0
16.5  3.01593  0  0
16.5  3.07876  0  0
17  0  0  0
17  0.0628319  0  0
17  0.125664  0  0
17  0.188496  0  0
17  0.251327  0  0
17  0.314159  0  0
17  0.376991  0  0
17  0.439823  0.132132  0.173142
17  0.502655  0.0767732  0.137234
17  0.565487  0.056418  0.0289397
17  0.628319  0.0453557  0.0177765
17  0.69115  0.0375508  0.00980877
17  0.753982  0.030982  0.00575453
17  0.816814  0.0276745  0.00366423
17  0.879646  0.0230578  0.00254179
17  0.942478  0.024643  0.00302444
17  1.00531  0.0280024  0.00413605
17  1.06814  0.0227373  0.00275205
17  1.13097  0.0291045  0.00554395
17  1.19381  0.0271695  0.00411297
17  1.25664  0.0210352  0.00275319
17  1.31947  0.0244391  0.0037167
17  1.3823  0.0268385  0.00414218
17  1.44513  0.0278346  0.00543656
17  1.50796  0.0272272  0.00485331
17  1.5708  0.0217068  0.00250988
17  1.63363  0.0245396  0.00349101
17  1.69646  0.0277263  0.00487979
17  1.75929  0.0284253  0.00488248
17  1.82212  0.0289597  0.00539163
17  1.88496  0.0249261  0.00370685
17  1.94779  0.0235913  0.00313785
17  2.01062  0.0284343  0.0052158
17  2.07345  0.0278551  0.00435253
17  2.13628  0.0262126  0.00376671
17  2.19911  0.025467  0.00314383
17  2.26195  0.0325386  0.00524019
17  2.32478  0.0277203  0.00426946
17  2.38761  0.0388174  0.00938922
17  2.45044  0.0527834  0.022806
17  2.51327  0.0572671  0.0404743
17  2.57611  0.0573525  0.0393575
17  2.63894  0.125265  0.111942
17  2.70177  0  0
17  2.7646  0  0
17  2.82743  0  0
17  2.89027  0  0
17  2.9531  0  0
17  3.01593  0  0
17  3.07876  0  0
17.5  0  0  0
17.5  0.0628319  0  0
17.5  0.125664  0  0
17.5  0.188496  0  0
17.5  0.251327  0  0
17.5  0.314159  0  0
17.5  0.376991  0  0
17.5  0.439823  0.156104  0.174681
17.5  0.502655  0.067566  0.052279
17.5  0.565487  0.0585659  0.0379079
17.5  0.628319  0.0539916  0.0246171
17.5  0.69115  0.0360967  0.00893135
17.5  0.753982  0.0339475  0.00673702
17.5  0.816814  0.0223375  0.00229482
17.5  0.879646  0.020878  0.00207758
17.5  0.942478  0.0249703  0.00263047
17.5  1.00531  0.0225954  0.00305778
17.5  1.06814  0.0228613  0.00265559
17.5  1.13097  0.0263701  0.00409834
17.5  1.19381  0.0232942  0.00317392
17.5  1.25664  0.0259021  0.00390709
17.5  1.31947  0.0266468  0.00491852
17.5  1.3823  0.0351441  0.00844572
17.5  1.44513  0.0255371  0.00378587
17.5  1.50796  0.0222831  0.00307482
17.5  1.5708  0.0232646  0.00308177
17.5  1.63363  0.0256863  0.00437543
17.5  1.69646  0.0242601  0.00363905
17.5  1.75929  0.0289198  0.00578549
17.5  1.82212  0.0260543  0.0047382
17.5  1.88496  0.0206633  0.00240697
17.5  1.94779  0.0255771  0.00389569
17.5  2.01062  0.023777  0.00333594
17.5  2.07345  0.0282162  0.00433051
17.5  2.13628  0.0247832  0.00313338
17.5  2.19911  0.0234254  0.00289081
17.5  2.26195  0.0232265  0.00291351
17.5  2.32478  0.0348774  0.00703933
17.5  2.38761  0.0402994  0.011686
17.5  2.45044  0.0422536  0.0130656
17.5  2.51327  0.0587329  0.0288845
17.5  2.57611  0.136889  0.132553
17.5  2.63894  0.0904735  0.147383
17.5  2.70177  0  0
17.5  2.7646  0  0
17.5  2.82743  0  0
17.5  2.89027  0  0
17.5  2.9531  0  0
17.5  3.01593  0  0
17.5  3.07876  0  0
18  0  0  0
18  0.0628319  0  0
18  0.125664  0  0
18  0.188496  0  0
18  0.251327  0  0
18  0.314159  0  0
18  0.376991  0.0523761  0.384329
18  0.439823  0.090814  0.153998
18  0.502655  0.0676903  0.057888
18  0.565487  0.0544528  0.0268995
18  0.628319  0.0522197  0.0223218
18  0.69115  0.0340867  0.0083218
18  0.753982  0.0285032  0.00451064
18  0.816814  0.0285376  0.00429269
18  0.879646  0.0279552  0.00398611
18  0.942478  0.0265032  0.00378375
18  1.00531  0.0280982  0.00514581
18  1.06814  0.0267897  0.0050164
18  1.13097  0.0251277  0.0035162
18  1.19381  0.0209558  0.00279368
18  1.25664  0.020626  0.00252515
18  1.31947  0.0227871  0.00352815
18  1.3823  0.0247165  0.00351269
18  1.44513  0.0332095  0.00821126
18  1.50796  0.0311323  0.0053058
18  1.5708  0.0225903  0.00381861
18  1.63363  0.0242982  0.00319487
18  1.69646  0.026267  0.00502195
18  1.75929  0.0267396  0.00424903
18  1.82212  0.0329306  0.00634266
18  1.88496  0.0271131  0.0056829
18  1.94779  0.0250603  0.00313049
18  2.01062  0.0259023  0.0040994
18  2.07345  0.022285  0.00272911
18  2.13628  0.0268769  0.00419134
18  2.19911  0.0229268  0.00260019
18  2.26195  0.0232698  0.00300714
18  2.32478  0.0275921  0.00437442
18  2.38761  0.0367969  0.00807889
18  2.45044  0.0752334  0.052205
18  2.51327  0.0595505  0.0376825
18  2.57611  0.120449  0.151675
18  2.63894  0.236522  0.132106
18  2.70177  0  0
18  2.7646  0  0
18  2.82743  0  0
18  2.89027  0  0
18  2.9531  0  0
18  3.01593  0  0
18  3.07876  0  0
18.5  0  0  0
18.5  0.0628319  0  0
18.5  0.125664  0  0
18.5  0.188496  0  0
18.5  0.251327  0  0
18.5  0.314159  0  0
18.5  0.376991  0.00733266  0.053806
18.5  0.439823  0.13553  0.154809
18.5  0.502655  0.0889807  0.147273
18.5  0.565487  0.0547845  0.0364719
18.5  0.628319  0.0651663  0.0430442
18.5  0.69115  0.041513  0.0108339
18.5  0.753982  0.0352211  0.00736464
18.5  0.816814  0.029026  0.00482145
18.5  0.879646  0.0237361  0.00294825
18.5  0.942478  0.0222003  0.00270945
18.5  1.00531  0.0214638  0.00230264
18.5  1.06814  0.0217175  0.00257678
18.5  1.13097  0.0232443  0.00353722
18.5  1.19381  0.0245099  0.00317564
18.5  1.25664  0.0210497  0.00231832
18.5  1.31947  0.022527  0.00371427
18.5  1.3823  0.0240939  0.00343402
18.5  1.44513  0.0315084  0.00584166
18.5  1.50796  0.02907  0.00635814
18.5  1.5708  0.0271501  0.00398445
18.5  1.63363  0.0349827  0.0074319
18.5  1.69646  0.0242784  0.00355174
18.5  1.75929  0.0257892  0.00448633
18.5  1.82212  0.0282502  0.00560349
18.5  1.88496  0.0235243  0.00291747
18.5  1.94779  0.0271648  0.00374276
18.5  2.01062  0.0290729  0.00414759
18.5  2.07345  0.0232365  0.00316444
18.5  2.13628  0.0234907  0.00303782
18.5  2.19911  0.0258089  0.00308895
18.5  2.26195  0.0242553  0.0029131
18.5  2.32478  0.033723  0.00756842
18.5  2.38761  0.0435583  0.0133511
18.5  2.45044  0.0370686  0.00960993
18.5  2.51327  0.05248  0.0246167
18.5  2.57611  0.113114  0.163583
18.5  2.63894  0.194782  0.187252
18.5  2.70177  0.290543  0.282785
18.5  2.7646  0  0
18.5  2.82743  0  0
18.5  2.89027  0  0
18.5  2.9531  0  0
18.5  3.01593  0  0
18.5  3.07876  0  0
19  0  0  0
19  0.0628319  0  0
19  0.125664  0  0
19  0.188496  0  0
19  0.251327  0  0
19  0.314159  0.258759  1.70226
19  0.376991  0.122818  0.185825
19  0.439823  0.100523  0.135192
19  0.502655  0.0859213  0.14939
19  0.565487  0.0531705  0.025004
19  0.628319  0.0432033  0.0179988
19  0.69115  0.0425361  0.0107137
19  0.753982  0.0406516  0.00857352
19  0.816814  0.0307908  0.00534642
19  0.879646  0.0269927  0.00359621
19  0.942478  0.0214332  0.00237999
19  1.00531  0.0262792  0.0039128
19  1.06814  0.0243145  0.00324012
19  1.13097  0.0300872  0.00573988
19  1.19381  0.0276294  0.00474695
19  1.25664  0.0275031  0.00375198
19  1.31947  0.027336  0.0051009
19  1.3823  0.0320894  0.00699997
19  1.44513  0.0301745  0.00480837
19  1.50796  0.0215106  0.00257337
19  1.5708  0.0355132  0.0106034
19  1.63363  0.0272906  0.00456714
19  1.69646  0.0285342  0.00663293
19  1.75929  0.0281001  0.00548953
19  1.82212  0.0234772  0.00310641
19  1.88496  0.0339156  0.00634471
19  1.94779  0.024712  0.00297868
19  2.01062  0.0234782  0.00305578
19  2.07345  0.025768  0.00386361
19  2.13628  0.0257517  0.00288046
19  2.19911  0.0222755  0.00238711
19  2.26195  0.0262303  0.00310955
19  2.32478  0.0292231  0.00432676
19  2.38761  0.0344045  0.00742412
19  2.45044  0.0521632  0.0213269
19  2.51327  0.0637783  0.0459976
19  2.57611  0.0979114  0.153686
19  2.63894  0.132507  0.194269
19  2.70177  0.224712  0.151547
19  2.7646  0  0
19  2.82743  0  0
19  2.89027  0  0
19  2.9531  0  0
19  3.01593  0  0
19  3.07876  0  0
19.5  0  0  0
19.5  0.0628319  0  0
19.5  0.125664  0  0
19.5  0.188496  0  0
19.5  0.251327  0  0
19.5  0.314159  0.239094  2.29264
19.5  0.376991  0.0767717  0.0799548
19.5  0.439823  0.201413  0.18548
19.5  0.502655  0.0819948  0.132941
19.5  0.565487  0.0754711  0.0543673
19.5  0.628319  0.0472427  0.017879
19.5  0.69115  0.0341091  0.00878484
19.5  0.753982  0.0255173  0.00385078
19.5  0.816814  0.0251658  0.00304931
19.5  0.879646  0.0225316  0.0027143
19.5  0.942478  0.028043  0.00448127
19.5  1.00531  0.024684  0.00323166
19.5  1.06814  0.0346795  0.00793055
19.5  1.13097  0.0233653  0.00349494
19.5  1.19381  0.025208  0.00314218
19.5  1.25664  0.0261948  0.00451637
19.5  1.31947  0.0267209  0.00471364
19.5  1.3823  0.0230799  0.00277436
19.5  1.44513  0.0218734  0.00260801
19.5  1.50796  0.0251224  0.00430425
19.5  1.5708  0.0281877  0.00653518
19.5  1.63363  0.0261762  0.00427973
19.5  1.69646  0.0272257  0.00419112
19.5  1.75929  0.0252115  0.00475764
19.5  1.82212  0.0355829  0.00751033
19.5  1.88496  0.0266634  0.00522337
19.5  1.94779  0.0279497  0.0044768
19.5  2.01062  0.0247901  0.00323592
19.5  2.07345  0.0221506  0.00289419
19.5  2.13628  0.0242595  0.00278416
19.5  2.19911  0.0227927  0.00248213
19.5  2.26195  0.0236569  0.0027384
19.5  2.32478  0.0244282  0.00297074
19.5  2.38761  0.0334923  0.00796532
19.5  2.45044  0.0415035  0.0127289
19.5  2.51327  0.0717908  0.0547315
19.5  2.57611  0.0920855  0.131984
19.5  2.63894  0.121754  0.175969
19.5  2.70177  0.195792  0.177608
19.5  2.7646  0  0
19.5  2.82743  0  0
19.5  2.89027  0  0
19.5  2.9531  0  0
19.5  3.01593  0  0
19.5  3.07876  0  0
20  0  0  0
20  0.0628319  0  0
20  0.125664  0  0
20  0.188496  0  0
20  0.251327  0  0
20  0.314159  0  0
20  0.376991  0.243479  0.121966
20  0.439823  0.140251  0.174034
20  0.502655  0.123474  0.180626
20  0.565487  0.0734261  0.0609134
20  0.628319  0.0698612  0.0473904
20  0.69115  0.0409414  0.012832
20  0.753982  0.0326628  0.00602356
20  0.816814  0.025947  0.00341532
20  0.879646  0.0237844  0.00284413
20  0.942478  0.0236871  0.00339573
20  1.00531  0.0212597  0.0020271
20  1.06814  0.0237296  0.00437492
20  1.13097  0.0265284  0.00395027
20  1.19381  0.0202377  0.00272465
20  1.25664  0.0227427  0.0028609
20  1.31947  0.0416574  0.0130047
20  1.3823  0.0418818  0.00979307
20  1.44513  0.0347731  0.00958833
20  1.50796  0.026807  0.00434705
20  1.5708  0.0242719  0.00337968
20  1.63363  0.0284508  0.00588764
20  1.69646  0.0301734  0.00446985
20  1.75929  0.0230128  0.00350272
20  1.82212  0.0219848  0.00293262
20  1.88496  0.0252855  0.00392243
20  1.94779  0.0287787  0.00449675
20  2.01062  0.0278739  0.00546377
20  2.07345  0.0281758  0.00593493
20  2.13628  0.0235292  0.0029842
20  2.19911  0.0315742  0.00475725
20  2.26195  0.0275794  0.00415257
20  2.32478  0.0271371  0.00383605
20  2.38761  0.0402317  0.0117902
20  2.45044  0.0411168  0.0135572
20  2.51327  0.0538634  0.0354666
20  2.57611  0.105582  0.145902
20  2.63894  0.114616  0.105274
20  2.70177  0.127634  0.113386
20  2.7646  0  0
20  2.82743  0  0
20  2.89027  0  0
20  2.9531  0  0
20  3.01593  0  0
20  3.07876  0  0
20.5  0  0  0
20.5  0.0628319  0  0
20.5  0.125664  0  0
20.5  0.188496  0  0
20.5  0.251327  0  0
20.5  0.314159  0  0
20.5  0.376991  0.082692  0.101892
20.5  0.439823  0.139814  0.134
20.5  0.502655  0.109455  0.0962239
20.5  0.565487  0.0513006  0.0263261
20.5  0.628319  0.0398657  0.0141612
20.5  0.69115  0.0292192  0.00548846
20.5  0.753982  0.0328808  0.00662233
20.5  0.816814  0.0250863  0.00324963
20.5  0.879646  0.0244558  0.00283052
20.5  0.942478  0.0241034  0.00285245
20.5  1.00531  0.0229801  0.00307346
20.5  1.06814  0.020026  0.0022094
20.5  1.13097  0.0218013  0.00251596
20.5  1.19381  0.0257433  0.00433975
20.5  1.25664  0.0224092  0.00268825
20.5  1.31947  0.0202841  0.00286547
20.5  1.3823  0.0274977  0.00451719
20.5  1.44513  0.0243027  0.00332523
20.5  1.50796  0.0227512  0.00357805
20.5  1.5708  0.0221441  0.0032254
20.5  1.63363  0.0311395  0.00824885
20.5  1.69646  0.03663  0.00918063
20.5  1.75929  0.026701  0.00498942
20.5  1.82212  0.0273664  0.00511585
20.5  1.88496  0.0299573  0.00540731
20.5  1.94779  0.0243388  0.00332273
20.5  2.01062  0.0231375  0.00259996
20.5  2.07345  0.0251064  0.00365696
20.5  2.13628  0.0252254  0.0035635
20.5  2.19911  0.022466  0.00235435
20.5  2.26195  0.0246355  0.00364729
20.5  2.32478  0.0300524  0.005527
20.5  2.38761  0.0366731  0.00862283
20.5  2.45044  0.0456652  0.0182942
20.5  2.51327  0.0573663  0.0323542
20.5  2.57611  0.0532575  0.0426865
20.5  2.63894  0.166557  0.121711
20.5  2.70177  0.0666695  0.123783
20.5  2.7646  0  0
20.5  2.82743  0  0
20.5  2.89027  0  0
20.5  2.9531  0  0
20.5  3.01593  0  0
20.5  3.07876  0  0
21  0  0  0
21  0.0628319  0  0
21  0.125664  0  0
21  0.188496  0  0
21  0.251327  0  0
21  0.314159  0  0
21  0.376991  0.261317  0.180543
21  0.439823  0.126631  0.102839
21  0.502655  0.0705481  0.0521805
21  0.565487  0.0561817  0.0342527
21  0.628319  0.0436956  0.0178432
21  0.69115  0.0408794  0.0115025
21  0.753982  0.0296574  0.00473586
21  0.816814  0.0210551  0.00206632
21  0.879646  0.0250786  0.00279508
21  0.942478  0.0214086  0.00270519
21  1.00531  0.0230045  0.00256457
21  1.06814  0.0292878  0.00466769
21  1.13097  0.025129  0.00388528
21  1.19381  0.0250719  0.00349831
21  1.25664  0.0279838  0.00465389
21  1.31947  0.024424  0.00328073
21  1.3823  0.0198522  0.00231173
21  1.44513  0.0246517  0.00397862
21  1.50796  0.0243664  0.00374818
21  1.5708  0.032274  0.00670739
21  1.63363  0.0233804  0.0031968
21  1.69646  0.0310445  0.00538633
21  1.75929  0.0225982  0.00345687
21  1.82212  0.0238012  0.00315748
21  1.88496  0.0259186  0.00348473
21  1.94779  0.0285054  0.00396024
21  2.01062  0.0245704  0.00374497
21  2.07345  0.0252474  0.0050967
21  2.13628  0.023592  0.00362452
21  2.19911  0.0253759  0.00308954
21  2.26195  0.0243556  0.00339718
21  2.32478  0.0380002  0.00999325
21  2.38761  0.0504894  0.0174394
21  2.45044  0.0534494  0.0231621
21  2.51327  0.0603088  0.0339021
21  2.57611  0.0849199  0.0766876
21  2.63894  0.101604  0.151842
21  2.70177  0.220237  0.136592
21  2.7646  0  0
21  2.82743  0  0
21  2.89027  0  0
21  2.9531  0  0
21  3.01593  0  0
21  3.07876  0  0
21.5  0  0  0
21.5  0.0628319  0  0
21.5  0.125664  0  0
21.5  0.188496  0  0
21.5  0.251327  0  0
21.5  0.314159  0  0
21.5  0.376991  0.116745  0.0983914
21.5  0.439823  0.112909  0.175007
21.5  0.502655  0.0798232  0.0616223
21.5  0.565487  0.0649765  0.0431387
21.5  0.628319  0.0659214  0.0372646
21.5  0.69115  0.0355181  0.0115908
21.5  0.753982  0.0255682  0.003837
21.5  0.816814  0.0268034  0.00384597
21.5  0.879646  0.0206542  0.00210028
21.5  0.942478  0.022879  0.00312886
21.5  1.00531  0.0282201  0.00415545
21.5  1.06814  0.0278316  0.00393874
21.5  1.13097  0.0273838  0.0056303
21.5  1.19381  0.0234773  0.00317813
21.5  1.25664  0.0249059  0.00375923
21.5  1.31947  0.0301523  0.0046903
21.5  1.3823  0.0276412  0.00454312
21.5  1.44513  0.0233178  0.00292682
21.5  1.50796  0.0247293  0.00386223
21.5  1.5708  0.0255509  0.00537891
21.5  1.63363  0.028928  0.00523686
21.5  1.69646  0.0308884  0.00502098
21.5  1.75929  0.0249594  0.00349459
21.5  1.82212  0.0250057  0.00311331
21.5  1.88496  0.0253234  0.00384111
21.5  1.94779  0.0276131  0.00368994
21.5  2.01062  0.0262008  0.00376289
21.5  2.07345  0.0247327  0.00378082
21.5  2.13628  0.0237455  0.00288091
21.5  2.19911  0.0202026  0.00211244
21.5  2.26195  0.0283212  0.00407371
21.5  2.32478  0.0313431  0.00616314
21.5  2.38761  0.0452806  0.0173747
21.5  2.45044  0.0532767  0.0228457
21.5  2.51327  0.0652748  0.0469461
21.5  2.57611  0.213133  0.110769
21.5  2.63894  0.0778239  0.136865
21.5  2.70177  0.211072  0.199022
21.5  2.7646  0  0
21.5  2.82743  0  0
21.5  2.89027  0  0
21.5  2.9531  0  0
21.5  3.01593  0  0
21.5  3.07876  0  0
22  0  0  0
22  0.0628319  0  0
22  0.125664  0  0
22  0.188496  0  0
22  0.251327  0  0
22  0.314159  0.258759  1.70226
22  0.376991  0.152475  0.173684
22  0.439823  0.108257  0.174581
22  0.502655  0.0878188  0.0800793
22  0.565487  0.0737596  0.0595096
22  0.628319  0.040189  0.0148907
22  0.69115  0.0353568  0.0106634
22  0.753982  0.0311477  0.00494263
22  0.816814  0.0237215  0.00303135
22  0.879646  0.0271416  0.00402219
22  0.942478  0.0221436  0.00299636
22  1.00531  0.0271688  0.00398191
22  1.06814  0.028133  0.00446167
22  1.13097  0.0331303  0.00669435
22  1.19381  0.0228636  0.00294234
22  1.25664  0.0268417  0.00487429
22  1.31947  0.0208728  0.00274452
22  1.3823  0.0228941  0.00295396
22  1.44513  0.0231962  0.00358396
22  1.50796  0.0272478  0.00498878
22  1.5708  0.0227993  0.00297419
22  1.63363  0.0266334  0.00424275
22  1.69646  0.0281852  0.00460797
22  1.75929  0.0233048  0.00320738
22  1.82212  0.0228065  0.00303712
22  1.88496  0.0225248  0.00291862
22  1.94779  0.0189067  0.00273423
22  2.01062  0.0234158  0.00346489
22  2.07345  0.0236635  0.00266666
22  2.13628  0.0202119  0.00222498
22  2.19911  0.0211222  0.00220213
22  2.26195  0.028781  0.0045722
22  2.32478  0.0280735  0.00503265
22  2.38761  0.0491391  0.0149441
22  2.45044  0.0602051  0.0342493
22  2.51327  0.0482783  0.0233458
22  2.57611  0.0559265  0.0363968
22  2.63894  0.0639837  0.0538969
22  2.70177  0.115594  0.124797
22  2.7646  0  0
22  2.82743  0  0
22  2.89027  0  0
22  2.9531  0  0
22  3.01593  0  0
22  3.07876  0  0
22.5  0  0  0
22.5  0.0628319  0  0
22.5  0.125664  0  0
22.5  0.188496  0  0
22.5  0.251327  0  0
22.5  0.314159  0.234655  1.9493
22.5  0.376991  0.194737  0.190459
22.5  0.439823  0.0827933  0.079145
22.5  0.502655  0.0715213  0.0699587
22.5  0.565487  0.0963228  0.138488
22.5  0.628319  0.0559864  0.0288912
22.5  0.69115  0.0515265  0.0169158
22.5  0.753982  0.0304048  0.00522952
22.5  0.816814  0.0300618  0.00737189
22.5  0.879646  0.0220047  0.00285051
22.5  0.942478  0.0228216  0.00231837
22.5  1.00531  0.0253401  0.0038664
22.5  1.06814  0.023412  0.00288465
22.5  1.13097  0.0253882  0.0043247
22.5  1.19381  0.026037  0.00351237
22.5  1.25664  0.0230497  0.00285783
22.5  1.31947  0.0173665  0.00192354
22.5  1.3823  0.0292351  0.00491036
22.5  1.44513  0.0253468  0.00324896
22.5  1.50796  0.0239723  0.00365411
22.5  1.5708  0.0268318  0.00400957
22.5  1.63363  0.0198659  0.00235806
22.5  1.69646  0.0305823  0.00511404
22.5  1.75929  0.0226168  0.00317618
22.5  1.82212  0.0237248  0.00330492
22.5  1.88496  0.0229662  0.00283672
22.5  1.94779  0.0246898  0.00326368
22.5  2.01062  0.0297492  0.00526638
22.5  2.07345  0.0247681  0.00469447
22.5  2.13628  0.0226004  0.00234912
22.5  2.19911  0.0187728  0.00160123
22.5  2.26195  0.0260162  0.00324003
22.5  2.32478  0.0344796  0.00861912
22.5  2.38761  0.031428  0.00623195
22.5  2.45044  0.0445247  0.0165184
22.5  2.51327  0.0625209  0.0378574
22.5  2.57611  0.0646058  0.0560413
22.5  2.63894  0.102252  0.143244
22.5  2.70177  0.0775399  0.135344
22.5  2.7646  0.0357904  0.262625
22.5  2.82743  0  0
22.5  2.89027  0  0
22.5  2.9531  0  0
22.5  3.01593  0  0
22.5  3.07876  0  0
23  0  0  0
23  0.0628319  0  0
23  0.125664  0  0
23  0.188496  0  0
23  0.251327  0  0
23  0.314159  0.0148399  0.108893
23  0.376991  0.208805  0.189987
23  0.439823  0.102184  0.166524
23  0.502655  0.0944116  0.149743
23  0.565487  0.0534722  0.0273051
23  0.628319  0.0572526  0.0260977
23  0.69115  0.0428652  0.0174861
23  0.753982  0.0283481  0.00483395
23  0.816814  0.0255137  0.0043772
23  0.879646  0.0223568  0.0022786
23  0.942478  0.0243267  0.00276261
23  1.00531  0.0250457  0.00302696
23  1.06814  0.0216276  0.00263879
23  1.13097  0.0232016  0.00327445
23  1.19381  0.0220277  0.00296889
23  1.25664  0.0260817  0.00371532
23  1.31947  0.0275448  0.0050712
23  1.3823  0.0231988  0.00369094
23  1.44513  0.0231279  0.003338
23  1.50796  0.0233635  0.00270701
23  1.5708  0.0239905  0.00408152
23  1.63363  0.0209553  0.00309191
23  1.69646  0.0258345  0.00452145
23  1.75929  0.0249503  0.0035686
23  1.82212  0.0233559  0.00288392
23  1.88496  0.0250075  0.00373265
23  1.94779  0.0226701  0.00300478
23  2.01062  0.0222972  0.0027247
23  2.07345  0.023118  0.0028049
23  2.13628  0.0246273  0.0029486
23  2.19911  0.0233886  0.00234939
23  2.26195  0.0221156  0.00224246
23  2.32478  0.0290109  0.00424675
23  2.38761  0.0427405  0.0123112
23  2.45044  0.0622242  0.0293556
23  2.51327  0.0728079  0.0451749
23  2.57611  0.0842156  0.0816587
23  2.63894  0.113878  0.122034
23  2.70177  0.12736  0.146388
23  2.7646  0.258123  1.7505
23  2.82743  0  0
23  2.89027  0  0
23  2.9531  0  0
23  3.01593  0  0
23  3.07876  0  0
23.5  0  0  0
23.5  0.0628319  0  0
23.5  0.125664  0  0
23.5  0.188496  0  0
23.5  0.251327  0  0
23.5  0.314159  0.00698349  0.0512438
23.5  0.376991  0.137888  0.141286
23.5  0.439823  0.0644733  0.0581897
23.5  0.502655  0.0888471  0.0763872
23.5  0.565487  0.045751  0.0166998
23.5  0.628319  0.0340673  0.00906935
23.5  0.69115  0.0346605  0.00790372
23.5  0.753982  0.0274535  0.00536452
23.5  0.816814  0.0239  0.00295548
23.5  0.879646  0.0248638  0.00321404
23.5  0.942478  0.0239648  0.00278835
23.5  1.00531  0.026599  0.00353075
23.5  1.06814  0.0261441  0.00385184
23.5  1.13097  0.0300329  0.00611546
23.5  1.19381  0.0215572  0.00295503
23.5  1.25664  0.0305529  0.00501878
23.5  1.31947  0.0226967  0.00288524
23.5  1.3823  0.0253676  0.00411605
23.5  1.44513  0.0204834  0.0029265
23.5  1.50796  0.0261003  0.00495695
23.5  1.5708  0.0267246  0.00426319
23.5  1.63363  0.0184806  0.00248767
23.5  1.69646  0.0319501  0.00561165
23.5  1.75929  0.0236576  0.00311933
23.5  1.82212  0.0211663  0.0025867
23.5  1.88496  0.0259463  0.00396926
23.5  1.94779  0.0191852  0.00176309
23.5  2.01062  0.0229225  0.00320413
23.5  2.07345  0.0268228  0.00410322
23.5  2.13628  0.0275702  0.00382345
23.5  2.19911  0.0264861  0.00350062
23.5  2.26195  0.0310913  0.00515978
23.5  2.32478  0.0303048  0.00549087
23.5  2.38761  0.0308487  0.00638484
23.5  2.45044  0.0598925  0.0327364
23.5  2.51327  0.0653864  0.0457414
23.5  2.57611  0.0540753  0.0349516
23.5  2.63894  0.104738  0.160847
23.5  2.70177  0.0876055  0.115281
23.5  2.7646  0.380206  0.311478
23.5  2.82743  0  0
23.5  2.89027  0  0
23.5  2.9531  0  0
23.5  3.01593  0  0
23.5  3.07876  0  0
24  0  0  0
24  0.0628319  0  0
24  0.125664  0  0
24  0.188496  0  0
24  0.251327  0  0
24  0.314159  0.156647  0.136365
24  0.376991  0.115624  0.129175
24  0.439823  0.112801  0.155138
24  0.502655  0.114255  0.150473
24  0.565487  0.07933  0.0671431
24  0.628319  0.044279  0.0195656
24  0.69115  0.0365333  0.00905093
24  0.753982  0.0321319  0.007206
24  0.816814  0.0281745  0.00417697
24  0.879646  0.0208265  0.00199234
24  0.942478  0.0235731  0.00227227
24  1.00531  0.0240619  0.00264198
24  1.06814  0.0323533  0.00624853
24  1.13097  0.0211722  0.00240221
24  1.19381  0.0245226  0.00360535
24  1.25664  0.0231607  0.00291636
24  1.31947  0.0269895  0.00384999
24  1.3823  0.0223414  0.00344282
24  1.44513  0.0250034  0.00444863
24  1.50796  0.0215975  0.00277695
24  1.5708  0.0196615  0.00199849
24  1.63363  0.0239672  0.00367433
24  1.69646  0.020357  0.00231454
24  1.75929  0.0234785  0.00335644
24  1.82212  0.0276006  0.00420182
24  1.88496  0.0236035  0.00262505
24  1.94779  0.0265456  0.0032752
24  2.01062  0.0227302  0.002589
24  2.07345  0.0221474  0.00274838
24  2.13628  0.0210894  0.0021872
24  2.19911  0.0212772  0.00224626
24  2.26195  0.0248942  0.00326546
24  2.32478  0.0409501  0.0109525
24  2.38761  0.0387764  0.00924395
24  2.45044  0.0626205  0.0309875
24  2.51327  0.0725353  0.0431417
24  2.57611  0.0601709  0.040533
24  2.63894  0.0894581  0.113241
24  2.70177  0.150856  0.131666
24  2.7646  0.0132686  0.0973632
24  2.82743  0  0
24  2.89027  0  0
24  2.9531  0  0
24  3.01593  0  0
24  3.07876  0  0
24.5  0  0  0
24.5  0.0628319  0  0
24.5  0.125664  0  0
24.5  0.188496  0  0
24.5  0.251327  0  0
24.5  0.314159  0.215528  0.107809
24.5  0.376991  0.0864853  0.150728
24.5  0.439823  0.079087  0.0705332
24.5  0.502655  0.0885869  0.137865
24.5  0.565487  0.0492129  0.025295
24.5  0.628319  0.0503699  0.0218246
24.5  0.69115  0.0458611  0.013633
24.5  0.753982  0.0276891  0.0050201
24.5  0.816814  0.0230701  0.00282323
24.5  0.879646  0.0209491  0.00216686
24.5  0.942478  0.0231267  0.00270353
24.5  1.00531  0.0216688  0.0019834
24.5  1.06814  0.02179  0.00310062
24.5  1.13097  0.020215  0.00248238
24.5  1.19381  0.0247782  0.00305894
24.5  1.25664  0.0218791  0.00303165
24.5  1.31947  0.0220848  0.00282504
24.5  1.3823  0.0241427  0.00374936
24.5  1.44513  0.0232934  0.00294612
24.5  1.50796  0.0276735  0.00478975
24.5  1.5708  0.0250641  0.0036399
24.5  1.63363  0.0267115  0.00411589
24.5  1.69646  0.0263446  0.00386907
24.5  1.75929  0.0237297  0.00307875
24.5  1.82212  0.0195257  0.00216497
24.5  1.88496  0.0229055  0.00287054
24.5  1.94779  0.0257072  0.00349094
24.5  2.01062  0.0237558  0.00266117
24.5  2.07345  0.0211761  0.00233519
24.5  2.13628  0.0221594  0.00274129
24.5  2.19911  0.0216217  0.00245531
24.5  2.26195  0.0213198  0.00229785
24.5  2.32478  0.0316905  0.00668316
24.5  2.38761  0.0320627  0.00728041
24.5  2.45044  0.0404049  0.0117439
24.5  2.51327  0.0662383  0.0369608
24.5  2.57611  0.0687887  0.0666071
24.5  2.63894  0.0768737  0.132774
24.5  2.70177  0.144467  0.15769
24.5  2.7646  0.258846  0.181535
24.5  2.82743  0  0
24.5  2.89027  0  0
24.5  2.9531  0  0
24.5  3.01593  0  0
24.5  3.07876  0  0
