2  0  0  0
2  0.0628319  0  0
2  0.125664  0  0
2  0.188496  0  0
2  0.251327  0  0
2  0.314159  0  0
2  0.376991  0  0
2  0.439823  0  0
2  0.502655  0  0
2  0.565487  0  0
2  0.628319  0  0
2  0.69115  0  0
2  0.753982  0  0
2  0.816814  0  0
2  0.879646  0  0
2  0.942478  0  0
2  1.00531  0  0
2  1.06814  0  0
2  1.13097  0  0
2  1.19381  0  0
2  1.25664  0  0
2  1.31947  0  0
2  1.3823  0  0
2  1.44513  0  0
2  1.50796  0  0
2  1.5708  0  0
2  1.63363  0  0
2  1.69646  0  0
2  1.75929  0  0
2  1.82212  0  0
2  1.88496  0  0
2  1.94779  0  0
2  2.01062  0  0
2  2.07345  0  0
2  2.13628  0  0
2  2.19911  0  0
2  2.26195  0  0
2  2.32478  0  0
2  2.38761  0  0
2  2.45044  0  0
2  2.51327  0  0
2  2.57611  0  0
2  2.63894  0  0
2  2.70177  0  0
2  2.7646  0  0
2  2.82743  0  0
2  2.89027  0  0
2  2.9531  0  0
2  3.01593  0  0
2  3.07876  0  0
2.5  0  0  0
2.5  0.0628319  0  0
2.5  0.125664  0  0
2.5  0.188496  0  0
2.5  0.251327  0  0
2.5  0.314159  0  0
2.5  0.376991  0  0
2.5  0.439823  0  0
2.5  0.502655  0  0
2.5  0.565487  0  0
2.5  0.628319  0  0
2.5  0.69115  0  0
2.5  0.753982  0  0
2.5  0.816814  0  0
2.5  0.879646  0  0
2.5  0.942478  0  0
2.5  1.00531  0  0
2.5  1.06814  0  0
2.5  1.13097  0  0
2.5  1.19381  0  0
2.5  1.25664  0  0
2.5  1.31947  0  0
2.5  1.3823  0  0
2.5  1.44513  0  0
2.5  1.50796  0  0
2.5  1.5708  0  0
2.5  1.63363  0  0
2.5  1.69646  0  0
2.5  1.75929  0  0
2.5  1.82212  0  0
2.5  1.88496  0  0
2.5  1.94779  0  0
2.5  2.01062  0  0
2.5  2.07345  0  0
2.5  2.13628  0  0
2.5  2.19911  0  0
2.5  2.26195  0  0
2.5  2.32478  0  0
2.5  2.38761  0  0
2.5  2.45044  0  0
2.5  2.51327  0  0
2.5  2.57611  0  0
2.5  2.63894  0  0
2.5  2.70177  0  0
2.5  2.7646  0  0
2.5  2.82743  0  0
2.5  2.89027  0  0
2.5  2.9531  0  0
2.5  3.01593  0  0
2.5  3.07876  0  0
3  0  0  0
3  0.0628319  0  0
3  0.125664  0  0
3  0.188496  0  0
3  0.251327  0  0
3  0.314159  0  0
3  0.376991  0  0
3  0.439823  0  0
3  0.502655  0  0
3  0.565487  0  0
3  0.628319  0  0
3  0.69115  0  0
3  0.753982  0  0
3  0.816814  0  0
3  0.879646  0  0
3  0.942478  0  0
3  1.00531  0  0
3  1.06814  0  0
3  1.13097  0  0
3  1.19381  0  0
3  1.25664  0  0
3  1.31947  0  0
3  1.3823  0  0
3  1.44513  0  0
3  1.50796  0  0
3  1.5708  0  0
3  1.63363  0  0
3  1.69646  0  0
3  1.75929  0  0
3  1.82212  0  0
3  1.88496  0  0
3  1.94779  0  0
3  2.01062  0  0
3  2.07345  0  0
3  2.13628  0  0
3  2.19911  0  0
3  2.26195  0  0
3  2.32478  0  0
3  2.38761  0  0
3  2.45044  0  0
3  2.51327  0  0
3  2.57611  0  0
3  2.63894  0  0
3  2.70177  0  0
3  2.7646  0  0
3  2.82743  0  0
3  2.89027  0  0
3  2.9531  0  0
3  3.01593  0  0
3  3.07876  0  0
3.5  0  0  0
3.5  0.0628319  0  0
3.5  0.125664  0  0
3.5  0.188496  0  0
3.5  0.251327  0  0
3.5  0.314159  0  0
3.5  0.376991  0  0
3.5  0.439823  0  0
3.5  0.502655  0  0
3.5  0.565487  0  0
3.5  0.628319  0  0
3.5  0.69115  0  0
3.5  0.753982  0  0
3.5  0.816814  0  0
3.5  0.879646  0  0
3.5  0.942478  0  0
3.5  1.00531  0  0
3.5  1.06814  0  0
3.5  1.13097  0  0
3.5  1.19381  0  0
3.5  1.25664  0  0
3.5  1.31947  0  0
3.5  1.3823  0  0
3.5  1.44513  0  0
3.5  1.50796  0  0
3.5  1.5708  0  0
3.5  1.63363  0  0
3.5  1.69646  0  0
3.5  1.75929  0  0
3.5  1.82212  0  0
3.5  1.88496  0  0
3.5  1.94779  0  0
3.5  2.01062  0  0
3.5  2.07345  0  0
3.5  2.13628  0  0
3.5  2.19911  0  0
3.5  2.26195  0  0
3.5  2.32478  0  0
3.5  2.38761  0  0
3.5  2.45044  0  0
3.5  2.51327  0  0
3.5  2.57611  0  0
3.5  2.63894  0  0
3.5  2.70177  0  0
3.5  2.7646  0  0
3.5  2.82743  0  0
3.5  2.89027  0  0
3.5  2.9531  0  0
3.5  3.01593  0  0
3.5  3.07876  0  0
4  0  0  0
4  0.0628319  0  0
4  0.125664  0  0
4  0.188496  0  0
4  0.251327  0  0
4  0.314159  0  0
4  0.376991  0  0
4  0.439823  0  0
4  0.502655  0  0
4  0.565487  0  0
4  0.628319  0  0
4  0.69115  0  0
4  0.753982  0  0
4  0.816814  0  0
4  0.879646  0  0
4  0.942478  0  0
4  1.00531  0  0
4  1.06814  0  0
4  1.13097  0  0
4  1.19381  0  0
4  1.25664  0  0
4  1.31947  0  0
4  1.3823  0  0
4  1.44513  0  0
4  1.50796  0  0
4  1.5708  0  0
4  1.63363  0  0
4  1.69646  0  0
4  1.75929  0  0
4  1.82212  0  0
4  1.88496  0  0
4  1.94779  0  0
4  2.01062  0  0
4  2.07345  0  0
4  2.13628  0  0
4  2.19911  0  0
4  2.26195  0  0
4  2.32478  0  0
4  2.38761  0  0
4  2.45044  0  0
4  2.51327  0  0
4  2.57611  0  0
4  2.63894  0  0
4  2.70177  0  0
4  2.7646  0  0
4  2.82743  0  0
4  2.89027  0  0
4  2.9531  0  0
4  3.01593  0  0
4  3.07876  0  0
4.5  0  0  0
4.5  0.0628319  0  0
4.5  0.125664  0  0
4.5  0.188496  0  0
4.5  0.251327  0  0
4.5  0.314159  0  0
4.5  0.376991  0  0
4.5  0.439823  0  0
4.5  0.502655  0  0
4.5  0.565487  0  0
4.5  0.628319  0  0
4.5  0.69115  0  0
4.5  0.753982  0  0
4.5  0.816814  0  0
4.5  0.879646  0  0
4.5  0.942478  0  0
4.5  1.00531  0  0
4.5  1.06814  0  0
4.5  1.13097  0  0
4.5  1.19381  0  0
4.5  1.25664  0  0
4.5  1.31947  0  0
4.5  1.3823  0  0
4.5  1.44513  0  0
4.5  1.50796  0  0
4.5  1.5708  0  0
4.5  1.63363  0  0
4.5  1.69646  0  0
4.5  1.75929  0  0
4.5  1.82212  0  0
4.5  1.88496  0  0
4.5  1.94779  0  0
4.5  2.01062  0  0
4.5  2.07345  0  0
4.5  2.13628  0  0
4.5  2.19911  0  0
4.5  2.26195  0  0
4.5  2.32478  0  0
4.5  2.38761  0  0
4.5  2.45044  0  0
4.5  2.51327  0  0
4.5  2.57611  0  0
4.5  2.63894  0  0
4.5  2.70177  0  0
4.5  2.7646  0  0
4.5  2.82743  0  0
4.5  2.89027  0  0
4.5  2.9531  0  0
4.5  3.01593  0  0
4.5  3.07876  0  0
5  0  0  0
5  0.0628319  0  0
5  0.125664  0  0
5  0.188496  0  0
5  0.251327  0  0
5  0.314159  0  0
5  0.376991  0  0
5  0.439823  0  0
5  0.502655  0  0
5  0.565487  0  0
5  0.628319  0  0
5  0.69115  0  0
5  0.753982  0  0
5  0.816814  0  0
5  0.879646  0  0
5  0.942478  0  0
5  1.00531  0  0
5  1.06814  0  0
5  1.13097  0  0
5  1.19381  0  0
5  1.25664  0  0
5  1.31947  0  0
5  1.3823  0  0
5  1.44513  0  0
5  1.50796  0  0
5  1.5708  0  0
5  1.63363  0  0
5  1.69646  0  0
5  1.75929  0  0
5  1.82212  0  0
5  1.88496  0  0
5  1.94779  0  0
5  2.01062  0  0
5  2.07345  0  0
5  2.13628  0  0
5  2.19911  0  0
5  2.26195  0  0
5  2.32478  0  0
5  2.38761  0  0
5  2.45044  0  0
5  2.51327  0  0
5  2.57611  0  0
5  2.63894  0  0
5  2.70177  0  0
5  2.7646  0  0
5  2.82743  0  0
5  2.89027  0  0
5  2.9531  0  0
5  3.01593  0  0
5  3.07876  0  0
5.5  0  0  0
5.5  0.0628319  0  0
5.5  0.125664  0  0
5.5  0.188496  0  0
5.5  0.251327  0  0
5.5  0.314159  0  0
5.5  0.376991  0  0
5.5  0.439823  0  0
5.5  0.502655  0  0
5.5  0.565487  0  0
5.5  0.628319  0  0
5.5  0.69115  0  0
5.5  0.753982  0  0
5.5  0.816814  0  0
5.5  0.879646  0  0
5.5  0.942478  0  0
5.5  1.00531  0  0
5.5  1.06814  0  0
5.5  1.13097  0  0
5.5  1.19381  0  0
5.5  1.25664  0  0
5.5  1.31947  0  0
5.5  1.3823  0  0
5.5  1.44513  0  0
5.5  1.50796  0  0
5.5  1.5708  0  0
5.5  1.63363  0  0
5.5  1.69646  0  0
5.5  1.75929  0  0
5.5  1.82212  0  0
5.5  1.88496  0  0
5.5  1.94779  0  0
5.5  2.01062  0  0
5.5  2.07345  0  0
5.5  2.13628  0  0
5.5  2.19911  0  0
5.5  2.26195  0  0
5.5  2.32478  0  0
5.5  2.38761  0  0
5.5  2.45044  0  0
5.5  2.51327  0  0
5.5  2.57611  0  0
5.5  2.63894  0  0
5.5  2.70177  0  0
5.5  2.7646  0  0
5.5  2.82743  0  0
5.5  2.89027  0  0
5.5  2.9531  0  0
5.5  3.01593  0  0
5.5  3.07876  0  0
6  0  0  0
6  0.0628319  0  0
6  0.125664  0  0
6  0.188496  0  0
6  0.251327  0  0
6  0.314159  0  0
6  0.376991  0  0
6  0.439823  0  0
6  0.502655  0  0
6  0.565487  0  0
6  0.628319  0  0
6  0.69115  0  0
6  0.753982  0  0
6  0.816814  0  0
6  0.879646  0  0
6  0.942478  0  0
6  1.00531  0  0
6  1.06814  0  0
6  1.13097  0  0
6  1.19381  0  0
6  1.25664  0  0
6  1.31947  0  0
6  1.3823  0  0
6  1.44513  0  0
6  1.50796  0  0
6  1.5708  0  0
6  1.63363  0  0
6  1.69646  0  0
6  1.75929  0  0
6  1.82212  0  0
6  1.88496  0  0
6  1.94779  0  0
6  2.01062  0  0
6  2.07345  0  0
6  2.13628  0  0
6  2.19911  0  0
6  2.26195  0  0
6  2.32478  0  0
6  2.38761  0  0
6  2.45044  0  0
6  2.51327  0  0
6  2.57611  0  0
6  2.63894  0  0
6  2.70177  0  0
6  2.7646  0  0
6  2.82743  0  0
6  2.89027  0  0
6  2.9531  0  0
6  3.01593  0  0
6  3.07876  0  0
6.5  0  0  0
6.5  0.0628319  0  0
6.5  0.125664  0  0
6.5  0.188496  0  0
6.5  0.251327  0  0
6.5  0.314159  0  0
6.5  0.376991  0  0
6.5  0.439823  0  0
6.5  0.502655  0  0
6.5  0.565487  0  0
6.5  0.628319  0  0
6.5  0.69115  0  0
6.5  0.753982  0  0
6.5  0.816814  0  0
6.5  0.879646  0  0
6.5  0.942478  0  0
6.5  1.00531  0  0
6.5  1.06814  0  0
6.5  1.13097  0  0
6.5  1.19381  0  0
6.5  1.25664  0  0
6.5  1.31947  0  0
6.5  1.3823  0  0
6.5  1.44513  0  0
6.5  1.50796  0  0
6.5  1.5708  0  0
6.5  1.63363  0  0
6.5  1.69646  0  0
6.5  1.75929  0  0
6.5  1.82212  0  0
6.5  1.88496  0  0
6.5  1.94779  0  0
6.5  2.01062  0  0
6.5  2.07345  0  0
6.5  2.13628  0  0
6.5  2.19911  0  0
6.5  2.26195  0  0
6.5  2.32478  0  0
6.5  2.38761  0  0
6.5  2.45044  0  0
6.5  2.51327  0  0
6.5  2.57611  0  0
6.5  2.63894  0  0
6.5  2.70177  0  0
6.5  2.7646  0  0
6.5  2.82743  0  0
6.5  2.89027  0  0
6.5  2.9531  0  0
6.5  3.01593  0  0
6.5  3.07876  0  0
7  0  0  0
7  0.0628319  0  0
7  0.125664  0  0
7  0.188496  0  0
7  0.251327  0  0
7  0.314159  0  0
7  0.376991  0  0
7  0.439823  0  0
7  0.502655  0  0
7  0.565487  0  0
7  0.628319  0  0
7  0.69115  0  0
7  0.753982  0  0
7  0.816814  0  0
7  0.879646  0  0
7  0.942478  0  0
7  1.00531  0  0
7  1.06814  0  0
7  1.13097  0  0
7  1.19381  0  0
7  1.25664  0  0
7  1.31947  0  0
7  1.3823  0  0
7  1.44513  0  0
7  1.50796  0  0
7  1.5708  0  0
7  1.63363  0  0
7  1.69646  0  0
7  1.75929  0  0
7  1.82212  0  0
7  1.88496  0  0
7  1.94779  0  0
7  2.01062  0  0
7  2.07345  0  0
7  2.13628  0  0
7  2.19911  0  0
7  2.26195  0  0
7  2.32478  0  0
7  2.38761  0  0
7  2.45044  0  0
7  2.51327  0  0
7  2.57611  0  0
7  2.63894  0  0
7  2.70177  0  0
7  2.7646  0  0
7  2.82743  0  0
7  2.89027  0  0
7  2.9531  0  0
7  3.01593  0  0
7  3.07876  0  0
7.5  0  0  0
7.5  0.0628319  0  0
7.5  0.125664  0  0
7.5  0.188496  0  0
7.5  0.251327  0  0
7.5  0.314159  0  0
7.5  0.376991  0  0
7.5  0.439823  0  0
7.5  0.502655  0  0
7.5  0.565487  0  0
7.5  0.628319  0  0
7.5  0.69115  0  0
7.5  0.753982  0  0
7.5  0.816814  0  0
7.5  0.879646  0  0
7.5  0.942478  0  0
7.5  1.00531  0  0
7.5  1.06814  0  0
7.5  1.13097  0  0
7.5  1.19381  0.249863  2.27137
7.5  1.25664  5.59003  6.7567
7.5  1.31947  5.26503  2.50991
7.5  1.3823  2.46516  0.394643
7.5  1.44513  2.36845  0.265508
7.5  1.50796  2.15982  0.227353
7.5  1.5708  1.87562  0.153642
7.5  1.63363  2.84215  0.486044
7.5  1.69646  3.17187  0.504404
7.5  1.75929  5.03387  2.7647
7.5  1.82212  16.0436  12.9387
7.5  1.88496  0  0
7.5  1.94779  0  0
7.5  2.01062  0  0
7.5  2.07345  0  0
7.5  2.13628  0  0
7.5  2.19911  0  0
7.5  2.26195  0  0
7.5  2.32478  0  0
7.5  2.38761  0  0
7.5  2.45044  0  0
7.5  2.51327  0  0
7.5  2.57611  0  0
7.5  2.63894  0  0
7.5  2.70177  0  0
7.5  2.7646  0  0
7.5  2.82743  0  0
7.5  2.89027  0  0
7.5  2.9531  0  0
7.5  3.01593  0  0
7.5  3.07876  0  0
8  0  0  0
8  0.0628319  0  0
8  0.125664  0  0
8  0.188496  0  0
8  0.251327  0  0
8  0.314159  0  0
8  0.376991  0  0
8  0.439823  0  0
8  0.502655  0  0
8  0.565487  0  0
8  0.628319  0  0
8  0.69115  0  0
8  0.753982  0  0
8  0.816814  0.261292  1.52152
8  0.879646  0  0
8  0.942478  0  0
8  1.00531  0  0
8  1.06814  7.19298  9.50987
8  1.13097  2.66102  0.425356
8  1.19381  2.46587  0.21573
8  1.25664  2.28975  0.139841
8  1.31947  1.83055  0.131971
8  1.3823  2.10299  0.120843
8  1.44513  2.4476  0.174309
8  1.50796  2.04519  0.115064
8  1.5708  2.19509  0.138989
8  1.63363  2.02182  0.123916
8  1.69646  1.90466  0.115287
8  1.75929  1.91324  0.125747
8  1.82212  2.1353  0.148301
8  1.88496  2.04007  0.167462
8  1.94779  2.41831  0.444079
8  2.01062  17.042  20.8553
8  2.07345  0  0
8  2.13628  0  0
8  2.19911  0  0
8  2.26195  0  0
8  2.32478  0  0
8  2.38761  0  0
8  2.45044  0  0
8  2.51327  0  0
8  2.57611  0  0
8  2.63894  0  0
8  2.70177  0  0
8  2.7646  0  0
8  2.82743  0  0
8  2.89027  0  0
8  2.9531  0  0
8  3.01593  0  0
8  3.07876  0  0
8.5  0  0  0
8.5  0.0628319  0  0
8.5  0.125664  0  0
8.5  0.188496  0  0
8.5  0.251327  0  0
8.5  0.314159  0  0
8.5  0.376991  0  0
8.5  0.439823  0  0
8.5  0.502655  0  0
8.5  0.565487  0  0
8.5  0.628319  0  0
8.5  0.69115  0  0
8.5  0.753982  0  0
8.5  0.816814  0  0
8.5  0.879646  0  0
8.5  0.942478  18.5401  18.5398
8.5  1.00531  2.40168  0.294528
8.5  1.06814  2.55671  0.159771
8.5  1.13097  2.14142  0.140211
8.5  1.19381  2.11518  0.112084
8.5  1.25664  1.94801  0.100844
8.5  1.31947  2.0197  0.119014
8.5  1.3823  2.33467  0.143702
8.5  1.44513  2.08585  0.131546
8.5  1.50796  1.95469  0.108724
8.5  1.5708  1.91321  0.101894
8.5  1.63363  2.40645  0.142173
8.5  1.69646  2.20671  0.145378
8.5  1.75929  1.9245  0.152816
8.5  1.82212  2.18208  0.127469
8.5  1.88496  2.22756  0.124955
8.5  1.94779  2.11934  0.115051
8.5  2.01062  2.34243  0.126102
8.5  2.07345  3.25381  0.480256
8.5  2.13628  25.2021  22.917
8.5  2.19911  0  0
8.5  2.26195  0  0
8.5  2.32478  0  0
8.5  2.38761  0  0
8.5  2.45044  0  0
8.5  2.51327  0  0
8.5  2.57611  0  0
8.5  2.63894  0  0
8.5  2.70177  0  0
8.5  2.7646  0  0
8.5  2.82743  0  0
8.5  2.89027  0  0
8.5  2.9531  0  0
8.5  3.01593  0  0
8.5  3.07876  0  0
9  0  0  0
9  0.0628319  0  0
9  0.125664  0  0
9  0.188496  0  0
9  0.251327  0  0
9  0.314159  0  0
9  0.376991  0  0
9  0.439823  0  0
9  0.502655  0  0
9  0.565487  0  0
9  0.628319  0  0
9  0.69115  0  0
9  0.753982  0  0
9  0.816814  0.240258  2.2877
9  0.879646  23.1733  21.6609
9  0.942478  2.12793  0.160296
9  1.00531  2.28025  0.114154
9  1.06814  2.23425  0.114473
9  1.13097  2.20618  0.123898
9  1.19381  2.45248  0.142808
9  1.25664  2.29616  0.125508
9  1.31947  2.25711  0.133301
9  1.3823  2.21296  0.136768
9  1.44513  1.99531  0.128498
9  1.50796  2.43149  0.179013
9  1.5708  2.22103  0.132632
9  1.63363  2.11903  0.138491
9  1.69646  2.14775  0.140933
9  1.75929  2.01576  0.115406
9  1.82212  2.07555  0.103213
9  1.88496  1.98332  0.119848
9  1.94779  2.19333  0.109375
9  2.01062  2.16221  0.121922
9  2.07345  2.23941  0.111901
9  2.13628  2.65286  0.1877
9  2.19911  9.19229  9.67852
9  2.26195  0.24792  1.9743
9  2.32478  0  0
9  2.38761  0  0
9  2.45044  0  0
9  2.51327  0  0
9  2.57611  0  0
9  2.63894  0  0
9  2.70177  0  0
9  2.7646  0  0
9  2.82743  0  0
9  2.89027  0  0
9  2.9531  0  0
9  3.01593  0  0
9  3.07876  0  0
9.5  0  0  0
9.5  0.0628319  0  0
9.5  0.125664  0  0
9.5  0.188496  0  0
9.5  0.251327  0  0
9.5  0.314159  0  0
9.5  0.376991  0  0
9.5  0.439823  0  0
9.5  0.502655  0  0
9.5  0.565487  0  0
9.5  0.628319  0  0
9.5  0.69115  0  0
9.5  0.753982  0  0
9.5  0.816814  7.04319  7.46441
9.5  0.879646  2.4238  0.147874
9.5  0.942478  1.84144  0.0893178
9.5  1.00531  2.20102  0.104107
9.5  1.06814  2.05161  0.105315
9.5  1.13097  2.62156  0.180143
9.5  1.19381  2.06685  0.0969369
9.5  1.25664  2.37022  0.155044
9.5  1.31947  1.95348  0.123925
9.5  1.3823  1.90592  0.11481
9.5  1.44513  2.42138  0.147172
9.5  1.50796  2.20734  0.111614
9.5  1.5708  2.1782  0.128174
9.5  1.63363  2.08532  0.129222
9.5  1.69646  2.33148  0.145361
9.5  1.75929  2.06317  0.119189
9.5  1.82212  2.29378  0.122726
9.5  1.88496  2.35013  0.131622
9.5  1.94779  2.2748  0.118186
9.5  2.01062  2.05771  0.104893
9.5  2.07345  2.19281  0.110408
9.5  2.13628  2.49686  0.140399
9.5  2.19911  2.38567  0.147791
9.5  2.26195  8.61477  11.9367
9.5  2.32478  0  0
9.5  2.38761  0  0
9.5  2.45044  0  0
9.5  2.51327  0  0
9.5  2.57611  0  0
9.5  2.63894  0  0
9.5  2.70177  0  0
9.5  2.7646  0  0
9.5  2.82743  0  0
9.5  2.89027  0  0
9.5  2.9531  0  0
9.5  3.01593  0  0
9.5  3.07876  0  0
10  0  0  0
10  0.0628319  0  0
10  0.125664  0  0
10  0.188496  0  0
10  0.251327  0  0
10  0.314159  0  0
10  0.376991  0  0
10  0.439823  0  0
10  0.502655  0  0
10  0.565487  0  0
10  0.628319  0  0
10  0.69115  0  0
10  0.753982  8.88082  20.4458
10  0.816814  2.54899  0.180634
10  0.879646  2.31127  0.129514
10  0.942478  2.24724  0.119341
10  1.00531  2.27269  0.109353
10  1.06814  2.32613  0.12594
10  1.13097  2.34715  0.143421
10  1.19381  2.02845  0.124798
10  1.25664  2.07473  0.118913
10  1.31947  2.14517  0.137325
10  1.3823  2.23145  0.148676
10  1.44513  2.22384  0.12062
10  1.50796  2.1881  0.148917
10  1.5708  2.44457  0.174371
10  1.63363  2.06299  0.115552
10  1.69646  2.23193  0.13181
10  1.75929  2.35094  0.147761
10  1.82212  2.13269  0.129832
10  1.88496  2.3321  0.154344
10  1.94779  2.21359  0.122623
10  2.01062  1.98243  0.122512
10  2.07345  2.30841  0.120592
10  2.13628  2.24228  0.114031
10  2.19911  2.34742  0.114533
10  2.26195  2.48795  0.243107
10  2.32478  5.48498  7.20666
10  2.38761  0.251589  2.01427
10  2.45044  0  0
10  2.51327  0  0
10  2.57611  0  0
10  2.63894  0  0
10  2.70177  0  0
10  2.7646  0  0
10  2.82743  0  0
10  2.89027  0  0
10  2.9531  0  0
10  3.01593  0  0
10  3.07876  0  0
10.5  0  0  0
10.5  0.0628319  0  0
10.5  0.125664  0  0
10.5  0.188496  0  0
10.5  0.251327  0  0
10.5  0.314159  0  0
10.5  0.376991  0  0
10.5  0.439823  0  0
10.5  0.502655  0  0
10.5  0.565487  0  0
10.5  0.628319  0  0
10.5  0.69115  1.52825  11.2141
10.5  0.753982  2.44577  0.240589
10.5  0.816814  2.39919  0.134628
10.5  0.879646  2.51658  0.132084
10.5  0.942478  1.93481  0.104338
10.5  1.00531  2.37679  0.137291
10.5  1.06814  2.12263  0.114214
10.5  1.13097  2.1438  0.245551
10.5  1.19381  2.23049  0.111013
10.5  1.25664  2.14064  0.111618
10.5  1.31947  2.27935  0.119147
10.5  1.3823  2.21559  0.135171
10.5  1.44513  1.9953  0.111096
10.5  1.50796  2.18063  0.129929
10.5  1.5708  1.70496  0.105134
10.5  1.63363  2.42152  0.124167
10.5  1.69646  2.17278  0.136142
10.5  1.75929  2.23117  0.139123
10.5  1.82212  2.20009  0.126597
10.5  1.88496  2.28388  0.116647
10.5  1.94779  2.17171  0.115715
10.5  2.01062  2.55229  0.154339
10.5  2.07345  2.46745  0.120897
10.5  2.13628  2.59438  0.131329
10.5  2.19911  2.60275  0.138685
10.5  2.26195  2.44469  0.14147
10.5  2.32478  2.72972  0.3548
10.5  2.38761  12.4627  10.2793
10.5  2.45044  0  0
10.5  2.51327  0  0
10.5  2.57611  0  0
10.5  2.63894  0  0
10.5  2.70177  0  0
10.5  2.7646  0  0
10.5  2.82743  0  0
10.5  2.89027  0  0
10.5  2.9531  0  0
10.5  3.01593  0  0
10.5  3.07876  0  0
11  0  0  0
11  0.0628319  0  0
11  0.125664  0  0
11  0.188496  0  0
11  0.251327  0  0
11  0.314159  0  0
11  0.376991  0  0
11  0.439823  0  0
11  0.502655  0  0
11  0.565487  0  0
11  0.628319  0  0
11  0.69115  11.1536  19.1292
11  0.753982  2.64577  0.179417
11  0.816814  2.40151  0.109744
11  0.879646  2.3456  0.101725
11  0.942478  2.23446  0.109612
11  1.00531  2.47083  0.130952
11  1.06814  2.38546  0.143723
11  1.13097  2.2216  0.137434
11  1.19381  2.15515  0.126613
11  1.25664  2.22867  0.150921
11  1.31947  2.28171  0.137424
11  1.3823  2.18603  0.126182
11  1.44513  2.2414  0.138082
11  1.50796  2.23309  0.154654
11  1.5708  2.18369  0.135415
11  1.63363  2.23333  0.128732
11  1.69646  1.83106  0.120464
11  1.75929  2.1866  0.135968
11  1.82212  2.20587  0.130028
11  1.88496  2.27689  0.11374
11  1.94779  2.27829  0.120289
11  2.01062  2.09385  0.103447
11  2.07345  2.13113  0.107232
11  2.13628  2.35774  0.118963
11  2.19911  2.30252  0.102107
11  2.26195  2.62933  0.146699
11  2.32478  2.6612  0.195407
11  2.38761  6.83858  7.42563
11  2.45044  0  0
11  2.51327  0  0
11  2.57611  0  0
11  2.63894  0  0
11  2.70177  0  0
11  2.7646  0  0
11  2.82743  0  0
11  2.89027  0  0
11  2.9531  0  0
11  3.01593  0  0
11  3.07876  0  0
11.5  0  0  0
11.5  0.0628319  0  0
11.5  0.125664  0  0
11.5  0.188496  0  0
11.5  0.251327  0  0
11.5  0.314159  0  0
11.5  0.376991  0  0
11.5  0.439823  0  0
11.5  0.502655  0  0
11.5  0.565487  0  0
11.5  0.628319  1.25039  9.17517
11.5  0.69115  2.64398  0.384188
11.5  0.753982  2.72118  0.155201
11.5  0.816814  2.65286  0.140569
11.5  0.879646  2.58098  0.124869
11.5  0.942478  2.40263  0.125117
11.5  1.00531  2.50354  0.13725
11.5  1.06814  2.29631  0.120421
11.5  1.13097  2.505  0.137822
11.5  1.19381  2.13732  0.116706
11.5  1.25664  1.99728  0.100758
11.5  1.31947  2.00624  0.114515
11.5  1.3823  1.99225  0.125421
11.5  1.44513  2.16698  0.126169
11.5  1.50796  2.04206  0.108202
11.5  1.5708  2.09868  0.119728
11.5  1.63363  2.1068  0.114201
11.5  1.69646  2.17827  0.113149
11.5  1.75929  2.12549  0.129477
11.5  1.82212  2.32642  0.1329
11.5  1.88496  2.21416  0.12024
11.5  1.94779  2.05633  0.117686
11.5  2.01062  2.15383  0.122074
11.5  2.07345  2.26223  0.147115
11.5  2.13628  2.43255  0.124831
11.5  2.19911  2.56504  0.147547
11.5  2.26195  2.41663  0.122719
11.5  2.32478  2.55014  0.186528
11.5  2.38761  3.9471  0.704055
11.5  2.45044  0.250327  2.26497
11.5  2.51327  0  0
11.5  2.57611  0  0
11.5  2.63894  0  0
11.5  2.70177  0.261292  1.52152
11.5  2.7646  0  0
11.5  2.82743  0  0
11.5  2.89027  0  0
11.5  2.9531  0  0
11.5  3.01593  0  0
11.5  3.07876  0  0
12  0  0  0
12  0.0628319  0  0
12  0.125664  0  0
12  0.188496  0  0
12  0.251327  0  0
12  0.314159  0  0
12  0.376991  0  0
12  0.439823  0  0
12  0.502655  0  0
12  0.565487  0  0
12  0.628319  6.3488  5.51158
12  0.69115  3.0484  0.31971
12  0.753982  2.59955  0.174961
12  0.816814  2.18138  0.132074
12  0.879646  2.38934  0.110226
12  0.942478  2.36941  0.124496
12  1.00531  2.38761  0.126455
12  1.06814  2.22405  0.117628
12  1.13097  2.30755  0.138913
12  1.19381  2.14443  0.139751
12  1.25664  2.47321  0.14442
12  1.31947  2.10312  0.108933
12  1.3823  1.86254  0.105344
12  1.44513  2.12176  0.102325
12  1.50796  2.02598  0.12496
12  1.5708  2.00374  0.134739
12  1.63363  2.05935  0.128868
12  1.69646  2.44317  0.139615
12  1.75929  2.29279  0.125622
12  1.82212  2.43738  0.158446
12  1.88496  2.14592  0.123949
12  1.94779  2.09402  0.109218
12  2.01062  2.4566  0.132043
12  2.07345  2.38367  0.13404
12  2.13628  2.24853  0.113297
12  2.19911  2.30718  0.1043
12  2.26195  2.34431  0.116593
12  2.32478  2.3254  0.161443
12  2.38761  3.28678  0.287282
12  2.45044  8.53849  8.37173
12  2.51327  0.247365  2.303
12  2.57611  0  0
12  2.63894  0  0
12  2.70177  0  0
12  2.7646  0  0
12  2.82743  0  0
12  2.89027  0  0
12  2.9531  0  0
12  3.01593  0  0
12  3.07876  0  0
12.5  0  0  0
12.5  0.0628319  0  0
12.5  0.125664  0  0
12.5  0.188496  0  0
12.5  0.251327  0  0
12.5  0.314159  0  0
12.5  0.376991  0  0
12.5  0.439823  0  0
12.5  0.502655  0  0
12.5  0.565487  0.240258  2.2877
12.5  0.628319  3.90954  0.945252
12.5  0.69115  2.85581  0.243523
12.5  0.753982  2.36191  0.126568
12.5  0.816814  2.94497  0.173568
12.5  0.879646  2.48798  0.119969
12.5  0.942478  2.44144  0.145666
12.5  1.00531  2.08219  0.10463
12.5  1.06814  2.34495  0.10952
12.5  1.13097  2.46353  0.147502
12.5  1.19381  2.09122  0.111115
12.5  1.25664  2.13256  0.121241
12.5  1.31947  2.429  0.139866
12.5  1.3823  2.21511  0.110492
12.5  1.44513  2.08875  0.108168
12.5  1.50796  2.27276  0.146802
12.5  1.5708  2.12363  0.116073
12.5  1.63363  1.95097  0.0916194
12.5  1.69646  2.22073  0.120821
12.5  1.75929  2.22316  0.106956
12.5  1.82212  2.37025  0.129111
12.5  1.88496  2.18582  0.111048
12.5  1.94779  2.28647  0.127934
12.5  2.01062  2.46316  0.119585
12.5  2.07345  2.19368  0.11586
12.5  2.13628  2.49499  0.139538
12.5  2.19911  2.61018  0.13387
12.5  2.26195  2.51301  0.137158
12.5  2.32478  2.73557  0.170471
12.5  2.38761  3.61739  0.427426
12.5  2.45044  4.15593  1.06835
12.5  2.51327  0.24792  1.9743
12.5  2.57611  0  0
12.5  2.63894  0  0
12.5  2.70177  0  0
12.5  2.7646  0  0
12.5  2.82743  0  0
12.5  2.89027  0  0
12.5  2.9531  0  0
12.5  3.01593  0  0
12.5  3.07876  0  0
13  0  0  0
13  0.0628319  0  0
13  0.125664  0  0
13  0.188496  0  0
13  0.251327  0  0
13  0.314159  0  0
13  0.376991  0  0
13  0.439823  0  0
13  0.502655  0  0
13  0.565487  20.1893  12.5835
13  0.628319  3.33167  0.56031
13  0.69115  3.71168  0.488436
13  0.753982  2.64468  0.162528
13  0.816814  2.50286  0.166483
13  0.879646  2.23923  0.10262
13  0.942478  2.3318  0.112911
13  1.00531  2.46489  0.140748
13  1.06814  2.24478  0.102242
13  1.13097  2.14772  0.121123
13  1.19381  2.50451  0.143868
13  1.25664  2.08035  0.119926
13  1.31947  2.14282  0.129054
13  1.3823  2.05966  0.131933
13  1.44513  2.1019  0.127687
13  1.50796  2.34525  0.12225
13  1.5708  1.92229  0.10965
13  1.63363  2.09124  0.114055
13  1.69646  2.04198  0.112584
13  1.75929  2.27717  0.127247
13  1.82212  2.06719  0.130272
13  1.88496  2.16502  0.0969245
13  1.94779  2.49554  0.143547
13  2.01062  2.17186  0.107148
13  2.07345  2.47582  0.113688
13  2.13628  2.21693  0.123493
13  2.19911  2.34636  0.119765
13  2.26195  2.32492  0.111108
13  2.32478  2.62633  0.182636
13  2.38761  2.5585  0.254718
13  2.45044  3.21983  0.408333
13  2.51327  0.949556  0.67902
13  2.57611  0  0
13  2.63894  0  0
13  2.70177  0  0
13  2.7646  0  0
13  2.82743  0  0
13  2.89027  0  0
13  2.9531  0  0
13  3.01593  0  0
13  3.07876  0  0
13.5  0  0  0
13.5  0.0628319  0  0
13.5  0.125664  0  0
13.5  0.188496  0  0
13.5  0.251327  0  0
13.5  0.314159  0  0
13.5  0.376991  0  0
13.5  0.439823  0  0
13.5  0.502655  0  0
13.5  0.565487  4.92638  3.81273
13.5  0.628319  4.63806  0.747611
13.5  0.69115  2.6073  0.21703
13.5  0.753982  2.30198  0.146491
13.5  0.816814  2.4342  0.125315
13.5  0.879646  2.56644  0.121836
13.5  0.942478  2.46661  0.113838
13.5  1.00531  2.17256  0.113797
13.5  1.06814  2.61012  0.1473
13.5  1.13097  2.43189  0.130981
13.5  1.19381  2.09034  0.121143
13.5  1.25664  2.26585  0.117061
13.5  1.31947  2.11794  0.125119
13.5  1.3823  2.11388  0.130715
13.5  1.44513  2.35609  0.132941
13.5  1.50796  2.08437  0.133902
13.5  1.5708  2.39642  0.134764
13.5  1.63363  2.33105  0.144485
13.5  1.69646  2.21171  0.133599
13.5  1.75929  2.30573  0.133106
13.5  1.82212  2.19765  0.112985
13.5  1.88496  2.12727  0.131688
13.5  1.94779  2.49028  0.160512
13.5  2.01062  2.30754  0.118009
13.5  2.07345  2.37024  0.11939
13.5  2.13628  2.37499  0.11888
13.5  2.19911  2.34922  0.107373
13.5  2.26195  2.39594  0.126778
13.5  2.32478  2.77705  0.169568
13.5  2.38761  2.9187  0.264529
13.5  2.45044  3.38523  0.465996
13.5  2.51327  9.74026  11.1265
13.5  2.57611  0  0
13.5  2.63894  0  0
13.5  2.70177  0  0
13.5  2.7646  0  0
13.5  2.82743  0  0
13.5  2.89027  0  0
13.5  2.9531  0  0
13.5  3.01593  0  0
13.5  3.07876  0  0
14  0  0  0
14  0.0628319  0  0
14  0.125664  0  0
14  0.188496  0  0
14  0.251327  0  0
14  0.314159  0  0
14  0.376991  0  0
14  0.439823  0  0
14  0.502655  0.251589  2.01427
14  0.565487  5.64379  3.28453
14  0.628319  2.79734  0.303879
14  0.69115  2.80754  0.247017
14  0.753982  2.54145  0.148969
14  0.816814  2.41574  0.119439
14  0.879646  2.43692  0.120604
14  0.942478  2.34663  0.117115
14  1.00531  2.44059  0.139956
14  1.06814  2.4577  0.140764
14  1.13097  2.4881  0.132981
14  1.19381  2.3026  0.11575
14  1.25664  2.20422  0.116481
14  1.31947  1.92607  0.107815
14  1.3823  2.18255  0.123015
14  1.44513  2.46563  0.130801
14  1.50796  2.23779  0.132616
14  1.5708  2.30406  0.12837
14  1.63363  2.14837  0.122005
14  1.69646  2.07819  0.118418
14  1.75929  2.09121  0.130374
14  1.82212  1.89203  0.0889829
14  1.88496  2.34065  0.123025
14  1.94779  2.19018  0.118157
14  2.01062  2.28138  0.11589
14  2.07345  2.5448  0.133336
14  2.13628  2.4934  0.118353
14  2.19911  2.51138  0.127903
14  2.26195  2.64507  0.156635
14  2.32478  2.86505  0.174171
14  2.38761  3.09987  0.285099
14  2.45044  3.53813  0.592887
14  2.51327  5.32842  2.23822
14  2.57611  0  0
14  2.63894  0  0
14  2.70177  0  0
14  2.7646  0  0
14  2.82743  0  0
14  2.89027  0  0
14  2.9531  0  0
14  3.01593  0  0
14  3.07876  0  0
14.5  0  0  0
14.5  0.0628319  0  0
14.5  0.125664  0  0
14.5  0.188496  0  0
14.5  0.251327  0  0
14.5  0.314159  0  0
14.5  0.376991  0  0
14.5  0.439823  0  0
14.5  0.502655  0  0
14.5  0.565487  2.96896  0.578211
14.5  0.628319  3.39507  0.391664
14.5  0.69115  2.71266  0.183697
14.5  0.753982  2.8501  0.174909
14.5  0.816814  2.44284  0.117863
14.5  0.879646  2.69064  0.140749
14.5  0.942478  2.3017  0.106275
14.5  1.00531  2.14306  0.110582
14.5  1.06814  2.42156  0.120903
14.5  1.13097  2.36657  0.128963
14.5  1.19381  2.0885  0.126426
14.5  1.25664  2.19132  0.119537
14.5  1.31947  2.03489  0.12933
14.5  1.3823  2.21904  0.118574
14.5  1.44513  2.21997  0.116312
14.5  1.50796  2.17514  0.11361
14.5  1.5708  2.10809  0.106621
14.5  1.63363  2.24503  0.146516
14.5  1.69646  2.10252  0.118441
14.5  1.75929  2.48478  0.126583
14.5  1.82212  2.4531  0.128495
14.5  1.88496  2.45128  0.144356
14.5  1.94779  2.34558  0.134499
14.5  2.01062  2.27434  0.115611
14.5  2.07345  2.30575  0.116434
14.5  2.13628  2.57068  0.130333
14.5  2.19911  2.64587  0.146211
14.5  2.26195  2.50306  0.126587
14.5  2.32478  2.65756  0.150113
14.5  2.38761  3.05248  0.225731
14.5  2.45044  2.6693  0.342911
14.5  2.51327  4.93679  1.16965
14.5  2.57611  3.11568  2.56999
14.5  2.63894  0  0
14.5  2.70177  0  0
14.5  2.7646  0  0
14.5  2.82743  0  0
14.5  2.89027  0  0
14.5  2.9531  0  0
14.5  3.01593  0  0
14.5  3.07876  0  0
15  0  0  0
15  0.0628319  0  0
15  0.125664  0  0
15  0.188496  0  0
15  0.251327  0  0
15  0.314159  0  0
15  0.376991  0  0
15  0.439823  0  0
15  0.502655  6.63572  8.59172
15  0.565487  4.16885  0.754956
15  0.628319  3.57735  0.469678
15  0.69115  2.99272  0.221922
15  0.753982  2.73318  0.160517
15  0.816814  2.56543  0.146142
15  0.879646  2.39966  0.124305
15  0.942478  2.42251  0.110185
15  1.00531  2.3196  0.122556
15  1.06814  2.30187  0.116065
15  1.13097  2.41752  0.131706
15  1.19381  2.01515  0.0994919
15  1.25664  2.40404  0.132984
15  1.31947  2.20769  0.141189
15  1.3823  2.12349  0.113922
15  1.44513  2.21238  0.119991
15  1.50796  2.12641  0.101946
15  1.5708  2.29055  0.118114
15  1.63363  2.20368  0.120595
15  1.69646  2.04815  0.102373
15  1.75929  2.42772  0.12314
15  1.82212  2.21299  0.113284
15  1.88496  2.39514  0.145055
15  1.94779  2.26131  0.119564
15  2.01062  2.60352  0.128751
15  2.07345  2.20575  0.108063
15  2.13628  2.25448  0.107882
15  2.19911  2.7366  0.133798
15  2.26195  2.49776  0.128748
15  2.32478  2.59826  0.188286
15  2.38761  3.20193  0.29892
15  2.45044  2.91399  0.318247
15  2.51327  3.68136  0.592322
15  2.57611  37.3758  23.324
15  2.63894  0  0
15  2.70177  0  0
15  2.7646  0  0
15  2.82743  0  0
15  2.89027  0  0
15  2.9531  0  0
15  3.01593  0  0
15  3.07876  0  0
15.5  0  0  0
15.5  0.0628319  0  0
15.5  0.125664  0  0
15.5  0.188496  0  0
15.5  0.251327  0  0
15.5  0.314159  0  0
15.5  0.376991  0  0
15.5  0.439823  0  0
15.5  0.502655  21.8596  19.5256
15.5  0.565487  5.92823  1.78534
15.5  0.628319  3.3539  0.490727
15.5  0.69115  2.5673  0.213828
15.5  0.753982  2.65914  0.167704
15.5  0.816814  2.40701  0.161118
15.5  0.879646  2.59934  0.127227
15.5  0.942478  2.25632  0.102167
15.5  1.00531  2.52184  0.133837
15.5  1.06814  2.26911  0.117263
15.5  1.13097  2.34111  0.10655
15.5  1.19381  2.09523  0.121417
15.5  1.25664  2.09125  0.10115
15.5  1.31947  2.29157  0.119048
15.5  1.3823  2.36291  0.127391
15.5  1.44513  2.04104  0.114594
15.5  1.50796  2.23962  0.135987
15.5  1.5708  2.03976  0.11521
15.5  1.63363  2.31889  0.127849
15.5  1.69646  2.07185  0.0966509
15.5  1.75929  2.34843  0.121236
15.5  1.82212  2.0225  0.111474
15.5  1.88496  2.29698  0.12952
15.5  1.94779  1.98529  0.106291
15.5  2.01062  2.30641  0.109045
15.5  2.07345  2.39251  0.119607
15.5  2.13628  2.13118  0.103209
15.5  2.19911  2.3625  0.11898
15.5  2.26195  2.58178  0.151351
15.5  2.32478  2.61382  0.171219
15.5  2.38761  2.67391  0.205287
15.5  2.45044  3.31876  0.36271
15.5  2.51327  4.71549  1.28709
15.5  2.57611  7.67328  8.71898
15.5  2.63894  0  0
15.5  2.70177  0  0
15.5  2.7646  0  0
15.5  2.82743  0  0
15.5  2.89027  0  0
15.5  2.9531  0  0
15.5  3.01593  0  0
15.5  3.07876  0  0
16  0  0  0
16  0.0628319  0  0
16  0.125664  0  0
16  0.188496  0  0
16  0.251327  0  0
16  0.314159  0  0
16  0.376991  0  0
16  0.439823  0  0
16  0.502655  5.80962  3.4142
16  0.565487  4.55589  1.17417
16  0.628319  3.16128  0.380919
16  0.69115  3.09887  0.230137
16  0.753982  2.42629  0.1457
16  0.816814  2.53558  0.12975
16  0.879646  2.45859  0.114637
16  0.942478  2.29267  0.111913
16  1.00531  2.40433  0.118236
16  1.06814  2.41907  0.133065
16  1.13097  2.28938  0.128911
16  1.19381  2.34545  0.114818
16  1.25664  1.98242  0.106514
16  1.31947  2.02658  0.109863
16  1.3823  2.2053  0.115442
16  1.44513  2.36045  0.119813
16  1.50796  2.07785  0.0956029
16  1.5708  2.29017  0.12492
16  1.63363  2.35561  0.13254
16  1.69646  2.39534  0.143894
16  1.75929  2.33893  0.122435
16  1.82212  2.14203  0.116809
16  1.88496  2.33368  0.131013
16  1.94779  2.34866  0.115167
16  2.01062  2.32581  0.114898
16  2.07345  2.51695  0.127525
16  2.13628  2.45063  0.122918
16  2.19911  2.57183  0.134073
16  2.26195  2.59468  0.12918
16  2.32478  2.34541  0.128275
16  2.38761  2.77029  0.254585
16  2.45044  3.08353  0.357384
16  2.51327  6.61633  2.14248
16  2.57611  8.48468  9.26684
16  2.63894  0  0
16  2.70177  0  0
16  2.7646  0  0
16  2.82743  0  0
16  2.89027  0  0
16  2.9531  0  0
16  3.01593  0  0
16  3.07876  0  0
16.5  0  0  0
16.5  0.0628319  0  0
16.5  0.125664  0  0
16.5  0.188496  0  0
16.5  0.251327  0  0
16.5  0.314159  0  0
16.5  0.376991  0  0
16.5  0.439823  0  0
16.5  0.502655  6.26596  2.79071
16.5  0.565487  3.77837  0.651834
16.5  0.628319  3.62115  0.477518
16.5  0.69115  3.10658  0.234877
16.5  0.753982  2.76624  0.157801
16.5  0.816814  2.69663  0.164986
16.5  0.879646  2.37824  0.112634
16.5  0.942478  2.51361  0.135984
16.5  1.00531  2.53988  0.129382
16.5  1.06814  2.39219  0.134793
16.5  1.13097  2.33284  0.110514
16.5  1.19381  2.60514  0.147758
16.5  1.25664  2.32554  0.119606
16.5  1.31947  2.6082  0.147327
16.5  1.3823  2.64308  0.154606
16.5  1.44513  2.02145  0.102747
16.5  1.50796  2.25898  0.112236
16.5  1.5708  2.18532  0.10917
16.5  1.63363  2.40972  0.124367
16.5  1.69646  2.16472  0.113047
16.5  1.75929  2.34093  0.173591
16.5  1.82212  2.30745  0.129471
16.5  1.88496  2.25874  0.117078
16.5  1.94779  2.54824  0.141361
16.5  2.01062  2.12179  0.0973196
16.5  2.07345  2.21748  0.113882
16.5  2.13628  2.26069  0.112618
16.5  2.19911  2.40436  0.110236
16.5  2.26195  2.31817  0.117259
16.5  2.32478  2.69904  0.153133
16.5  2.38761  2.84204  0.219275
16.5  2.45044  2.90832  0.30579
16.5  2.51327  4.24185  0.84265
16.5  2.57611  4.57826  1.51547
16.5  2.63894  0  0
16.5  2.70177  0  0
16.5  2.7646  0  0
16.5  2.82743  0  0
16.5  2.89027  0  0
16.5  2.9531  0  0
16.5  3.01593  0  0
16.5  3.07876  0  0
17  0  0  0
17  0.0628319  0  0
17  0.125664  0  0
17  0.188496  0  0
17  0.251327  0  0
17  0.314159  0  0
17  0.376991  0  0
17  0.439823  0.251589  2.01427
17  0.502655  5.33348  1.74256
17  0.565487  4.84736  1.23606
17  0.628319  4.4675  0.656755
17  0.69115  2.78567  0.199216
17  0.753982  2.60623  0.149928
17  0.816814  2.60731  0.131347
17  0.879646  2.67157  0.117883
17  0.942478  2.35346  0.109531
17  1.00531  2.58787  0.136711
17  1.06814  2.75233  0.139657
17  1.13097  2.26322  0.12058
17  1.19381  2.36481  0.12671
17  1.25664  2.29776  0.115791
17  1.31947  2.30299  0.12032
17  1.3823  2.35166  0.10133
17  1.44513  2.17966  0.114198
17  1.50796  2.39903  0.141275
17  1.5708  2.32777  0.140943
17  1.63363  2.25846  0.103164
17  1.69646  2.36554  0.120149
17  1.75929  2.09367  0.119739
17  1.82212  2.29594  0.112075
17  1.88496  2.34592  0.113832
17  1.94779  2.43014  0.124956
17  2.01062  2.57661  0.126363
17  2.07345  2.44107  0.124147
17  2.13628  2.44201  0.122253
17  2.19911  2.32857  0.112018
17  2.26195  2.61361  0.133222
17  2.32478  2.48905  0.157128
17  2.38761  2.81653  0.340063
17  2.45044  3.00195  0.349744
17  2.51327  3.59552  0.544989
17  2.57611  6.10711  2.07043
17  2.63894  0  0
17  2.70177  0  0
17  2.7646  0  0
17  2.82743  0  0
17  2.89027  0  0
17  2.9531  0  0
17  3.01593  0  0
17  3.07876  0  0
17.5  0  0  0
17.5  0.0628319  0  0
17.5  0.125664  0  0
17.5  0.188496  0  0
17.5  0.251327  0  0
17.5  0.314159  0  0
17.5  0.376991  0  0
17.5  0.439823  9.45487  16.8103
17.5  0.502655  5.78863  2.19327
17.5  0.565487  4.70695  1.04201
17.5  0.628319  3.12241  0.370243
17.5  0.69115  3.02218  0.252261
17.5  0.753982  2.70028  0.1357
17.5  0.816814  2.50397  0.122857
17.5  0.879646  2.522  0.12139
17.5  0.942478  2.28764  0.118342
17.5  1.00531  2.45363  0.127915
17.5  1.06814  2.10473  0.0977851
17.5  1.13097  2.24092  0.0934253
17.5  1.19381  2.16431  0.105264
17.5  1.25664  2.0741  0.123547
17.5  1.31947  2.39131  0.111127
17.5  1.3823  2.35886  0.120451
17.5  1.44513  2.04491  0.0985425
17.5  1.50796  1.94583  0.112039
17.5  1.5708  2.30165  0.109011
17.5  1.63363  2.31632  0.107686
17.5  1.69646  2.4293  0.123787
17.5  1.75929  2.2286  0.112528
17.5  1.82212  2.18436  0.11509
17.5  1.88496  2.28746  0.133482
17.5  1.94779  2.33209  0.108136
17.5  2.01062  2.2999  0.126567
17.5  2.07345  2.61387  0.140032
17.5  2.13628  2.18988  0.11814
17.5  2.19911  2.38722  0.131332
17.5  2.26195  2.86372  0.151313
17.5  2.32478  2.47414  0.162383
17.5  2.38761  2.75164  0.251872
17.5  2.45044  3.04425  0.311306
17.5  2.51327  4.37406  0.829914
17.5  2.57611  8.33192  5.04556
17.5  2.63894  35.992  32.9114
17.5  2.70177  0  0
17.5  2.7646  0  0
17.5  2.82743  0  0
17.5  2.89027  0  0
17.5  2.9531  0  0
17.5  3.01593  0  0
17.5  3.07876  0  0
18  0  0  0
18  0.0628319  0  0
18  0.125664  0  0
18  0.188496  0  0
18  0.251327  0  0
18  0.314159  0  0
18  0.376991  0  0
18  0.439823  33.2368  17.3227
18  0.502655  6.63917  2.08347
18  0.565487  4.01136  0.804457
18  0.628319  3.43877  0.404564
18  0.69115  2.63327  0.217655
18  0.753982  2.57886  0.161484
18  0.816814  2.5333  0.129557
18  0.879646  2.81036  0.142321
18  0.942478  2.44596  0.124815
18  1.00531  2.39481  0.12421
18  1.06814  2.65115  0.150925
18  1.13097  2.26292  0.113218
18  1.19381  2.38608  0.121561
18  1.25664  2.32409  0.109418
18  1.31947  2.29701  0.12245
18  1.3823  2.09639  0.114165
18  1.44513  2.42312  0.115258
18  1.50796  2.39189  0.122463
18  1.5708  2.16531  0.0930038
18  1.63363  2.04457  0.0979873
18  1.69646  2.44642  0.120107
18  1.75929  2.09819  0.0943988
18  1.82212  2.22622  0.0992824
18  1.88496  2.29569  0.107545
18  1.94779  2.58398  0.115842
18  2.01062  2.39048  0.108976
18  2.07345  2.32981  0.108274
18  2.13628  2.31691  0.100827
18  2.19911  2.38117  0.120519
18  2.26195  2.66668  0.121076
18  2.32478  2.6382  0.145258
18  2.38761  3.1996  0.293028
18  2.45044  3.3116  0.374833
18  2.51327  3.94386  0.738333
18  2.57611  4.94672  1.43815
18  2.63894  25.8806  16.5185
18  2.70177  0  0
18  2.7646  0  0
18  2.82743  0  0
18  2.89027  0  0
18  2.9531  0  0
18  3.01593  0  0
18  3.07876  0  0
18.5  0  0  0
18.5  0.0628319  0  0
18.5  0.125664  0  0
18.5  0.188496  0  0
18.5  0.251327  0  0
18.5  0.314159  0  0
18.5  0.376991  0.244637  1.87223
18.5  0.439823  8.48713  10.7266
18.5  0.502655  5.25617  1.35581
18.5  0.565487  5.82593  1.68873
18.5  0.628319  3.18333  0.378432
18.5  0.69115  3.01814  0.275161
18.5  0.753982  2.60347  0.15779
18.5  0.816814  2.58757  0.148102
18.5  0.879646  2.53511  0.132936
18.5  0.942478  2.33098  0.102476
18.5  1.00531  2.45681  0.106448
18.5  1.06814  2.32879  0.143482
18.5  1.13097  2.40355  0.11398
18.5  1.19381  2.27313  0.119861
18.5  1.25664  2.16709  0.0974052
18.5  1.31947  2.39522  0.119287
18.5  1.3823  2.17347  0.113605
18.5  1.44513  2.36082  0.110745
18.5  1.50796  2.28016  0.103508
18.5  1.5708  2.44552  0.11313
18.5  1.63363  1.98402  0.0936586
18.5  1.69646  2.25747  0.121444
18.5  1.75929  2.15961  0.0904051
18.5  1.82212  2.16988  0.0950266
18.5  1.88496  2.57667  0.142018
18.5  1.94779  2.22664  0.103985
18.5  2.01062  2.31306  0.101888
18.5  2.07345  2.39775  0.119159
18.5  2.13628  2.45274  0.112042
18.5  2.19911  2.56522  0.114206
18.5  2.26195  2.35575  0.105523
18.5  2.32478  2.53905  0.170784
18.5  2.38761  2.50313  0.150213
18.5  2.45044  3.23698  0.372659
18.5  2.51327  4.57098  0.924803
18.5  2.57611  4.77369  1.53825
18.5  2.63894  9.99632  18.1897
18.5  2.70177  0  0
18.5  2.7646  0  0
18.5  2.82743  0  0
18.5  2.89027  0  0
18.5  2.9531  0  0
18.5  3.01593  0  0
18.5  3.07876  0  0
19  0  0  0
19  0.0628319  0  0
19  0.125664  0  0
19  0.188496  0  0
19  0.251327  0  0
19  0.314159  0  0
19  0.376991  0  0
19  0.439823  8.27869  8.32772
19  0.502655  4.6529  1.28522
19  0.565487  4.96312  0.883712
19  0.628319  3.91553  0.917755
19  0.69115  2.56621  0.176253
19  0.753982  2.64695  0.152158
19  0.816814  2.39338  0.1003
19  0.879646  2.75105  0.131342
19  0.942478  2.47016  0.1148
19  1.00531  2.55769  0.115879
19  1.06814  2.64321  0.130233
19  1.13097  2.55704  0.124552
19  1.19381  2.26928  0.115983
19  1.25664  2.18209  0.104045
19  1.31947  2.13363  0.113357
19  1.3823  2.04817  0.111269
19  1.44513  2.23992  0.10852
19  1.50796  2.25357  0.111334
19  1.5708  2.16175  0.118863
19  1.63363  2.26309  0.120831
19  1.69646  2.53843  0.136838
19  1.75929  2.41974  0.144694
19  1.82212  2.39115  0.11356
19  1.88496  2.33679  0.103448
19  1.94779  2.24548  0.102243
19  2.01062  2.30245  0.131539
19  2.07345  2.4685  0.119441
19  2.13628  2.60388  0.118343
19  2.19911  2.60278  0.108163
19  2.26195  2.61461  0.118653
19  2.32478  2.70308  0.134311
19  2.38761  2.85152  0.201671
19  2.45044  2.95484  0.268899
19  2.51327  5.27711  1.41545
19  2.57611  5.36419  1.34869
19  2.63894  7.37695  9.38982
19  2.70177  0  0
19  2.7646  0  0
19  2.82743  0  0
19  2.89027  0  0
19  2.9531  0  0
19  3.01593  0  0
19  3.07876  0  0
19.5  0  0  0
19.5  0.0628319  0  0
19.5  0.125664  0  0
19.5  0.188496  0  0
19.5  0.251327  0  0
19.5  0.314159  0  0
19.5  0.376991  0  0
19.5  0.439823  12.9316  23.1543
19.5  0.502655  7.08303  2.70557
19.5  0.565487  3.51457  0.571823
19.5  0.628319  3.81607  0.441725
19.5  0.69115  3.00574  0.218474
19.5  0.753982  2.60277  0.172497
19.5  0.816814  2.5583  0.121587
19.5  0.879646  2.51824  0.0932364
19.5  0.942478  2.35281  0.0955435
19.5  1.00531  2.65241  0.125101
19.5  1.06814  2.18179  0.10538
19.5  1.13097  2.42313  0.135836
19.5  1.19381  2.36715  0.108733
19.5  1.25664  2.15813  0.112099
19.5  1.31947  2.3028  0.128469
19.5  1.3823  2.17462  0.124107
19.5  1.44513  2.08038  0.105233
19.5  1.50796  2.2607  0.109289
19.5  1.5708  2.09896  0.103856
19.5  1.63363  2.01721  0.0971371
19.5  1.69646  2.35194  0.107609
19.5  1.75929  2.17495  0.101679
19.5  1.82212  2.2174  0.111885
19.5  1.88496  2.57489  0.126005
19.5  1.94779  2.49592  0.12521
19.5  2.01062  2.43632  0.108642
19.5  2.07345  2.34868  0.109401
19.5  2.13628  2.50333  0.114331
19.5  2.19911  2.69184  0.117802
19.5  2.26195  2.64128  0.127706
19.5  2.32478  2.75173  0.183391
19.5  2.38761  3.38242  0.245359
19.5  2.45044  3.75347  0.423416
19.5  2.51327  3.8268  0.594678
19.5  2.57611  5.31402  1.63998
19.5  2.63894  6.49464  4.40183
19.5  2.70177  0  0
19.5  2.7646  0  0
19.5  2.82743  0  0
19.5  2.89027  0  0
19.5  2.9531  0  0
19.5  3.01593  0  0
19.5  3.07876  0  0
20  0  0  0
20  0.0628319  0  0
20  0.125664  0  0
20  0.188496  0  0
20  0.251327  0  0
20  0.314159  0  0
20  0.376991  0  0
20  0.439823  8.43694  6.01339
20  0.502655  6.15106  1.61876
20  0.565487  3.70037  0.693492
20  0.628319  3.05671  0.345084
20  0.69115  2.86388  0.2328
20  0.753982  2.81127  0.157995
20  0.816814  2.84653  0.135396
20  0.879646  2.73152  0.11694
20  0.942478  2.55169  0.114202
20  1.00531  2.42419  0.11895
20  1.06814  2.48809  0.10957
20  1.13097  2.38093  0.105764
20  1.19381  2.40872  0.115994
20  1.25664  2.17941  0.0998364
20  1.31947  2.37938  0.104881
20  1.3823  2.36217  0.112641
20  1.44513  1.96109  0.0986463
20  1.50796  2.25486  0.113117
20  1.5708  2.35125  0.109264
20  1.63363  2.18427  0.111407
20  1.69646  2.28353  0.131102
20  1.75929  2.20894  0.129367
20  1.82212  2.34583  0.135431
20  1.88496  2.14251  0.0987429
20  1.94779  1.84953  0.129689
20  2.01062  2.37045  0.131626
20  2.07345  2.50951  0.114632
20  2.13628  2.58291  0.115397
20  2.19911  2.71517  0.10587
20  2.26195  2.69384  0.114999
20  2.32478  2.83782  0.145967
20  2.38761  3.20766  0.272021
20  2.45044  3.54856  0.406023
20  2.51327  4.7487  1.09485
20  2.57611  4.68012  0.977563
20  2.63894  7.8396  5.75275
20  2.70177  0  0
20  2.7646  0  0
20  2.82743  0  0
20  2.89027  0  0
20  2.9531  0  0
20  3.01593  0  0
20  3.07876  0  0
20.5  0  0  0
20.5  0.0628319  0  0
20.5  0.125664  0  0
20.5  0.188496  0  0
20.5  0.251327  0  0
20.5  0.314159  0  0
20.5  0.376991  0.25017  2.26579
20.5  0.439823  10.0674  10.0607
20.5  0.502655  6.04077  1.9462
20.5  0.565487  6.32198  1.79067
20.5  0.628319  3.29589  0.343316
20.5  0.69115  2.95786  0.254849
20.5  0.753982  2.72721  0.142829
20.5  0.816814  2.71317  0.140742
20.5  0.879646  2.53938  0.116797
20.5  0.942478  2.52878  0.141585
20.5  1.00531  2.21569  0.0930423
20.5  1.06814  2.44907  0.114178
20.5  1.13097  1.96119  0.0979026
20.5  1.19381  2.179  0.104126
20.5  1.25664  2.20191  0.103875
20.5  1.31947  2.3492  0.106311
20.5  1.3823  2.55922  0.136487
20.5  1.44513  2.33869  0.117765
20.5  1.50796  2.31096  0.106234
20.5  1.5708  2.26436  0.113218
20.5  1.63363  2.28717  0.11573
20.5  1.69646  2.15344  0.116393
20.5  1.75929  2.25757  0.127254
20.5  1.82212  2.36724  0.109132
20.5  1.88496  2.41483  0.120572
20.5  1.94779  2.17813  0.118272
20.5  2.01062  2.31918  0.115225
20.5  2.07345  2.47719  0.106063
20.5  2.13628  2.63622  0.100256
20.5  2.19911  2.71438  0.114854
20.5  2.26195  2.74042  0.120092
20.5  2.32478  3.08027  0.199487
20.5  2.38761  2.90852  0.193685
20.5  2.45044  3.27683  0.370063
20.5  2.51327  4.31451  0.894121
20.5  2.57611  4.86672  1.38301
20.5  2.63894  10.4795  8.35728
20.5  2.70177  0  0
20.5  2.7646  0  0
20.5  2.82743  0  0
20.5  2.89027  0  0
20.5  2.9531  0  0
20.5  3.01593  0  0
20.5  3.07876  0  0
21  0  0  0
21  0.0628319  0  0
21  0.125664  0  0
21  0.188496  0  0
21  0.251327  0  0
21  0.314159  0  0
21  0.376991  0.25876  1.70225
21  0.439823  37.4254  37.8597
21  0.502655  4.32011  1.20843
21  0.565487  4.23476  0.697809
21  0.628319  3.12863  0.303712
21  0.69115  3.22208  0.216535
21  0.753982  2.92728  0.162251
21  0.816814  2.68212  0.121014
21  0.879646  2.58795  0.102641
21  0.942478  2.53973  0.111726
21  1.00531  2.34367  0.113076
21  1.06814  2.26167  0.0971062
21  1.13097  2.40873  0.121267
21  1.19381  2.21701  0.135947
21  1.25664  2.35179  0.10339
21  1.31947  2.22307  0.101709
21  1.3823  2.23177  0.116748
21  1.44513  2.11962  0.123133
21  1.50796  2.51021  0.118534
21  1.5708  2.32596  0.120633
21  1.63363  2.16634  0.0975046
21  1.69646  2.10158  0.107478
21  1.75929  2.26206  0.107336
21  1.82212  2.39524  0.109649
21  1.88496  2.52528  0.126546
21  1.94779  2.3655  0.119665
21  2.01062  2.62778  0.127654
21  2.07345  2.40722  0.102179
21  2.13628  2.69588  0.134795
21  2.19911  2.66574  0.10667
21  2.26195  2.79567  0.123828
21  2.32478  2.76565  0.155471
21  2.38761  2.75303  0.233284
21  2.45044  3.31567  0.388549
21  2.51327  4.23174  0.7616
21  2.57611  4.94623  1.28336
21  2.63894  14.0018  23.4029
21  2.70177  1.25039  9.17517
21  2.7646  0  0
21  2.82743  0  0
21  2.89027  0  0
21  2.9531  0  0
21  3.01593  0  0
21  3.07876  0  0
21.5  0  0  0
21.5  0.0628319  0  0
21.5  0.125664  0  0
21.5  0.188496  0  0
21.5  0.251327  0  0
21.5  0.314159  0  0
21.5  0.376991  35.3369  35.209
21.5  0.439823  8.0028  4.92537
21.5  0.502655  5.02455  1.3742
21.5  0.565487  3.90033  0.827047
21.5  0.628319  3.18104  0.322038
21.5  0.69115  2.8108  0.260188
21.5  0.753982  2.67819  0.159195
21.5  0.816814  2.68863  0.113983
21.5  0.879646  2.80427  0.12059
21.5  0.942478  2.51071  0.110844
21.5  1.00531  2.3947  0.112038
21.5  1.06814  2.51894  0.129938
21.5  1.13097  2.19789  0.0977598
21.5  1.19381  2.33032  0.111156
21.5  1.25664  2.3975  0.115492
21.5  1.31947  2.42527  0.123146
21.5  1.3823  2.33837  0.120084
21.5  1.44513  2.24536  0.0993973
21.5  1.50796  2.17006  0.103879
21.5  1.5708  2.14243  0.103082
21.5  1.63363  2.35687  0.151861
21.5  1.69646  2.39539  0.1097
21.5  1.75929  2.17788  0.10377
21.5  1.82212  2.2592  0.0933924
21.5  1.88496  2.34669  0.107719
21.5  1.94779  2.37725  0.111209
21.5  2.01062  2.54845  0.109294
21.5  2.07345  2.39161  0.118712
21.5  2.13628  2.4331  0.100503
21.5  2.19911  2.88679  0.128544
21.5  2.26195  2.61115  0.134596
21.5  2.32478  2.86354  0.144002
21.5  2.38761  3.11305  0.200205
21.5  2.45044  3.2281  0.521086
21.5  2.51327  4.42609  0.63806
21.5  2.57611  6.15636  1.69366
21.5  2.63894  9.30638  6.41073
21.5  2.70177  4.39044  4.35719
21.5  2.7646  0  0
21.5  2.82743  0  0
21.5  2.89027  0  0
21.5  2.9531  0  0
21.5  3.01593  0  0
21.5  3.07876  0  0
22  0  0  0
22  0.0628319  0  0
22  0.125664  0  0
22  0.188496  0  0
22  0.251327  0  0
22  0.314159  0  0
22  0.376991  35.4854  27.7399
22  0.439823  16.0627  28.2502
22  0.502655  6.85497  2.01981
22  0.565487  3.64165  0.528766
22  0.628319  3.64224  0.402657
22  0.69115  3.16583  0.207382
22  0.753982  3.15383  0.174592
22  0.816814  2.85943  0.12392
22  0.879646  2.91097  0.122341
22  0.942478  2.10182  0.108187
22  1.00531  2.45128  0.120578
22  1.06814  2.30122  0.112079
22  1.13097  2.2577  0.11792
22  1.19381  2.30427  0.100611
22  1.25664  2.28853  0.112003
22  1.31947  2.42537  0.1271
22  1.3823  1.99299  0.0957803
22  1.44513  2.32791  0.106649
22  1.50796  2.2242  0.10042
22  1.5708  2.4221  0.11449
22  1.63363  2.27447  0.146934
22  1.69646  2.33146  0.131308
22  1.75929  2.25428  0.108586
22  1.82212  2.22925  0.100123
22  1.88496  2.46222  0.125935
22  1.94779  2.27649  0.117085
22  2.01062  2.46222  0.111981
22  2.07345  2.43572  0.108902
22  2.13628  2.51901  0.12774
22  2.19911  2.6489  0.117583
22  2.26195  2.84527  0.126436
22  2.32478  3.05864  0.174883
22  2.38761  2.82848  0.240515
22  2.45044  2.95776  0.318156
22  2.51327  4.23411  0.787087
22  2.57611  6.98959  2.42051
22  2.63894  8.45365  4.3488
22  2.70177  40.5258  20.5444
22  2.7646  0  0
22  2.82743  0  0
22  2.89027  0  0
22  2.9531  0  0
22  3.01593  0  0
22  3.07876  0  0
22.5  0  0  0
22.5  0.0628319  0  0
22.5  0.125664  0  0
22.5  0.188496  0  0
22.5  0.251327  0  0
22.5  0.314159  0  0
22.5  0.376991  42.2751  37.4446
22.5  0.439823  9.01452  5.95926
22.5  0.502655  5.43295  1.35434
22.5  0.565487  4.10711  0.64979
22.5  0.628319  3.4076  0.351667
22.5  0.69115  3.03633  0.192947
22.5  0.753982  2.60236  0.145626
22.5  0.816814  2.49255  0.113615
22.5  0.879646  2.7444  0.124118
22.5  0.942478  2.53985  0.113933
22.5  1.00531  2.50068  0.136066
22.5  1.06814  2.52449  0.122809
22.5  1.13097  2.61311  0.119257
22.5  1.19381  2.118  0.107458
22.5  1.25664  2.28476  0.13228
22.5  1.31947  2.36331  0.127802
22.5  1.3823  2.26012  0.120722
22.5  1.44513  2.18215  0.102087
22.5  1.50796  2.38776  0.126651
22.5  1.5708  2.33772  0.111113
22.5  1.63363  2.32748  0.117673
22.5  1.69646  2.16368  0.0977268
22.5  1.75929  2.02841  0.0962949
22.5  1.82212  2.31084  0.113023
22.5  1.88496  2.20497  0.114484
22.5  1.94779  2.38472  0.136805
22.5  2.01062  2.42548  0.119858
22.5  2.07345  2.4859  0.102519
22.5  2.13628  2.74589  0.148365
22.5  2.19911  2.81318  0.123905
22.5  2.26195  2.56263  0.115466
22.5  2.32478  2.68205  0.136225
22.5  2.38761  3.10313  0.213183
22.5  2.45044  3.7922  0.438323
22.5  2.51327  4.60237  0.635963
22.5  2.57611  5.80863  1.30992
22.5  2.63894  5.92336  3.39139
22.5  2.70177  16.7043  26.7396
22.5  2.7646  0  0
22.5  2.82743  0  0
22.5  2.89027  0  0
22.5  2.9531  0  0
22.5  3.01593  0  0
22.5  3.07876  0  0
23  0  0  0
23  0.0628319  0  0
23  0.125664  0  0
23  0.188496  0  0
23  0.251327  0  0
23  0.314159  0  0
23  0.376991  35.4436  28.7006
23  0.439823  6.88019  4.17999
23  0.502655  4.70006  1.17686
23  0.565487  4.49632  0.686689
23  0.628319  3.47888  0.300514
23  0.69115  3.11112  0.199757
23  0.753982  2.6637  0.139787
23  0.816814  2.52226  0.119416
23  0.879646  2.62838  0.11614
23  0.942478  2.40744  0.103264
23  1.00531  2.34092  0.117051
23  1.06814  2.45981  0.108823
23  1.13097  2.47112  0.118041
23  1.19381  2.58808  0.134157
23  1.25664  2.15056  0.104754
23  1.31947  2.48441  0.123019
23  1.3823  2.45502  0.122725
23  1.44513  2.20196  0.10521
23  1.50796  2.25404  0.126765
23  1.5708  2.11715  0.146361
23  1.63363  2.24  0.103718
23  1.69646  2.25127  0.100444
23  1.75929  2.36586  0.123719
23  1.82212  2.19628  0.115218
23  1.88496  2.49666  0.128863
23  1.94779  2.47202  0.109411
23  2.01062  2.53681  0.111329
23  2.07345  2.48986  0.107845
23  2.13628  2.42831  0.0989755
23  2.19911  2.34865  0.106214
23  2.26195  2.60429  0.115164
23  2.32478  2.67923  0.156958
23  2.38761  3.42281  0.283816
23  2.45044  3.35136  0.308495
23  2.51327  4.27865  0.991158
23  2.57611  4.23736  1.01001
23  2.63894  8.56998  5.07861
23  2.70177  6.0342  14.3646
23  2.7646  0  0
23  2.82743  0  0
23  2.89027  0  0
23  2.9531  0  0
23  3.01593  0  0
23  3.07876  0  0
23.5  0  0  0
23.5  0.0628319  0  0
23.5  0.125664  0  0
23.5  0.188496  0  0
23.5  0.251327  0  0
23.5  0.314159  0  0
23.5  0.376991  18.9024  24.1857
23.5  0.439823  9.18476  8.16428
23.5  0.502655  5.7503  1.53275
23.5  0.565487  5.07489  1.17251
23.5  0.628319  3.58437  0.40525
23.5  0.69115  2.88406  0.248981
23.5  0.753982  3.05634  0.167273
23.5  0.816814  2.60592  0.12519
23.5  0.879646  2.6638  0.140262
23.5  0.942478  2.6481  0.113068
23.5  1.00531  2.18927  0.115448
23.5  1.06814  2.33972  0.109671
23.5  1.13097  2.29943  0.122399
23.5  1.19381  2.21349  0.128281
23.5  1.25664  2.37585  0.111915
23.5  1.31947  2.3647  0.102686
23.5  1.3823  2.14402  0.0941128
23.5  1.44513  2.13893  0.0990648
23.5  1.50796  2.02973  0.0972521
23.5  1.5708  2.30206  0.121021
23.5  1.63363  2.30069  0.111806
23.5  1.69646  2.23408  0.1104
23.5  1.75929  2.44325  0.157556
23.5  1.82212  2.16533  0.126719
23.5  1.88496  2.19278  0.0961628
23.5  1.94779  2.38378  0.122997
23.5  2.01062  2.5535  0.126448
23.5  2.07345  2.62353  0.115818
23.5  2.13628  2.50628  0.113996
23.5  2.19911  2.61127  0.115749
23.5  2.26195  2.76278  0.148029
23.5  2.32478  2.94694  0.184047
23.5  2.38761  2.92711  0.202309
23.5  2.45044  3.56569  0.34651
23.5  2.51327  3.64632  0.703236
23.5  2.57611  5.43527  1.42948
23.5  2.63894  6.65586  3.22346
23.5  2.70177  44.6674  25.4421
23.5  2.7646  0  0
23.5  2.82743  0  0
23.5  2.89027  0  0
23.5  2.9531  0  0
23.5  3.01593  0  0
23.5  3.07876  0  0
24  0  0  0
24  0.0628319  0  0
24  0.125664  0  0
24  0.188496  0  0
24  0.251327  0  0
24  0.314159  0  0
24  0.376991  15.3964  28.8501
24  0.439823  7.41447  3.19813
24  0.502655  5.36731  1.24939
24  0.565487  3.84478  0.608509
24  0.628319  3.0279  0.345838
24  0.69115  2.6297  0.184222
24  0.753982  3.58191  0.214781
24  0.816814  2.61072  0.127284
24  0.879646  2.63766  0.117995
24  0.942478  2.48255  0.104274
24  1.00531  2.31843  0.115812
24  1.06814  2.6842  0.133656
24  1.13097  2.58283  0.111799
24  1.19381  2.38069  0.123538
24  1.25664  2.11537  0.100324
24  1.31947  2.36014  0.118212
24  1.3823  2.3105  0.115951
24  1.44513  2.12267  0.110065
24  1.50796  2.43608  0.113542
24  1.5708  2.29478  0.113228
24  1.63363  2.16477  0.098989
24  1.69646  2.27054  0.106974
24  1.75929  2.09905  0.105192
24  1.82212  2.36433  0.120011
24  1.88496  2.42263  0.11581
24  1.94779  2.52335  0.125726
24  2.01062  2.47428  0.110768
24  2.07345  2.54579  0.119754
24  2.13628  2.58228  0.112454
24  2.19911  2.58988  0.113688
24  2.26195  2.61685  0.129455
24  2.32478  3.01498  0.161725
24  2.38761  2.87277  0.218958
24  2.45044  3.6797  0.353299
24  2.51327  4.56773  0.616244
24  2.57611  4.1109  0.865011
24  2.63894  8.62155  4.56099
24  2.70177  33.6707  33.1376
24  2.7646  0  0
24  2.82743  0  0
24  2.89027  0  0
24  2.9531  0  0
24  3.01593  0  0
24  3.07876  0  0
24.5  0  0  0
24.5  0.0628319  0  0
24.5  0.125664  0  0
24.5  0.188496  0  0
24.5  0.251327  0  0
24.5  0.314159  0.251289  2.06432
24.5  0.376991  15.417  21.1354
24.5  0.439823  8.25484  4.05144
24.5  0.502655  5.7674  1.4984
24.5  0.565487  3.77372  0.558723
24.5  0.628319  4.23653  0.513082
24.5  0.69115  3.10719  0.19208
24.5  0.753982  2.66211  0.160186
24.5  0.816814  2.46886  0.100585
24.5  0.879646  2.61974  0.115145
24.5  0.942478  2.55107  0.105298
24.5  1.00531  2.61286  0.124085
24.5  1.06814  2.32195  0.0929914
24.5  1.13097  2.22135  0.122846
24.5  1.19381  2.39503  0.125796
24.5  1.25664  2.43817  0.119055
24.5  1.31947  2.34592  0.108225
24.5  1.3823  2.25595  0.106664
24.5  1.44513  2.08785  0.104293
24.5  1.50796  2.21129  0.107778
24.5  1.5708  2.03674  0.102703
24.5  1.63363  2.28684  0.0964851
24.5  1.69646  2.48801  0.116361
24.5  1.75929  2.08764  0.0985719
24.5  1.82212  2.33681  0.115176
24.5  1.88496  2.08125  0.0929391
24.5  1.94779  2.18606  0.10866
24.5  2.01062  2.44382  0.122099
24.5  2.07345  2.35309  0.0983373
24.5  2.13628  2.17808  0.0931139
24.5  2.19911  2.70813  0.111466
24.5  2.26195  2.86188  0.118662
24.5  2.32478  2.69859  0.144484
24.5  2.38761  3.05998  0.212268
24.5  2.45044  3.28779  0.421515
24.5  2.51327  3.59801  0.414587
24.5  2.57611  6.15375  1.82251
24.5  2.63894  5.09111  1.75251
24.5  2.70177  35.5273  18.7746
24.5  2.7646  0  0
24.5  2.82743  0  0
24.5  2.89027  0  0
24.5  2.9531  0  0
24.5  3.01593  0  0
24.5  3.07876  0  0
