2  0  0  0
2  0.0628319  0  0
2  0.125664  0  0
2  0.188496  0  0
2  0.251327  0  0
2  0.314159  0  0
2  0.376991  0  0
2  0.439823  0  0
2  0.502655  0  0
2  0.565487  0  0
2  0.628319  0  0
2  0.69115  0  0
2  0.753982  0  0
2  0.816814  0  0
2  0.879646  0  0
2  0.942478  0  0
2  1.00531  0  0
2  1.06814  0  0
2  1.13097  0  0
2  1.19381  0  0
2  1.25664  0  0
2  1.31947  0  0
2  1.3823  0  0
2  1.44513  0  0
2  1.50796  0.246515  2.25049
2  1.5708  0  0
2  1.63363  0  0
2  1.69646  0  0
2  1.75929  0  0
2  1.82212  0  0
2  1.88496  0  0
2  1.94779  0  0
2  2.01062  0  0
2  2.07345  0  0
2  2.13628  0  0
2  2.19911  0  0
2  2.26195  0  0
2  2.32478  0  0
2  2.38761  0  0
2  2.45044  0  0
2  2.51327  0  0
2  2.57611  0  0
2  2.63894  0  0
2  2.70177  0  0
2  2.7646  0  0
2  2.82743  0  0
2  2.89027  0  0
2  2.9531  0  0
2  3.01593  0  0
2  3.07876  0  0
3  0  0  0
3  0.0628319  0  0
3  0.125664  0  0
3  0.188496  0  0
3  0.251327  0  0
3  0.314159  0  0
3  0.376991  0  0
3  0.439823  0  0
3  0.502655  0  0
3  0.565487  0  0
3  0.628319  0  0
3  0.69115  0.246515  2.25049
3  0.753982  0  0
3  0.816814  0  0
3  0.879646  0  0
3  0.942478  1.11146  8.1557
3  1.00531  1.04934  0.19275
3  1.06814  3.33447  0.280412
3  1.13097  3.5385  0.207105
3  1.19381  4.02026  0.213625
3  1.25664  4.92791  0.269169
3  1.31947  4.94854  0.210351
3  1.3823  5.46447  0.271649
3  1.44513  5.43164  0.215448
3  1.50796  5.57686  0.244809
3  1.5708  5.35748  0.19406
3  1.63363  5.15097  0.193336
3  1.69646  5.40656  0.347839
3  1.75929  5.22177  0.213171
3  1.82212  4.60649  0.230171
3  1.88496  3.87889  0.221499
3  1.94779  3.55309  0.236755
3  2.01062  2.99768  0.23943
3  2.07345  3.88573  0.706863
3  2.13628  0  0
3  2.19911  0  0
3  2.26195  0  0
3  2.32478  0.248903  2.13154
3  2.38761  0  0
3  2.45044  0  0
3  2.51327  0  0
3  2.57611  0  0
3  2.63894  0  0
3  2.70177  0  0
3  2.7646  0  0
3  2.82743  0  0
3  2.89027  0  0
3  2.9531  0  0
3  3.01593  0  0
3  3.07876  0  0
4  0  0  0
4  0.0628319  0  0
4  0.125664  0  0
4  0.188496  0  0
4  0.251327  0  0
4  0.314159  0  0
4  0.376991  0  0
4  0.439823  0  0
4  0.502655  0  0
4  0.565487  0  0
4  0.628319  0.248781  2.11825
4  0.69115  0  0
4  0.753982  0.251454  2.03789
4  0.816814  2.5178  0.411258
4  0.879646  3.32925  0.222197
4  0.942478  3.96511  0.148091
4  1.00531  5.03182  0.198057
4  1.06814  4.69774  0.158435
4  1.13097  4.9614  0.190424
4  1.19381  4.78643  0.166108
4  1.25664  4.74182  0.17675
4  1.31947  5.23592  0.190442
4  1.3823  5.25012  0.192963
4  1.44513  4.83634  0.180785
4  1.50796  4.93431  0.176877
4  1.5708  4.9859  0.191501
4  1.63363  5.03003  0.196914
4  1.69646  5.00862  0.171678
4  1.75929  4.96285  0.167337
4  1.82212  4.84208  0.168552
4  1.88496  5.1713  0.176977
4  1.94779  5.0915  0.185982
4  2.01062  5.04813  0.198547
4  2.07345  5.35663  0.217641
4  2.13628  3.93342  0.154257
4  2.19911  3.73495  0.198665
4  2.26195  3.8709  0.533436
4  2.32478  4.44582  32.6228
4  2.38761  0  0
4  2.45044  0  0
4  2.51327  0  0
4  2.57611  0  0
4  2.63894  0  0
4  2.70177  0  0
4  2.7646  0  0
4  2.82743  0  0
4  2.89027  0  0
4  2.9531  0  0
4  3.01593  0  0
4  3.07876  0  0
5  0  0  0
5  0.0628319  0  0
5  0.125664  0  0
5  0.188496  0  0
5  0.251327  0  0
5  0.314159  0  0
5  0.376991  0  0
5  0.439823  0  0
5  0.502655  0  0
5  0.565487  0  0
5  0.628319  0  0
5  0.69115  2.8541  2.69122
5  0.753982  3.26598  0.204212
5  0.816814  4.03903  0.125132
5  0.879646  4.19908  0.145801
5  0.942478  4.46099  0.152318
5  1.00531  4.53751  0.139169
5  1.06814  4.50577  0.17415
5  1.13097  4.7332  0.161168
5  1.19381  4.67934  0.152936
5  1.25664  4.41343  0.176187
5  1.31947  5.20306  0.18443
5  1.3823  4.79346  0.163751
5  1.44513  5.06005  0.165193
5  1.50796  4.73144  0.178699
5  1.5708  5.01213  0.187802
5  1.63363  4.74347  0.175079
5  1.69646  4.68515  0.166928
5  1.75929  5.00122  0.205261
5  1.82212  5.39234  0.191617
5  1.88496  4.38347  0.150371
5  1.94779  4.51795  0.181868
5  2.01062  4.36707  0.146323
5  2.07345  4.57797  0.154765
5  2.13628  4.19189  0.113098
5  2.19911  4.64557  0.149565
5  2.26195  4.28449  0.149715
5  2.32478  3.33609  0.166195
5  2.38761  35.9805  36.0096
5  2.45044  0.246515  2.25049
5  2.51327  0  0
5  2.57611  0  0
5  2.63894  0  0
5  2.70177  0  0
5  2.7646  0  0
5  2.82743  0  0
5  2.89027  0  0
5  2.9531  0  0
5  3.01593  0  0
5  3.07876  0  0
6  0  0  0
6  0.0628319  0  0
6  0.125664  0  0
6  0.188496  0  0
6  0.251327  0  0
6  0.314159  0  0
6  0.376991  0  0
6  0.439823  0  0
6  0.502655  0  0
6  0.565487  7.78019  57.0899
6  0.628319  8.5175  10.0123
6  0.69115  3.70835  0.191673
6  0.753982  3.65983  0.136037
6  0.816814  4.19514  0.137657
6  0.879646  4.12974  0.133936
6  0.942478  4.2145  0.137836
6  1.00531  4.66943  0.16317
6  1.06814  4.87735  0.177556
6  1.13097  5.02702  0.175761
6  1.19381  4.58128  0.154742
6  1.25664  5.24159  0.21254
6  1.31947  4.91359  0.207862
6  1.3823  4.57125  0.161557
6  1.44513  4.80331  0.212764
6  1.50796  4.6729  0.189872
6  1.5708  4.93336  0.21921
6  1.63363  4.9131  0.174355
6  1.69646  4.57799  0.156292
6  1.75929  4.26706  0.139183
6  1.82212  4.7502  0.182461
6  1.88496  4.19046  0.178436
6  1.94779  4.72108  0.152125
6  2.01062  4.5206  0.172924
6  2.07345  4.39041  0.132848
6  2.13628  3.97885  0.13291
6  2.19911  4.30377  0.132181
6  2.26195  4.17253  0.141405
6  2.32478  3.92926  0.149202
6  2.38761  3.71848  0.205418
6  2.45044  2.7555  0.539365
6  2.51327  0  0
6  2.57611  0  0
6  2.63894  0  0
6  2.70177  0  0
6  2.7646  0  0
6  2.82743  0  0
6  2.89027  0  0
6  2.9531  0  0
6  3.01593  0  0
6  3.07876  0  0
7  0  0  0
7  0.0628319  0  0
7  0.125664  0  0
7  0.188496  0  0
7  0.251327  0  0
7  0.314159  0  0
7  0.376991  0  0
7  0.439823  0  0
7  0.502655  0  0
7  0.565487  3.8037  1.63768
7  0.628319  3.66144  0.264939
7  0.69115  4.11884  0.207059
7  0.753982  4.05155  0.142358
7  0.816814  4.2328  0.169923
7  0.879646  4.24873  0.129128
7  0.942478  4.20809  0.156132
7  1.00531  4.38658  0.187757
7  1.06814  4.6346  0.187593
7  1.13097  4.55487  0.161422
7  1.19381  4.82785  0.190733
7  1.25664  4.94965  0.213402
7  1.31947  4.53387  0.194413
7  1.3823  4.69428  0.192564
7  1.44513  4.5441  0.161827
7  1.50796  4.54412  0.159572
7  1.5708  4.98118  0.185363
7  1.63363  4.67629  0.218401
7  1.69646  4.85851  0.191274
7  1.75929  4.63962  0.182444
7  1.82212  4.72472  0.171798
7  1.88496  4.64782  0.158318
7  1.94779  4.7476  0.167026
7  2.01062  4.45353  0.160401
7  2.07345  4.46112  0.162343
7  2.13628  4.43343  0.169505
7  2.19911  4.37983  0.160326
7  2.26195  4.5034  0.150767
7  2.32478  4.03906  0.143561
7  2.38761  3.91841  0.184865
7  2.45044  3.52447  0.22125
7  2.51327  7.96875  5.38063
7  2.57611  0.246515  2.25049
7  2.63894  0  0
7  2.70177  0  0
7  2.7646  0  0
7  2.82743  0  0
7  2.89027  0  0
7  2.9531  0  0
7  3.01593  0  0
7  3.07876  0  0
8  0  0  0
8  0.0628319  0  0
8  0.125664  0  0
8  0.188496  0  0
8  0.251327  0  0
8  0.314159  0  0
8  0.376991  0  0
8  0.439823  0  0
8  0.502655  27.9454  17.6866
8  0.565487  2.95618  0.247435
8  0.628319  3.36751  0.175631
8  0.69115  3.59397  0.152548
8  0.753982  3.83619  0.153515
8  0.816814  4.43882  0.150561
8  0.879646  4.39669  0.148325
8  0.942478  4.25857  0.166575
8  1.00531  4.31609  0.186319
8  1.06814  4.56824  0.204773
8  1.13097  4.55542  0.173909
8  1.19381  4.56393  0.164705
8  1.25664  4.4923  0.155697
8  1.31947  4.64408  0.206075
8  1.3823  4.68089  0.153807
8  1.44513  4.83273  0.206104
8  1.50796  4.95402  0.215578
8  1.5708  5.07974  0.234744
8  1.63363  4.59981  0.180542
8  1.69646  5.07003  0.198818
8  1.75929  4.44404  0.193294
8  1.82212  4.37245  0.17569
8  1.88496  4.55644  0.146552
8  1.94779  4.32762  0.176032
8  2.01062  4.1899  0.165747
8  2.07345  4.33461  0.129739
8  2.13628  4.34656  0.154135
8  2.19911  4.30824  0.161487
8  2.26195  3.96376  0.147575
8  2.32478  4.25038  0.17932
8  2.38761  3.8151  0.164571
8  2.45044  3.96852  0.197705
8  2.51327  3.259  0.249105
8  2.57611  74.7763  61.7129
8  2.63894  0.252745  1.76779
8  2.70177  0  0
8  2.7646  0  0
8  2.82743  0  0
8  2.89027  0  0
8  2.9531  0  0
8  3.01593  0  0
8  3.07876  0  0
9  0  0  0
9  0.0628319  0  0
9  0.125664  0  0
9  0.188496  0  0
9  0.251327  0  0
9  0.314159  0  0
9  0.376991  0  0
9  0.439823  0.248903  2.13154
9  0.502655  3.74252  0.640345
9  0.565487  3.57729  0.236064
9  0.628319  3.66422  0.214639
9  0.69115  3.97311  0.169896
9  0.753982  3.9201  0.141646
9  0.816814  4.1915  0.125201
9  0.879646  4.3192  0.157889
9  0.942478  4.23745  0.154892
9  1.00531  4.44717  0.142305
9  1.06814  4.89093  0.19029
9  1.13097  4.44249  0.159164
9  1.19381  4.91094  0.17601
9  1.25664  4.621  0.184441
9  1.31947  4.64974  0.198473
9  1.3823  4.49552  0.188885
9  1.44513  5.17  0.218179
9  1.50796  4.62916  0.170571
9  1.5708  4.88848  0.219483
9  1.63363  4.49626  0.166737
9  1.69646  4.91078  0.192476
9  1.75929  4.69716  0.191987
9  1.82212  4.76504  0.208469
9  1.88496  4.31194  0.125483
9  1.94779  4.50299  0.161506
9  2.01062  4.51073  0.156831
9  2.07345  4.34467  0.142107
9  2.13628  4.4355  0.178674
9  2.19911  4.45227  0.164721
9  2.26195  4.04327  0.158853
9  2.32478  4.16237  0.186982
9  2.38761  4.132  0.191683
9  2.45044  3.37201  0.160039
9  2.51327  3.37874  0.194104
9  2.57611  4.25892  1.28232
9  2.63894  6.66874  48.9342
9  2.70177  0  0
9  2.7646  0  0
9  2.82743  0  0
9  2.89027  0  0
9  2.9531  0  0
9  3.01593  0  0
9  3.07876  0  0
10  0  0  0
10  0.0628319  0  0
10  0.125664  0  0
10  0.188496  0  0
10  0.251327  0  0
10  0.314159  0  0
10  0.376991  0  0
10  0.439823  25.5794  15.9758
10  0.502655  3.05543  0.305215
10  0.565487  3.68004  0.242546
10  0.628319  3.8532  0.212319
10  0.69115  3.88468  0.175223
10  0.753982  4.11871  0.166936
10  0.816814  4.06379  0.132276
10  0.879646  4.28382  0.169729
10  0.942478  4.76429  0.187382
10  1.00531  4.54386  0.148065
10  1.06814  4.80493  0.176777
10  1.13097  4.52137  0.163751
10  1.19381  4.49016  0.204918
10  1.25664  4.95945  0.210888
10  1.31947  4.42644  0.187794
10  1.3823  4.55796  0.16816
10  1.44513  4.80417  0.161095
10  1.50796  4.53805  0.173895
10  1.5708  4.68934  0.164375
10  1.63363  4.7897  0.201344
10  1.69646  4.73749  0.154209
10  1.75929  4.52981  0.175576
10  1.82212  5.28274  0.19347
10  1.88496  4.38666  0.158718
10  1.94779  4.61181  0.177128
10  2.01062  4.00191  0.161172
10  2.07345  4.7546  0.192714
10  2.13628  4.54388  0.159195
10  2.19911  4.3013  0.136922
10  2.26195  4.08428  0.129851
10  2.32478  4.25082  0.153834
10  2.38761  4.13294  0.179642
10  2.45044  3.96232  0.189863
10  2.51327  3.7655  0.309755
10  2.57611  3.52079  0.326988
10  2.63894  65.9825  34.9999
10  2.70177  0.251454  2.03789
10  2.7646  0  0
10  2.82743  0  0
10  2.89027  0  0
10  2.9531  0  0
10  3.01593  0  0
10  3.07876  0  0
11  0  0  0
11  0.0628319  0  0
11  0.125664  0  0
11  0.188496  0  0
11  0.251327  0  0
11  0.314159  0  0
11  0.376991  0.252745  1.76779
11  0.439823  2.42713  0.628236
11  0.502655  3.64839  0.278585
11  0.565487  3.37252  0.20421
11  0.628319  3.9449  0.199393
11  0.69115  4.26061  0.221301
11  0.753982  4.0613  0.155034
11  0.816814  4.23105  0.148101
11  0.879646  4.4043  0.144288
11  0.942478  4.15547  0.143138
11  1.00531  4.58065  0.185365
11  1.06814  4.33567  0.158366
11  1.13097  4.74725  0.207036
11  1.19381  4.79161  0.153558
11  1.25664  4.48393  0.178112
11  1.31947  4.6472  0.180191
11  1.3823  4.80811  0.168738
11  1.44513  4.54804  0.183648
11  1.50796  4.80463  0.204
11  1.5708  4.82875  0.167158
11  1.63363  5.04484  0.203128
11  1.69646  4.74038  0.189409
11  1.75929  4.7035  0.169393
11  1.82212  4.71225  0.16957
11  1.88496  4.8575  0.178817
11  1.94779  4.69544  0.172364
11  2.01062  4.54739  0.157914
11  2.07345  4.43685  0.143952
11  2.13628  4.32448  0.136386
11  2.19911  4.33341  0.146616
11  2.26195  4.68225  0.171634
11  2.32478  3.92641  0.152271
11  2.38761  4.20108  0.201692
11  2.45044  3.84023  0.190729
11  2.51327  3.84061  0.248407
11  2.57611  3.55854  0.297764
11  2.63894  3.34356  0.991303
11  2.70177  0  0
11  2.7646  0  0
11  2.82743  0  0
11  2.89027  0  0
11  2.9531  0  0
11  3.01593  0  0
11  3.07876  0  0
12  0  0  0
12  0.0628319  0  0
12  0.125664  0  0
12  0.188496  0  0
12  0.251327  0  0
12  0.314159  0  0
12  0.376991  0  0
12  0.439823  4.09402  0.817727
12  0.502655  3.12318  0.231238
12  0.565487  3.58074  0.191557
12  0.628319  3.9098  0.168186
12  0.69115  4.16551  0.166463
12  0.753982  3.95037  0.161266
12  0.816814  4.27732  0.174793
12  0.879646  4.43921  0.153723
12  0.942478  4.71815  0.16435
12  1.00531  4.56937  0.172451
12  1.06814  4.97714  0.173744
12  1.13097  4.68389  0.165606
12  1.19381  4.92804  0.170559
12  1.25664  4.88175  0.150615
12  1.31947  5.08231  0.210529
12  1.3823  4.83704  0.175816
12  1.44513  4.906  0.209261
12  1.50796  4.75278  0.176816
12  1.5708  4.7937  0.190114
12  1.63363  5.18499  0.182012
12  1.69646  4.84458  0.160614
12  1.75929  4.55002  0.196858
12  1.82212  4.58251  0.173259
12  1.88496  4.95907  0.195357
12  1.94779  4.66054  0.164596
12  2.01062  4.8165  0.16676
12  2.07345  4.4703  0.146685
12  2.13628  4.34968  0.135186
12  2.19911  4.47803  0.13926
12  2.26195  4.18608  0.137471
12  2.32478  4.01316  0.158115
12  2.38761  3.92996  0.152725
12  2.45044  3.90062  0.195203
12  2.51327  3.68028  0.247466
12  2.57611  3.25731  0.195084
12  2.63894  3.49636  0.486667
12  2.70177  8.89165  65.2456
12  2.7646  0  0
12  2.82743  0  0
12  2.89027  0  0
12  2.9531  0  0
12  3.01593  0  0
12  3.07876  0  0
13  0  0  0
13  0.0628319  0  0
13  0.125664  0  0
13  0.188496  0  0
13  0.251327  0  0
13  0.314159  0  0
13  0.376991  57.0369  36.8517
13  0.439823  2.73876  0.334625
13  0.502655  3.75351  0.264858
13  0.565487  3.14888  0.208164
13  0.628319  3.71859  0.181007
13  0.69115  3.78305  0.173351
13  0.753982  4.42197  0.160837
13  0.816814  4.71938  0.16052
13  0.879646  4.73953  0.148672
13  0.942478  4.60669  0.162637
13  1.00531  4.70733  0.181503
13  1.06814  4.77187  0.161793
13  1.13097  5.06537  0.181424
13  1.19381  5.10321  0.204811
13  1.25664  4.90816  0.186701
13  1.31947  4.81256  0.187758
13  1.3823  4.94129  0.17167
13  1.44513  4.50778  0.145623
13  1.50796  4.87148  0.201828
13  1.5708  4.78922  0.171235
13  1.63363  4.68797  0.167029
13  1.69646  5.28781  0.229619
13  1.75929  4.69033  0.168791
13  1.82212  4.90148  0.218896
13  1.88496  5.39993  0.223603
13  1.94779  5.01732  0.160931
13  2.01062  4.63787  0.154812
13  2.07345  4.5453  0.146072
13  2.13628  4.39529  0.159957
13  2.19911  4.69008  0.156856
13  2.26195  4.39311  0.152755
13  2.32478  4.26521  0.190509
13  2.38761  3.94261  0.180129
13  2.45044  3.81817  0.182465
13  2.51327  3.43199  0.17051
13  2.57611  3.35336  0.313045
13  2.63894  3.03356  0.307621
13  2.70177  25.5794  15.9758
13  2.7646  0  0
13  2.82743  0  0
13  2.89027  0  0
13  2.9531  0  0
13  3.01593  0  0
13  3.07876  0  0
14  0  0  0
14  0.0628319  0  0
14  0.125664  0  0
14  0.188496  0  0
14  0.251327  0  0
14  0.314159  0  0
14  0.376991  1.28098  0.424597
14  0.439823  3.13405  0.418668
14  0.502655  3.63341  0.278102
14  0.565487  4.01195  0.237563
14  0.628319  4.01355  0.203848
14  0.69115  3.69616  0.141017
14  0.753982  4.19969  0.174666
14  0.816814  4.07973  0.146464
14  0.879646  4.51948  0.149882
14  0.942478  4.36478  0.136526
14  1.00531  4.4946  0.154668
14  1.06814  4.79539  0.208266
14  1.13097  4.68683  0.171733
14  1.19381  5.3166  0.247329
14  1.25664  5.05098  0.189654
14  1.31947  4.77967  0.187343
14  1.3823  4.86927  0.212371
14  1.44513  5.16145  0.187499
14  1.50796  5.35677  0.193688
14  1.5708  5.58003  0.212765
14  1.63363  5.0262  0.179091
14  1.69646  4.95152  0.170259
14  1.75929  4.94492  0.189811
14  1.82212  5.30701  0.207362
14  1.88496  4.36924  0.166542
14  1.94779  4.79575  0.153393
14  2.01062  4.75592  0.193036
14  2.07345  4.66435  0.163271
14  2.13628  4.64321  0.158514
14  2.19911  4.57747  0.167302
14  2.26195  4.20463  0.201497
14  2.32478  4.27702  0.152746
14  2.38761  4.15239  0.1709
14  2.45044  3.59121  0.197522
14  2.51327  3.65237  0.216659
14  2.57611  3.26788  0.280895
14  2.63894  2.44127  0.316885
14  2.70177  51.1096  39.2667
14  2.7646  0.247646  1.9136
14  2.82743  0  0
14  2.89027  0  0
14  2.9531  0  0
14  3.01593  0  0
14  3.07876  0  0
15  0  0  0
15  0.0628319  0  0
15  0.125664  0  0
15  0.188496  0  0
15  0.251327  0  0
15  0.314159  0  0
15  0.376991  16.8895  6.41605
15  0.439823  3.10941  0.27602
15  0.502655  3.44623  0.271466
15  0.565487  3.74344  0.241546
15  0.628319  3.75217  0.17643
15  0.69115  4.25899  0.223437
15  0.753982  4.37671  0.179785
15  0.816814  4.38704  0.168966
15  0.879646  4.71406  0.159162
15  0.942478  4.72101  0.15903
15  1.00531  4.83775  0.17355
15  1.06814  4.83162  0.188819
15  1.13097  4.86362  0.189033
15  1.19381  4.8741  0.173568
15  1.25664  4.83977  0.157091
15  1.31947  4.85843  0.165421
15  1.3823  5.34993  0.191447
15  1.44513  5.25974  0.20448
15  1.50796  4.90754  0.170445
15  1.5708  5.58586  0.204113
15  1.63363  5.25728  0.202628
15  1.69646  4.99526  0.180611
15  1.75929  5.03675  0.196356
15  1.82212  4.91664  0.173028
15  1.88496  4.61089  0.15129
15  1.94779  4.70862  0.170265
15  2.01062  4.4121  0.183482
15  2.07345  4.71411  0.141227
15  2.13628  4.54542  0.131409
15  2.19911  4.9934  0.166534
15  2.26195  4.66362  0.176136
15  2.32478  4.13271  0.168952
15  2.38761  3.75325  0.223729
15  2.45044  4.07468  0.221621
15  2.51327  3.61385  0.20393
15  2.57611  3.54884  0.32108
15  2.63894  3.76501  0.483861
15  2.70177  5.13637  1.16505
15  2.7646  0  0
15  2.82743  0  0
15  2.89027  0  0
15  2.9531  0  0
15  3.01593  0  0
15  3.07876  0  0
16  0  0  0
16  0.0628319  0  0
16  0.125664  0  0
16  0.188496  0  0
16  0.251327  0  0
16  0.314159  0  0
16  0.376991  7.1052  2.73628
16  0.439823  3.36443  0.363054
16  0.502655  3.79114  0.269085
16  0.565487  3.30059  0.193835
16  0.628319  4.06904  0.220913
16  0.69115  4.00581  0.168096
16  0.753982  4.39301  0.155259
16  0.816814  4.21113  0.145864
16  0.879646  4.64157  0.165901
16  0.942478  4.76351  0.167886
16  1.00531  4.5066  0.186344
16  1.06814  5.00099  0.193176
16  1.13097  5.32125  0.224607
16  1.19381  5.27277  0.194923
16  1.25664  4.7829  0.154989
16  1.31947  5.23837  0.174303
16  1.3823  5.47976  0.201157
16  1.44513  5.44136  0.211185
16  1.50796  5.07867  0.195142
16  1.5708  5.12426  0.181528
16  1.63363  5.4338  0.190534
16  1.69646  5.3817  0.213749
16  1.75929  5.41318  0.221111
16  1.82212  4.94352  0.161626
16  1.88496  4.897  0.17821
16  1.94779  5.18238  0.186814
16  2.01062  5.28751  0.190148
16  2.07345  5.00803  0.161674
16  2.13628  4.6456  0.139006
16  2.19911  4.57121  0.153855
16  2.26195  4.56281  0.155823
16  2.32478  4.24127  0.162727
16  2.38761  4.204  0.171244
16  2.45044  4.16667  0.192752
16  2.51327  4.03687  0.272963
16  2.57611  3.37668  0.220463
16  2.63894  3.86962  0.360386
16  2.70177  2.36712  0.426816
16  2.7646  0  0
16  2.82743  0  0
16  2.89027  0  0
16  2.9531  0  0
16  3.01593  0  0
16  3.07876  0  0
17  0  0  0
17  0.0628319  0  0
17  0.125664  0  0
17  0.188496  0  0
17  0.251327  0  0
17  0.314159  0.246515  2.25049
17  0.376991  3.01179  0.52649
17  0.439823  3.93333  0.391577
17  0.502655  3.56689  0.242243
17  0.565487  3.72798  0.224248
17  0.628319  4.19474  0.228223
17  0.69115  4.12034  0.205246
17  0.753982  4.44458  0.168627
17  0.816814  4.678  0.165236
17  0.879646  4.57711  0.15411
17  0.942478  4.90664  0.153627
17  1.00531  4.99699  0.185921
17  1.06814  4.78105  0.179329
17  1.13097  4.8581  0.185732
17  1.19381  5.0692  0.150763
17  1.25664  5.4491  0.197378
17  1.31947  5.33952  0.18961
17  1.3823  5.27042  0.176767
17  1.44513  5.53902  0.210628
17  1.50796  5.38269  0.19958
17  1.5708  5.50354  0.194677
17  1.63363  5.20873  0.185433
17  1.69646  5.26482  0.192401
17  1.75929  4.8648  0.206902
17  1.82212  5.05306  0.175366
17  1.88496  5.21856  0.186992
17  1.94779  5.14797  0.175939
17  2.01062  4.55695  0.172867
17  2.07345  4.69588  0.161474
17  2.13628  4.92955  0.178367
17  2.19911  4.85783  0.153649
17  2.26195  4.26712  0.131803
17  2.32478  4.57162  0.159725
17  2.38761  4.22244  0.221264
17  2.45044  4.31903  0.212768
17  2.51327  3.79081  0.195551
17  2.57611  3.7361  0.432707
17  2.63894  3.38382  0.274985
17  2.70177  1.97667  0.479586
17  2.7646  0.247646  1.9136
17  2.82743  0  0
17  2.89027  0  0
17  2.9531  0  0
17  3.01593  0  0
17  3.07876  0  0
18  0  0  0
18  0.0628319  0  0
18  0.125664  0  0
18  0.188496  0  0
18  0.251327  0  0
18  0.314159  22.3598  17.7829
18  0.376991  3.03395  0.421063
18  0.439823  3.60717  0.341476
18  0.502655  3.66738  0.219212
18  0.565487  4.30127  0.256248
18  0.628319  4.41416  0.201844
18  0.69115  4.11357  0.154291
18  0.753982  4.98291  0.186865
18  0.816814  4.76565  0.160793
18  0.879646  4.68331  0.154786
18  0.942478  4.90407  0.161101
18  1.00531  4.99014  0.15805
18  1.06814  5.17966  0.165924
18  1.13097  4.97619  0.182709
18  1.19381  5.21769  0.190455
18  1.25664  4.91864  0.147374
18  1.31947  4.98271  0.194756
18  1.3823  5.36734  0.202158
18  1.44513  5.21167  0.226483
18  1.50796  5.299  0.206339
18  1.5708  5.03066  0.20806
18  1.63363  5.55723  0.207336
18  1.69646  5.37156  0.205699
18  1.75929  5.96062  0.244377
18  1.82212  5.2027  0.217685
18  1.88496  5.54043  0.189068
18  1.94779  4.78529  0.190585
18  2.01062  4.88837  0.169153
18  2.07345  4.8572  0.164088
18  2.13628  4.65138  0.143385
18  2.19911  4.75751  0.177375
18  2.26195  4.64642  0.154332
18  2.32478  4.58464  0.196894
18  2.38761  4.22598  0.200375
18  2.45044  4.64002  0.255386
18  2.51327  3.85784  0.227977
18  2.57611  3.9441  0.261289
18  2.63894  3.52688  0.30339
18  2.70177  2.82401  0.466148
18  2.7646  20.7055  32.5055
18  2.82743  0  0
18  2.89027  0  0
18  2.9531  0  0
18  3.01593  0  0
18  3.07876  0  0
19  0  0  0
19  0.0628319  0  0
19  0.125664  0  0
19  0.188496  0  0
19  0.251327  0  0
19  0.314159  16.5709  12.0756
19  0.376991  2.83456  0.421107
19  0.439823  4.04404  0.45506
19  0.502655  3.53782  0.311603
19  0.565487  3.61646  0.180423
19  0.628319  4.09401  0.217003
19  0.69115  4.11514  0.199789
19  0.753982  4.50511  0.171457
19  0.816814  4.89509  0.182189
19  0.879646  4.72454  0.150159
19  0.942478  4.98535  0.199576
19  1.00531  4.90441  0.151056
19  1.06814  5.0319  0.16074
19  1.13097  4.84792  0.163793
19  1.19381  5.40135  0.179924
19  1.25664  5.34107  0.186329
19  1.31947  4.95149  0.170434
19  1.3823  5.23231  0.203603
19  1.44513  5.46769  0.177906
19  1.50796  4.94401  0.163837
19  1.5708  5.71522  0.182105
19  1.63363  5.59334  0.220481
19  1.69646  5.66315  0.171022
19  1.75929  5.33605  0.200342
19  1.82212  5.40012  0.179701
19  1.88496  5.41271  0.202874
19  1.94779  5.1254  0.191785
19  2.01062  5.24818  0.163216
19  2.07345  5.0813  0.191062
19  2.13628  5.02559  0.163852
19  2.19911  4.65608  0.133861
19  2.26195  4.7951  0.150028
19  2.32478  4.49741  0.153027
19  2.38761  4.10866  0.180197
19  2.45044  4.07738  0.189133
19  2.51327  3.7101  0.224368
19  2.57611  3.44581  0.212394
19  2.63894  3.37017  0.298647
19  2.70177  3.06761  0.463261
19  2.7646  101.98  73.9621
19  2.82743  0  0
19  2.89027  0  0
19  2.9531  0  0
19  3.01593  0  0
19  3.07876  0  0
20  0  0  0
20  0.0628319  0  0
20  0.125664  0  0
20  0.188496  0  0
20  0.251327  0  0
20  0.314159  8.90626  9.74128
20  0.376991  5.55584  1.06733
20  0.439823  2.94188  0.250377
20  0.502655  3.79432  0.335813
20  0.565487  3.99194  0.288
20  0.628319  4.25065  0.213826
20  0.69115  4.02593  0.180703
20  0.753982  4.76355  0.171201
20  0.816814  4.9906  0.189528
20  0.879646  4.65107  0.141106
20  0.942478  4.92453  0.160224
20  1.00531  5.06786  0.175749
20  1.06814  5.01555  0.184976
20  1.13097  5.34486  0.189339
20  1.19381  5.30231  0.216202
20  1.25664  5.44625  0.182127
20  1.31947  5.0692  0.182052
20  1.3823  5.71109  0.225277
20  1.44513  5.59852  0.22672
20  1.50796  5.84516  0.244389
20  1.5708  5.1423  0.186656
20  1.63363  5.30287  0.2132
20  1.69646  5.50473  0.178007
20  1.75929  5.22677  0.218893
20  1.82212  5.28245  0.177298
20  1.88496  5.64632  0.219351
20  1.94779  5.13732  0.165444
20  2.01062  5.02569  0.179165
20  2.07345  5.40795  0.18323
20  2.13628  5.35316  0.164214
20  2.19911  4.61788  0.166312
20  2.26195  4.66773  0.161231
20  2.32478  4.42118  0.137801
20  2.38761  4.13892  0.144894
20  2.45044  4.36427  0.22343
20  2.51327  4.48364  0.263136
20  2.57611  3.93017  0.254875
20  2.63894  3.54363  0.249642
20  2.70177  2.56622  0.320806
20  2.7646  2.14728  1.12451
20  2.82743  0  0
20  2.89027  0  0
20  2.9531  0  0
20  3.01593  0  0
20  3.07876  0  0
21  0  0  0
21  0.0628319  0  0
21  0.125664  0  0
21  0.188496  0  0
21  0.251327  0  0
21  0.314159  5.92457  2.67518
21  0.376991  3.7701  0.514476
21  0.439823  4.02531  0.46302
21  0.502655  4.01434  0.380771
21  0.565487  3.74  0.211965
21  0.628319  4.37446  0.213131
21  0.69115  4.48569  0.206269
21  0.753982  4.66597  0.150806
21  0.816814  4.82785  0.162403
21  0.879646  4.67923  0.149594
21  0.942478  4.76384  0.139488
21  1.00531  4.93233  0.165416
21  1.06814  5.03821  0.179912
21  1.13097  5.31819  0.187576
21  1.19381  5.14014  0.182483
21  1.25664  5.34604  0.195237
21  1.31947  5.5237  0.202524
21  1.3823  5.71631  0.223506
21  1.44513  5.48979  0.1951
21  1.50796  5.35224  0.185537
21  1.5708  5.91601  0.192761
21  1.63363  5.24755  0.172489
21  1.69646  5.5096  0.185588
21  1.75929  5.41426  0.185272
21  1.82212  5.64483  0.201941
21  1.88496  5.62973  0.214355
21  1.94779  5.21571  0.168555
21  2.01062  5.26687  0.184235
21  2.07345  5.37578  0.217547
21  2.13628  5.28659  0.183366
21  2.19911  4.85482  0.178391
21  2.26195  4.62298  0.159383
21  2.32478  4.42991  0.167268
21  2.38761  4.47952  0.178331
21  2.45044  4.05221  0.198097
21  2.51327  3.90082  0.254959
21  2.57611  3.68304  0.265897
21  2.63894  3.03602  0.264023
21  2.70177  3.80607  0.469312
21  2.7646  3.03963  0.795877
21  2.82743  0  0
21  2.89027  0  0
21  2.9531  0  0
21  3.01593  0  0
21  3.07876  0  0
22  0  0  0
22  0.0628319  0  0
22  0.125664  0  0
22  0.188496  0  0
22  0.251327  0  0
22  0.314159  3.37738  1.49828
22  0.376991  2.995  0.402442
22  0.439823  4.21553  0.430746
22  0.502655  4.17007  0.318143
22  0.565487  4.10382  0.244387
22  0.628319  4.85015  0.294455
22  0.69115  4.49331  0.217926
22  0.753982  4.59529  0.148226
22  0.816814  4.76746  0.148213
22  0.879646  4.87703  0.142763
22  0.942478  4.84949  0.159525
22  1.00531  5.18127  0.167807
22  1.06814  5.14853  0.194209
22  1.13097  5.02393  0.193715
22  1.19381  5.51723  0.225716
22  1.25664  5.3995  0.197786
22  1.31947  5.54348  0.187778
22  1.3823  5.61396  0.186551
22  1.44513  5.26285  0.199089
22  1.50796  5.30822  0.181378
22  1.5708  5.72297  0.193527
22  1.63363  5.92238  0.214837
22  1.69646  5.59312  0.232661
22  1.75929  5.74418  0.22483
22  1.82212  5.23114  0.213484
22  1.88496  5.26316  0.178172
22  1.94779  5.26869  0.194526
22  2.01062  5.24135  0.17754
22  2.07345  4.9565  0.183822
22  2.13628  5.04828  0.166213
22  2.19911  5.01886  0.173409
22  2.26195  4.55424  0.156266
22  2.32478  4.55323  0.181811
22  2.38761  4.26551  0.209298
22  2.45044  4.55207  0.201068
22  2.51327  4.93376  0.371556
22  2.57611  3.99855  0.285345
22  2.63894  3.89066  0.350369
22  2.70177  4.09397  0.534924
22  2.7646  5.07872  4.70342
22  2.82743  0  0
22  2.89027  0  0
22  2.9531  0  0
22  3.01593  0  0
22  3.07876  0  0
23  0  0  0
23  0.0628319  0  0
23  0.125664  0  0
23  0.188496  0  0
23  0.251327  0  0
23  0.314159  4.65968  2.0809
23  0.376991  4.0042  0.57545
23  0.439823  3.27315  0.34767
23  0.502655  3.98257  0.249458
23  0.565487  3.78176  0.261223
23  0.628319  4.22304  0.190298
23  0.69115  4.68132  0.195399
23  0.753982  4.6526  0.192761
23  0.816814  5.09931  0.186213
23  0.879646  4.91663  0.153358
23  0.942478  5.27396  0.170189
23  1.00531  5.53291  0.189846
23  1.06814  5.64218  0.209136
23  1.13097  5.78444  0.216748
23  1.19381  5.67715  0.191974
23  1.25664  5.68213  0.208228
23  1.31947  5.41461  0.171237
23  1.3823  6.12426  0.212929
23  1.44513  5.55277  0.182418
23  1.50796  5.84799  0.222388
23  1.5708  5.51531  0.199857
23  1.63363  6.12042  0.230317
23  1.69646  5.59962  0.213851
23  1.75929  5.78108  0.194495
23  1.82212  5.17584  0.179966
23  1.88496  5.39558  0.173813
23  1.94779  5.1674  0.173679
23  2.01062  5.24102  0.1812
23  2.07345  5.2378  0.201267
23  2.13628  5.10439  0.159536
23  2.19911  4.87407  0.160159
23  2.26195  4.64868  0.160608
23  2.32478  4.79647  0.192654
23  2.38761  4.26079  0.178889
23  2.45044  4.46979  0.20285
23  2.51327  4.1319  0.224825
23  2.57611  4.14042  0.353607
23  2.63894  4.79027  0.399833
23  2.70177  5.13443  1.22412
23  2.7646  3.90121  3.07421
23  2.82743  0  0
23  2.89027  0  0
23  2.9531  0  0
23  3.01593  0  0
23  3.07876  0  0
24  0  0  0
24  0.0628319  0  0
24  0.125664  0  0
24  0.188496  0  0
24  0.251327  0  0
24  0.314159  4.60082  2.64322
24  0.376991  2.84032  0.309965
24  0.439823  3.28535  0.331568
24  0.502655  4.17326  0.268513
24  0.565487  4.29127  0.272047
24  0.628319  4.55674  0.203802
24  0.69115  4.32553  0.187666
24  0.753982  4.36607  0.153993
24  0.816814  5.09636  0.181444
24  0.879646  4.7594  0.146868
24  0.942478  5.0331  0.171768
24  1.00531  5.50116  0.187272
24  1.06814  5.64844  0.20136
24  1.13097  5.54227  0.181235
24  1.19381  5.53959  0.214511
24  1.25664  5.67073  0.19818
24  1.31947  5.93627  0.215242
24  1.3823  5.79454  0.240443
24  1.44513  5.34253  0.207174
24  1.50796  6.14951  0.200051
24  1.5708  5.71971  0.194009
24  1.63363  5.88973  0.209623
24  1.69646  5.80898  0.28991
24  1.75929  5.21431  0.199727
24  1.82212  5.88462  0.227133
24  1.88496  5.61454  0.220456
24  1.94779  5.71176  0.21593
24  2.01062  5.16444  0.172071
24  2.07345  5.08349  0.186817
24  2.13628  4.99701  0.156479
24  2.19911  5.05661  0.150505
24  2.26195  5.11652  0.143394
24  2.32478  4.68647  0.16778
24  2.38761  4.44754  0.179569
24  2.45044  4.01895  0.162598
24  2.51327  4.1764  0.234144
24  2.57611  3.95891  0.358441
24  2.63894  3.83639  0.266187
24  2.70177  2.38824  0.299223
24  2.7646  3.60081  0.982276
24  2.82743  0  0
24  2.89027  0  0
24  2.9531  0  0
24  3.01593  0  0
24  3.07876  0  0
25  0  0  0
25  0.0628319  0  0
25  0.125664  0  0
25  0.188496  0  0
25  0.251327  0.248903  2.13154
25  0.314159  3.89173  1.17017
25  0.376991  3.93367  0.494192
25  0.439823  4.57677  0.483374
25  0.502655  3.95702  0.290781
25  0.565487  4.91518  0.274752
25  0.628319  4.41574  0.1929
25  0.69115  4.15376  0.182814
25  0.753982  4.62591  0.160013
25  0.816814  5.22115  0.210388
25  0.879646  4.94916  0.162098
25  0.942478  5.21837  0.167671
25  1.00531  5.33875  0.191982
25  1.06814  5.73554  0.216311
25  1.13097  5.56467  0.187836
25  1.19381  5.55507  0.235084
25  1.25664  5.75968  0.205252
25  1.31947  5.75436  0.192697
25  1.3823  5.86524  0.220418
25  1.44513  5.64243  0.201711
25  1.50796  6.06382  0.235826
25  1.5708  5.83819  0.228545
25  1.63363  5.81097  0.184309
25  1.69646  6.04747  0.210736
25  1.75929  5.53446  0.175417
25  1.82212  5.85333  0.226866
25  1.88496  6.15439  0.204606
25  1.94779  5.80196  0.21822
25  2.01062  5.66811  0.185488
25  2.07345  5.14655  0.171689
25  2.13628  5.51084  0.191475
25  2.19911  5.01911  0.163253
25  2.26195  5.3797  0.206805
25  2.32478  4.87412  0.182951
25  2.38761  4.7042  0.209975
25  2.45044  4.16784  0.21495
25  2.51327  4.61086  0.347451
25  2.57611  4.08022  0.31361
25  2.63894  4.16769  0.294569
25  2.70177  2.69653  0.46065
25  2.7646  4.55451  0.948606
25  2.82743  0  0
25  2.89027  0  0
25  2.9531  0  0
25  3.01593  0  0
25  3.07876  0  0
26  0  0  0
26  0.0628319  0  0
26  0.125664  0  0
26  0.188496  0  0
26  0.251327  0  0
26  0.314159  1.82472  1.50988
26  0.376991  3.2876  0.52592
26  0.439823  4.50569  0.435924
26  0.502655  4.12454  0.323136
26  0.565487  4.60638  0.305303
26  0.628319  4.87732  0.243796
26  0.69115  4.30621  0.213219
26  0.753982  4.52712  0.139301
26  0.816814  4.79512  0.168038
26  0.879646  4.98392  0.175772
26  0.942478  5.39173  0.183084
26  1.00531  5.45528  0.175331
26  1.06814  5.36376  0.193173
26  1.13097  5.70513  0.179738
26  1.19381  5.40062  0.218406
26  1.25664  5.74681  0.208355
26  1.31947  5.65433  0.207251
26  1.3823  6.28811  0.245937
26  1.44513  5.70361  0.19575
26  1.50796  5.95945  0.211005
26  1.5708  6.04593  0.236667
26  1.63363  6.26852  0.204963
26  1.69646  6.13062  0.242143
26  1.75929  5.75303  0.177022
26  1.82212  5.94989  0.275493
26  1.88496  5.20775  0.202377
26  1.94779  5.7423  0.199046
26  2.01062  5.48707  0.202
26  2.07345  5.50487  0.193137
26  2.13628  5.05842  0.154038
26  2.19911  5.24111  0.146997
26  2.26195  5.05327  0.18322
26  2.32478  4.47698  0.160393
26  2.38761  4.77627  0.188584
26  2.45044  4.37395  0.201382
26  2.51327  4.32032  0.272856
26  2.57611  4.32471  0.305864
26  2.63894  3.34428  0.228775
26  2.70177  3.55813  0.405685
26  2.7646  5.76618  1.55247
26  2.82743  3.33437  24.4671
26  2.89027  0  0
26  2.9531  0  0
26  3.01593  0  0
26  3.07876  0  0
27  0  0  0
27  0.0628319  0  0
27  0.125664  0  0
27  0.188496  0  0
27  0.251327  0.250138  2.26611
27  0.314159  3.49674  1.25291
27  0.376991  3.5179  0.364382
27  0.439823  4.10063  0.384013
27  0.502655  3.93021  0.272972
27  0.565487  3.83272  0.249343
27  0.628319  4.80195  0.228404
27  0.69115  4.63564  0.187168
27  0.753982  4.69042  0.174215
27  0.816814  5.25808  0.177449
27  0.879646  5.38183  0.182718
27  0.942478  5.30507  0.176395
27  1.00531  5.34285  0.171135
27  1.06814  5.6434  0.184383
27  1.13097  5.8222  0.202027
27  1.19381  5.87341  0.21234
27  1.25664  6.22745  0.220169
27  1.31947  5.51235  0.204891
27  1.3823  5.91189  0.265761
27  1.44513  6.18014  0.241041
27  1.50796  5.3166  0.165027
27  1.5708  6.09106  0.19966
27  1.63363  6.36192  0.254655
27  1.69646  5.86964  0.203794
27  1.75929  5.93046  0.196972
27  1.82212  5.5888  0.19627
27  1.88496  5.36579  0.211634
27  1.94779  5.80365  0.192231
27  2.01062  5.63398  0.186338
27  2.07345  5.52008  0.186755
27  2.13628  5.57372  0.172571
27  2.19911  5.10109  0.15895
27  2.26195  4.87539  0.134433
27  2.32478  4.73692  0.184861
27  2.38761  4.77427  0.185613
27  2.45044  4.72424  0.203805
27  2.51327  3.95353  0.193993
27  2.57611  3.85271  0.257373
27  2.63894  3.43149  0.267558
27  2.70177  2.50016  0.394706
27  2.7646  2.59634  0.403168
27  2.82743  8.89165  65.2456
27  2.89027  0  0
27  2.9531  0  0
27  3.01593  0  0
27  3.07876  0  0
28  0  0  0
28  0.0628319  0  0
28  0.125664  0  0
28  0.188496  0  0
28  0.251327  0  0
28  0.314159  3.80329  0.859495
28  0.376991  3.28835  0.833234
28  0.439823  4.30664  0.3876
28  0.502655  3.81583  0.458632
28  0.565487  4.16134  0.249833
28  0.628319  4.55531  0.250015
28  0.69115  4.73528  0.248403
28  0.753982  4.97241  0.170317
28  0.816814  5.10609  0.157211
28  0.879646  5.28127  0.132376
28  0.942478  5.40201  0.167362
28  1.00531  5.57076  0.18355
28  1.06814  5.92698  0.195234
28  1.13097  6.18264  0.229153
28  1.19381  5.60083  0.183847
28  1.25664  5.95622  0.21133
28  1.31947  6.07414  0.230475
28  1.3823  6.00668  0.23667
28  1.44513  6.28493  0.221758
28  1.50796  6.00773  0.234266
28  1.5708  6.01628  0.213834
28  1.63363  5.87856  0.2124
28  1.69646  6.05714  0.230183
28  1.75929  6.00522  0.201777
28  1.82212  5.67587  0.206471
28  1.88496  5.95039  0.189747
28  1.94779  5.71766  0.223279
28  2.01062  5.62185  0.191928
28  2.07345  5.5033  0.180611
28  2.13628  5.43592  0.191491
28  2.19911  5.28147  0.155517
28  2.26195  4.91666  0.181025
28  2.32478  4.583  0.181307
28  2.38761  4.47183  0.164579
28  2.45044  4.48375  0.231079
28  2.51327  4.68717  0.246998
28  2.57611  3.83699  0.275355
28  2.63894  4.34554  0.487934
28  2.70177  4.32043  0.482312
28  2.7646  3.98936  0.636206
28  2.82743  6.66874  48.9342
28  2.89027  0  0
28  2.9531  0  0
28  3.01593  0  0
28  3.07876  0  0
29  0  0  0
29  0.0628319  0  0
29  0.125664  0  0
29  0.188496  0  0
29  0.251327  0.246515  2.25049
29  0.314159  3.3386  0.791698
29  0.376991  3.37185  0.385207
29  0.439823  4.28476  0.28909
29  0.502655  4.53857  0.386191
29  0.565487  4.38816  0.386997
29  0.628319  4.39339  0.235247
29  0.69115  5.17057  0.242562
29  0.753982  5.025  0.176435
29  0.816814  5.36762  0.170066
29  0.879646  5.67853  0.192758
29  0.942478  5.33954  0.186744
29  1.00531  5.72344  0.211657
29  1.06814  5.41293  0.16847
29  1.13097  5.65716  0.180826
29  1.19381  6.25151  0.220961
29  1.25664  5.77605  0.20962
29  1.31947  6.57087  0.233059
29  1.3823  6.31835  0.241249
29  1.44513  5.71363  0.238125
29  1.50796  6.21695  0.221201
29  1.5708  6.29836  0.226825
29  1.63363  5.94236  0.229445
29  1.69646  6.19022  0.250964
29  1.75929  5.71231  0.204531
29  1.82212  6.49884  0.245729
29  1.88496  5.87119  0.219731
29  1.94779  5.44259  0.17924
29  2.01062  5.44186  0.184823
29  2.07345  5.78037  0.221618
29  2.13628  5.17631  0.146833
29  2.19911  5.77496  0.173907
29  2.26195  5.27002  0.156544
29  2.32478  4.89794  0.159466
29  2.38761  4.76817  0.201553
29  2.45044  4.42874  0.26864
29  2.51327  4.74792  0.358415
29  2.57611  4.21718  0.339395
29  2.63894  3.31664  0.303161
29  2.70177  3.39603  0.440084
29  2.7646  2.25979  0.410924
29  2.82743  65.9825  34.9999
29  2.89027  0  0
29  2.9531  0  0
29  3.01593  0  0
29  3.07876  0  0
30  0  0  0
30  0.0628319  0  0
30  0.125664  0  0
30  0.188496  0  0
30  0.251327  0.996134  7.89967
30  0.314159  3.11402  0.521624
30  0.376991  5.03446  0.655968
30  0.439823  3.70152  0.422899
30  0.502655  3.9537  0.262913
30  0.565487  4.34392  0.236965
30  0.628319  4.56485  0.219028
30  0.69115  4.87797  0.205494
30  0.753982  5.10245  0.162044
30  0.816814  5.45523  0.164576
30  0.879646  5.30016  0.166635
30  0.942478  5.46699  0.161543
30  1.00531  5.47182  0.239961
30  1.06814  5.24582  0.184657
30  1.13097  5.72291  0.174007
30  1.19381  6.05156  0.196868
30  1.25664  5.81127  0.188357
30  1.31947  5.89032  0.211319
30  1.3823  6.38801  0.206939
30  1.44513  6.23725  0.219977
30  1.50796  6.57641  0.270288
30  1.5708  6.20619  0.268523
30  1.63363  6.67957  0.25101
30  1.69646  6.58794  0.218477
30  1.75929  6.32162  0.217143
30  1.82212  5.91528  0.207677
30  1.88496  6.01518  0.224135
30  1.94779  5.88104  0.191378
30  2.01062  5.7487  0.183187
30  2.07345  5.65763  0.171272
30  2.13628  5.3772  0.165408
30  2.19911  5.45017  0.164467
30  2.26195  5.11544  0.170028
30  2.32478  4.79709  0.181799
30  2.38761  5.11915  0.204967
30  2.45044  4.90128  0.215698
30  2.51327  4.5331  0.254065
30  2.57611  4.4169  0.28041
30  2.63894  4.1709  0.53631
30  2.70177  3.86961  0.701474
30  2.7646  2.75481  0.407161
30  2.82743  48.0982  46.1541
30  2.89027  0  0
30  2.9531  0  0
30  3.01593  0  0
30  3.07876  0  0
31  0  0  0
31  0.0628319  0  0
31  0.125664  0  0
31  0.188496  0  0
31  0.251327  9.8072  12.1428
31  0.314159  1.88942  0.555295
31  0.376991  3.80784  0.384396
31  0.439823  3.52941  0.36382
31  0.502655  4.44781  0.424935
31  0.565487  4.17957  0.244288
31  0.628319  4.82971  0.292051
31  0.69115  4.72709  0.203545
31  0.753982  5.11345  0.169993
31  0.816814  5.62763  0.2069
31  0.879646  5.38142  0.155993
31  0.942478  5.46816  0.191161
31  1.00531  5.76478  0.182125
31  1.06814  5.71126  0.2319
31  1.13097  5.83435  0.231652
31  1.19381  5.65643  0.207016
31  1.25664  6.22391  0.229047
31  1.31947  6.65383  0.304128
31  1.3823  6.14835  0.222593
31  1.44513  6.21898  0.222713
31  1.50796  6.2993  0.238887
31  1.5708  5.7667  0.190966
31  1.63363  5.99096  0.210912
31  1.69646  6.04872  0.231425
31  1.75929  6.06703  0.21521
31  1.82212  5.93885  0.225237
31  1.88496  5.92703  0.202754
31  1.94779  5.72099  0.185183
31  2.01062  5.92471  0.2144
31  2.07345  5.68662  0.192349
31  2.13628  5.79635  0.202323
31  2.19911  5.28022  0.182395
31  2.26195  5.04761  0.153499
31  2.32478  5.25396  0.182513
31  2.38761  5.15045  0.227686
31  2.45044  5.28148  0.288678
31  2.51327  4.40245  0.26015
31  2.57611  3.86285  0.231326
31  2.63894  4.14108  0.362032
31  2.70177  3.59827  0.429817
31  2.7646  4.74067  1.30301
31  2.82743  2.22291  16.3114
31  2.89027  0  0
31  2.9531  0  0
31  3.01593  0  0
31  3.07876  0  0
32  0  0  0
32  0.0628319  0  0
32  0.125664  0  0
32  0.188496  0  0
32  0.251327  3.98453  31.5987
32  0.314159  4.57214  1.14252
32  0.376991  3.42458  0.348869
32  0.439823  3.90967  0.356123
32  0.502655  4.60085  0.300604
32  0.565487  4.26107  0.1958
32  0.628319  5.00056  0.247643
32  0.69115  5.19777  0.236124
32  0.753982  5.13758  0.205219
32  0.816814  5.30541  0.200169
32  0.879646  5.23793  0.165619
32  0.942478  5.66008  0.17298
32  1.00531  5.86707  0.203178
32  1.06814  5.59259  0.22612
32  1.13097  6.1313  0.203205
32  1.19381  6.24673  0.209829
32  1.25664  5.80268  0.223336
32  1.31947  6.15557  0.221174
32  1.3823  5.89033  0.217175
32  1.44513  5.7854  0.21168
32  1.50796  6.58957  0.255519
32  1.5708  6.19004  0.230085
32  1.63363  6.07046  0.222915
32  1.69646  6.58509  0.239979
32  1.75929  6.13644  0.24281
32  1.82212  6.52217  0.221183
32  1.88496  5.83737  0.187446
32  1.94779  6.18664  0.248643
32  2.01062  5.93431  0.199295
32  2.07345  5.56893  0.191252
32  2.13628  5.50841  0.173752
32  2.19911  5.79399  0.193744
32  2.26195  5.28347  0.199326
32  2.32478  4.96316  0.154048
32  2.38761  5.02977  0.212352
32  2.45044  4.57285  0.220961
32  2.51327  4.24604  0.283647
32  2.57611  4.66913  0.317664
32  2.63894  3.88267  0.416281
32  2.70177  4.10417  0.628952
32  2.7646  3.55859  0.611004
32  2.82743  2.94306  1.8273
32  2.89027  0  0
32  2.9531  0  0
32  3.01593  0  0
32  3.07876  0  0
33  0  0  0
33  0.0628319  0  0
33  0.125664  0  0
33  0.188496  0  0
33  0.251327  4.07958  2.57251
33  0.314159  4.28231  1.53725
33  0.376991  4.34748  0.522332
33  0.439823  4.11054  0.319232
33  0.502655  3.79597  0.221131
33  0.565487  4.17359  0.253785
33  0.628319  4.5887  0.231662
33  0.69115  5.08724  0.223067
33  0.753982  4.88111  0.150218
33  0.816814  5.57136  0.178487
33  0.879646  5.5822  0.188648
33  0.942478  5.54828  0.186379
33  1.00531  5.55922  0.212147
33  1.06814  6.20947  0.216858
33  1.13097  6.24832  0.231065
33  1.19381  5.61583  0.193134
33  1.25664  6.59686  0.249428
33  1.31947  5.89677  0.179227
33  1.3823  5.94125  0.229173
33  1.44513  6.08247  0.257578
33  1.50796  6.77285  0.255133
33  1.5708  6.27757  0.224963
33  1.63363  6.24334  0.20782
33  1.69646  6.31529  0.235609
33  1.75929  6.34102  0.216752
33  1.82212  6.18765  0.239807
33  1.88496  6.46511  0.244471
33  1.94779  6.11181  0.257672
33  2.01062  5.88264  0.185678
33  2.07345  5.43237  0.183977
33  2.13628  5.93458  0.191304
33  2.19911  5.39777  0.195008
33  2.26195  5.2962  0.161407
33  2.32478  5.23657  0.203268
33  2.38761  5.05617  0.223411
33  2.45044  4.40244  0.227927
33  2.51327  4.59413  0.289138
33  2.57611  4.57689  0.321422
33  2.63894  3.86574  0.427765
33  2.70177  5.54019  1.60148
33  2.7646  7.13467  4.26609
33  2.82743  1.11146  9.27849
33  2.89027  0  0
33  2.9531  0  0
33  3.01593  0  0
33  3.07876  0  0
34  0  0  0
34  0.0628319  0  0
34  0.125664  0  0
34  0.188496  0  0
34  0.251327  84.6934  84.3614
34  0.314159  6.034  1.56352
34  0.376991  3.70894  0.495876
34  0.439823  3.75579  0.399734
34  0.502655  4.9764  0.401404
34  0.565487  4.56345  0.252705
34  0.628319  4.49344  0.250115
34  0.69115  4.99885  0.191036
34  0.753982  4.97411  0.177171
34  0.816814  5.75372  0.179221
34  0.879646  5.51272  0.163397
34  0.942478  5.82955  0.186454
34  1.00531  6.15824  0.198937
34  1.06814  5.79213  0.208302
34  1.13097  5.84272  0.218867
34  1.19381  6.28497  0.225727
34  1.25664  6.40947  0.215495
34  1.31947  6.29947  0.242801
34  1.3823  6.08982  0.204107
34  1.44513  6.44  0.243625
34  1.50796  6.24771  0.214326
34  1.5708  6.42142  0.236332
34  1.63363  6.00399  0.228514
34  1.69646  6.4074  0.207724
34  1.75929  6.02237  0.227806
34  1.82212  6.1407  0.228537
34  1.88496  6.62365  0.253983
34  1.94779  5.948  0.200371
34  2.01062  5.59424  0.208313
34  2.07345  5.95809  0.212771
34  2.13628  5.22409  0.173893
34  2.19911  5.6805  0.185386
34  2.26195  5.41672  0.176852
34  2.32478  5.22805  0.182553
34  2.38761  5.05284  0.215217
34  2.45044  5.0005  0.278675
34  2.51327  4.02336  0.257507
34  2.57611  4.13054  0.287153
34  2.63894  4.54001  0.483794
34  2.70177  3.59996  0.559815
34  2.7646  8.97637  3.2517
34  2.82743  34.1397  33.0127
34  2.89027  0  0
34  2.9531  0  0
34  3.01593  0  0
34  3.07876  0  0
35  0  0  0
35  0.0628319  0  0
35  0.125664  0  0
35  0.188496  0  0
35  0.251327  10.3825  29.2743
35  0.314159  4.69147  1.29466
35  0.376991  3.7013  0.380411
35  0.439823  3.9279  0.307182
35  0.502655  3.85827  0.269222
35  0.565487  4.60628  0.259655
35  0.628319  4.73392  0.248592
35  0.69115  4.77372  0.198102
35  0.753982  5.19605  0.197863
35  0.816814  5.18266  0.140461
35  0.879646  5.85361  0.173779
35  0.942478  5.76749  0.202816
35  1.00531  5.58684  0.199603
35  1.06814  6.2185  0.201639
35  1.13097  6.08341  0.193704
35  1.19381  6.40139  0.230259
35  1.25664  7.03922  0.293132
35  1.31947  6.52423  0.236116
35  1.3823  6.62305  0.243927
35  1.44513  6.50242  0.222997
35  1.50796  6.14611  0.217663
35  1.5708  6.04504  0.230303
35  1.63363  6.68301  0.278251
35  1.69646  6.26663  0.186346
35  1.75929  6.40861  0.251299
35  1.82212  6.52421  0.279762
35  1.88496  6.73533  0.270692
35  1.94779  6.0741  0.213274
35  2.01062  5.68323  0.1804
35  2.07345  6.1817  0.211917
35  2.13628  5.71488  0.18651
35  2.19911  5.62563  0.172222
35  2.26195  5.872  0.193943
35  2.32478  5.3235  0.180442
35  2.38761  5.33389  0.186619
35  2.45044  4.46762  0.22697
35  2.51327  4.66182  0.265962
35  2.57611  3.95895  0.280149
35  2.63894  3.6359  0.251418
35  2.70177  2.89883  0.403046
35  2.7646  3.8222  0.701967
35  2.82743  16.3232  9.36509
35  2.89027  0  0
35  2.9531  0  0
35  3.01593  0  0
35  3.07876  0  0
36  0  0  0
36  0.0628319  0  0
36  0.125664  0  0
36  0.188496  0  0
36  0.251327  32.786  19.9257
36  0.314159  3.29344  0.706531
36  0.376991  2.93812  0.282706
36  0.439823  4.81484  0.553045
36  0.502655  4.38971  0.33336
36  0.565487  4.45717  0.275917
36  0.628319  4.19457  0.177005
36  0.69115  5.08318  0.236141
36  0.753982  5.68571  0.218913
36  0.816814  5.65275  0.191355
36  0.879646  5.26906  0.179853
36  0.942478  5.7376  0.158255
36  1.00531  6.0396  0.226796
36  1.06814  5.77356  0.20641
36  1.13097  5.8079  0.193586
36  1.19381  6.2436  0.220013
36  1.25664  6.44484  0.228971
36  1.31947  6.80201  0.267064
36  1.3823  6.09455  0.252954
36  1.44513  6.8168  0.242752
36  1.50796  6.73201  0.225324
36  1.5708  6.82986  0.282013
36  1.63363  6.54252  0.242663
36  1.69646  6.46162  0.250362
36  1.75929  6.0095  0.20014
36  1.82212  6.83893  0.257992
36  1.88496  6.0733  0.224117
36  1.94779  6.30866  0.212737
36  2.01062  6.06072  0.201581
36  2.07345  6.05451  0.187651
36  2.13628  6.12387  0.186749
36  2.19911  5.70229  0.165008
36  2.26195  5.25574  0.174519
36  2.32478  5.26526  0.186661
36  2.38761  5.25286  0.202226
36  2.45044  5.18781  0.264216
36  2.51327  5.13509  0.300351
36  2.57611  5.05723  0.397098
36  2.63894  3.85119  0.297709
36  2.70177  4.85225  0.574175
36  2.7646  3.20035  0.462938
36  2.82743  35.4337  27.7916
36  2.89027  0  0
36  2.9531  0  0
36  3.01593  0  0
36  3.07876  0  0
37  0  0  0
37  0.0628319  0  0
37  0.125664  0  0
37  0.188496  0  0
37  0.251327  0.247646  1.9136
37  0.314159  4.98908  0.91424
37  0.376991  3.8399  0.489765
37  0.439823  3.59487  0.270114
37  0.502655  3.5493  0.287182
37  0.565487  4.69722  0.306143
37  0.628319  4.69288  0.220796
37  0.69115  5.09205  0.217539
37  0.753982  5.47509  0.185233
37  0.816814  5.33166  0.160972
37  0.879646  5.4941  0.17576
37  0.942478  5.70643  0.190503
37  1.00531  5.93587  0.185416
37  1.06814  5.83414  0.200681
37  1.13097  5.87071  0.200109
37  1.19381  6.52773  0.244262
37  1.25664  6.47844  0.246073
37  1.31947  6.26362  0.236093
37  1.3823  6.11969  0.226725
37  1.44513  6.43172  0.231015
37  1.50796  6.33705  0.278221
37  1.5708  6.7531  0.253644
37  1.63363  6.71066  0.232154
37  1.69646  6.93678  0.323627
37  1.75929  6.52649  0.248926
37  1.82212  6.60201  0.25145
37  1.88496  6.42406  0.218423
37  1.94779  6.3776  0.214698
37  2.01062  5.92279  0.21576
37  2.07345  6.13997  0.213215
37  2.13628  5.78196  0.198332
37  2.19911  5.9156  0.173147
37  2.26195  5.36942  0.146726
37  2.32478  5.48747  0.200667
37  2.38761  5.21836  0.219894
37  2.45044  4.7223  0.285874
37  2.51327  4.417  0.232338
37  2.57611  4.32177  0.319955
37  2.63894  4.10684  0.387257
37  2.70177  3.32427  0.320046
37  2.7646  4.06003  1.10874
37  2.82743  5.3892  3.99426
37  2.89027  0  0
37  2.9531  0  0
37  3.01593  0  0
37  3.07876  0  0
38  0  0  0
38  0.0628319  0  0
38  0.125664  0  0
38  0.188496  0  0
38  0.251327  7.13665  19.7695
38  0.314159  3.50817  0.737936
38  0.376991  3.10886  0.673297
38  0.439823  3.95114  0.32197
38  0.502655  4.25785  0.33713
38  0.565487  5.02171  0.390276
38  0.628319  4.73627  0.266474
38  0.69115  5.02971  0.21407
38  0.753982  5.32892  0.190206
38  0.816814  5.55435  0.170583
38  0.879646  5.5997  0.1758
38  0.942478  5.99932  0.185579
38  1.00531  6.11591  0.215874
38  1.06814  6.20438  0.219334
38  1.13097  6.31976  0.222521
38  1.19381  6.31462  0.218003
38  1.25664  6.18723  0.226007
38  1.31947  6.8101  0.273701
38  1.3823  6.67142  0.240878
38  1.44513  6.19906  0.244862
38  1.50796  7.02184  0.301781
38  1.5708  6.36155  0.21599
38  1.63363  6.46701  0.244075
38  1.69646  7.58188  0.361024
38  1.75929  6.55816  0.20082
38  1.82212  6.75902  0.236542
38  1.88496  6.70868  0.270473
38  1.94779  6.0218  0.190095
38  2.01062  5.99822  0.239957
38  2.07345  6.05214  0.207341
38  2.13628  5.77938  0.165113
38  2.19911  5.82273  0.183092
38  2.26195  5.50193  0.186132
38  2.32478  5.70549  0.206757
38  2.38761  4.79431  0.197553
38  2.45044  4.73375  0.296573
38  2.51327  4.59215  0.226986
38  2.57611  4.05258  0.266205
38  2.63894  4.14132  0.487142
38  2.70177  4.08551  0.433929
38  2.7646  3.15462  0.441293
38  2.82743  7.30234  6.26151
38  2.89027  0  0
38  2.9531  0  0
38  3.01593  0  0
38  3.07876  0  0
39  0  0  0
39  0.0628319  0  0
39  0.125664  0  0
39  0.188496  0  0
39  0.251327  59.6301  55.0455
39  0.314159  2.91981  0.803606
39  0.376991  3.32017  0.349642
39  0.439823  4.82448  0.393873
39  0.502655  5.01312  0.339349
39  0.565487  4.52049  0.262358
39  0.628319  5.11605  0.24915
39  0.69115  5.19535  0.198474
39  0.753982  5.59773  0.200874
39  0.816814  5.68043  0.162981
39  0.879646  5.68062  0.191789
39  0.942478  5.64194  0.154557
39  1.00531  6.06517  0.200091
39  1.06814  5.8657  0.18134
39  1.13097  6.52263  0.212938
39  1.19381  6.35536  0.24221
39  1.25664  6.54461  0.20837
39  1.31947  6.49518  0.229607
39  1.3823  6.64025  0.249229
39  1.44513  7.02023  0.268547
39  1.50796  6.80885  0.266335
39  1.5708  6.70735  0.223906
39  1.63363  6.67891  0.258627
39  1.69646  6.60248  0.241736
39  1.75929  6.732  0.263574
39  1.82212  6.08435  0.222374
39  1.88496  6.20598  0.22537
39  1.94779  6.46826  0.217105
39  2.01062  6.37736  0.211826
39  2.07345  6.01221  0.2168
39  2.13628  6.07591  0.209451
39  2.19911  5.78997  0.190793
39  2.26195  5.47966  0.162086
39  2.32478  5.61305  0.183616
39  2.38761  5.26315  0.214515
39  2.45044  4.73151  0.21687
39  2.51327  4.89633  0.28422
39  2.57611  3.92795  0.226216
39  2.63894  4.06116  0.280976
39  2.70177  3.98494  0.434127
39  2.7646  3.81384  0.880964
39  2.82743  5.37715  3.7535
39  2.89027  0  0
39  2.9531  0  0
39  3.01593  0  0
39  3.07876  0  0
