2  0  0  0
2  0.0628319  0  0
2  0.125664  0  0
2  0.188496  0  0
2  0.251327  0  0
2  0.314159  0  0
2  0.376991  0  0
2  0.439823  0  0
2  0.502655  0  0
2  0.565487  0  0
2  0.628319  0  0
2  0.69115  0  0
2  0.753982  0  0
2  0.816814  0  0
2  0.879646  0  0
2  0.942478  0  0
2  1.00531  0  0
2  1.06814  0  0
2  1.13097  0  0
2  1.19381  0  0
2  1.25664  0  0
2  1.31947  0  0
2  1.3823  0  0
2  1.44513  0  0
2  1.50796  0.251289  2.06432
2  1.5708  0  0
2  1.63363  0  0
2  1.69646  0  0
2  1.75929  0  0
2  1.82212  0  0
2  1.88496  0  0
2  1.94779  0  0
2  2.01062  0  0
2  2.07345  0  0
2  2.13628  0  0
2  2.19911  0  0
2  2.26195  0  0
2  2.32478  0  0
2  2.38761  0  0
2  2.45044  0  0
2  2.51327  0  0
2  2.57611  0  0
2  2.63894  0  0
2  2.70177  0  0
2  2.7646  0  0
2  2.82743  0  0
2  2.89027  0  0
2  2.9531  0  0
2  3.01593  0  0
2  3.07876  0  0
3  0  0  0
3  0.0628319  0  0
3  0.125664  0  0
3  0.188496  0  0
3  0.251327  0  0
3  0.314159  0  0
3  0.376991  0  0
3  0.439823  0  0
3  0.502655  0  0
3  0.565487  0  0
3  0.628319  0  0
3  0.69115  0  0
3  0.753982  0  0
3  0.816814  0  0
3  0.879646  0  0
3  0.942478  45.0667  35.3823
3  1.00531  23.5266  22.9965
3  1.06814  3.06693  0.723899
3  1.13097  1.95504  0.192884
3  1.19381  2.02842  0.172404
3  1.25664  2.20474  0.147288
3  1.31947  2.20928  0.144239
3  1.3823  2.17657  0.13749
3  1.44513  1.9921  0.104025
3  1.50796  2.15823  0.118304
3  1.5708  2.02347  0.120176
3  1.63363  2.11589  0.0967816
3  1.69646  2.12527  0.126174
3  1.75929  1.98746  0.10447
3  1.82212  1.91821  0.163729
3  1.88496  1.99141  0.169701
3  1.94779  2.15222  0.229801
3  2.01062  3.69133  0.764187
3  2.07345  4.7128  3.75557
3  2.13628  0  0
3  2.19911  0  0
3  2.26195  0  0
3  2.32478  0  0
3  2.38761  0  0
3  2.45044  0  0
3  2.51327  0  0
3  2.57611  0  0
3  2.63894  0  0
3  2.70177  0  0
3  2.7646  0  0
3  2.82743  0  0
3  2.89027  0  0
3  2.9531  0  0
3  3.01593  0  0
3  3.07876  0  0
4  0  0  0
4  0.0628319  0  0
4  0.125664  0  0
4  0.188496  0  0
4  0.251327  0  0
4  0.314159  0  0
4  0.376991  0  0
4  0.439823  0  0
4  0.502655  0  0
4  0.565487  0  0
4  0.628319  0  0
4  0.69115  0  0
4  0.753982  0.241203  2.28257
4  0.816814  5.78483  4.77368
4  0.879646  2.00811  0.183446
4  0.942478  2.20199  0.125884
4  1.00531  2.30117  0.104306
4  1.06814  2.14791  0.103297
4  1.13097  2.00923  0.0907427
4  1.19381  2.13609  0.0907712
4  1.25664  2.36517  0.112183
4  1.31947  2.25141  0.111194
4  1.3823  2.26732  0.110594
4  1.44513  2.03235  0.107105
4  1.50796  2.13385  0.0931357
4  1.5708  1.98788  0.0948727
4  1.63363  2.23392  0.107256
4  1.69646  2.15817  0.0999682
4  1.75929  2.1075  0.091089
4  1.82212  2.12288  0.11083
4  1.88496  2.10862  0.121195
4  1.94779  2.39983  0.119056
4  2.01062  2.19511  0.0922288
4  2.07345  2.22616  0.108812
4  2.13628  2.12886  0.106741
4  2.19911  2.61454  0.214787
4  2.26195  4.9164  2.33896
4  2.32478  1.11146  8.15571
4  2.38761  0.249863  2.27137
4  2.45044  0  0
4  2.51327  0  0
4  2.57611  0  0
4  2.63894  0  0
4  2.70177  0  0
4  2.7646  0  0
4  2.82743  0  0
4  2.89027  0  0
4  2.9531  0  0
4  3.01593  0  0
4  3.07876  0  0
5  0  0  0
5  0.0628319  0  0
5  0.125664  0  0
5  0.188496  0  0
5  0.251327  0  0
5  0.314159  0  0
5  0.376991  0  0
5  0.439823  0  0
5  0.502655  0  0
5  0.565487  0  0
5  0.628319  0  0
5  0.69115  18.359  10.6132
5  0.753982  3.04686  0.369335
5  0.816814  2.2663  0.0967949
5  0.879646  2.47767  0.113768
5  0.942478  2.42949  0.0942995
5  1.00531  2.53998  0.108557
5  1.06814  2.20455  0.0902759
5  1.13097  2.24791  0.104724
5  1.19381  2.31059  0.112991
5  1.25664  2.28541  0.113789
5  1.31947  2.30821  0.0920762
5  1.3823  2.07834  0.0898712
5  1.44513  2.10407  0.0821457
5  1.50796  2.23676  0.0985766
5  1.5708  2.34831  0.0940902
5  1.63363  2.0027  0.0834723
5  1.69646  2.39988  0.10871
5  1.75929  2.21452  0.0904711
5  1.82212  2.36868  0.109452
5  1.88496  2.36838  0.0978825
5  1.94779  2.22046  0.0913626
5  2.01062  2.2728  0.107309
5  2.07345  2.41003  0.0963645
5  2.13628  2.39504  0.103251
5  2.19911  2.46057  0.109928
5  2.26195  2.454  0.122502
5  2.32478  3.02497  0.273792
5  2.38761  6.76707  8.60701
5  2.45044  0.244637  1.87223
5  2.51327  0.247365  2.303
5  2.57611  0  0
5  2.63894  0  0
5  2.70177  0  0
5  2.7646  0  0
5  2.82743  0  0
5  2.89027  0  0
5  2.9531  0  0
5  3.01593  0  0
5  3.07876  0  0
6  0  0  0
6  0.0628319  0  0
6  0.125664  0  0
6  0.188496  0  0
6  0.251327  0  0
6  0.314159  0  0
6  0.376991  0  0
6  0.439823  0  0
6  0.502655  0  0
6  0.565487  3.19544  23.4477
6  0.628319  31.9924  16.0595
6  0.69115  2.75246  0.256415
6  0.753982  2.72155  0.142115
6  0.816814  2.33974  0.0992576
6  0.879646  2.31856  0.0958238
6  0.942478  2.36602  0.0831782
6  1.00531  2.34216  0.0992505
6  1.06814  2.36676  0.0974698
6  1.13097  2.46111  0.0917341
6  1.19381  2.29827  0.0997939
6  1.25664  2.2482  0.0979004
6  1.31947  2.27238  0.0966161
6  1.3823  2.3235  0.100279
6  1.44513  2.19925  0.0957852
6  1.50796  2.18555  0.112715
6  1.5708  2.19145  0.101878
6  1.63363  2.33296  0.0972637
6  1.69646  2.31966  0.0907923
6  1.75929  2.23468  0.0973279
6  1.82212  2.03127  0.0905975
6  1.88496  2.35873  0.102162
6  1.94779  2.36322  0.109053
6  2.01062  2.3229  0.0921588
6  2.07345  2.3773  0.0912994
6  2.13628  2.30658  0.0898716
6  2.19911  2.73182  0.106784
6  2.26195  2.48932  0.10647
6  2.32478  2.46477  0.114892
6  2.38761  2.54588  0.249111
6  2.45044  27.035  26.9792
6  2.51327  0  0
6  2.57611  0  0
6  2.63894  0  0
6  2.70177  0  0
6  2.7646  0  0
6  2.82743  0  0
6  2.89027  0  0
6  2.9531  0  0
6  3.01593  0  0
6  3.07876  0  0
7  0  0  0
7  0.0628319  0  0
7  0.125664  0  0
7  0.188496  0  0
7  0.251327  0  0
7  0.314159  0  0
7  0.376991  0  0
7  0.439823  0.249863  2.27137
7  0.502655  0  0
7  0.565487  18.7765  9.58596
7  0.628319  3.0898  0.371533
7  0.69115  2.5295  0.184983
7  0.753982  2.59926  0.108204
7  0.816814  2.66053  0.119555
7  0.879646  2.62495  0.102428
7  0.942478  2.41225  0.0908815
7  1.00531  2.19262  0.0867283
7  1.06814  2.43603  0.0955075
7  1.13097  2.40533  0.0950075
7  1.19381  2.17354  0.0892587
7  1.25664  2.43561  0.110691
7  1.31947  2.0097  0.0895181
7  1.3823  2.33285  0.102556
7  1.44513  2.14263  0.0875776
7  1.50796  2.3427  0.111757
7  1.5708  2.43467  0.112667
7  1.63363  2.30935  0.100024
7  1.69646  2.31208  0.0981772
7  1.75929  2.2924  0.0978925
7  1.82212  2.35946  0.0924658
7  1.88496  2.35413  0.103839
7  1.94779  2.30699  0.0991506
7  2.01062  2.43897  0.107246
7  2.07345  2.65363  0.100844
7  2.13628  2.56044  0.0971987
7  2.19911  2.53071  0.0837706
7  2.26195  2.40843  0.0981126
7  2.32478  2.33692  0.110302
7  2.38761  2.71838  0.152928
7  2.45044  3.09049  0.367249
7  2.51327  34.1174  21.3858
7  2.57611  0.247365  2.303
7  2.63894  0  0
7  2.70177  0  0
7  2.7646  0  0
7  2.82743  0  0
7  2.89027  0  0
7  2.9531  0  0
7  3.01593  0  0
7  3.07876  0  0
8  0  0  0
8  0.0628319  0  0
8  0.125664  0  0
8  0.188496  0  0
8  0.251327  0  0
8  0.314159  0  0
8  0.376991  0  0
8  0.439823  0  0
8  0.502655  37.0293  18.5589
8  0.565487  4.93848  1.33821
8  0.628319  2.56259  0.219509
8  0.69115  3.2531  0.189598
8  0.753982  2.84944  0.139898
8  0.816814  2.60795  0.0963035
8  0.879646  2.63348  0.102409
8  0.942478  2.47054  0.0912501
8  1.00531  2.67979  0.125683
8  1.06814  2.30512  0.0826433
8  1.13097  2.41681  0.101927
8  1.19381  2.34664  0.108799
8  1.25664  2.33162  0.109583
8  1.31947  2.10556  0.0827842
8  1.3823  2.16688  0.108901
8  1.44513  2.38047  0.108835
8  1.50796  2.2135  0.0989917
8  1.5708  2.37189  0.111974
8  1.63363  2.18055  0.103734
8  1.69646  2.18835  0.0985012
8  1.75929  2.23679  0.098691
8  1.82212  2.41597  0.10155
8  1.88496  2.26931  0.0857329
8  1.94779  2.31385  0.0884222
8  2.01062  2.35189  0.0956379
8  2.07345  2.4494  0.0920054
8  2.13628  2.49559  0.104998
8  2.19911  2.60814  0.094713
8  2.26195  2.63752  0.104663
8  2.32478  3.02396  0.136817
8  2.38761  2.6087  0.170555
8  2.45044  3.56245  0.404055
8  2.51327  4.52778  1.07901
8  2.57611  0.25876  1.70225
8  2.63894  0.247365  2.303
8  2.70177  0  0
8  2.7646  0  0
8  2.82743  0  0
8  2.89027  0  0
8  2.9531  0  0
8  3.01593  0  0
8  3.07876  0  0
9  0  0  0
9  0.0628319  0  0
9  0.125664  0.241203  2.28257
9  0.188496  0  0
9  0.251327  0  0
9  0.314159  0  0
9  0.376991  0  0
9  0.439823  0  0
9  0.502655  6.09607  3.43755
9  0.565487  3.52702  0.520856
9  0.628319  3.47832  0.328311
9  0.69115  2.81379  0.164334
9  0.753982  2.86871  0.116472
9  0.816814  2.63391  0.0916585
9  0.879646  2.81808  0.110377
9  0.942478  2.53248  0.0920905
9  1.00531  2.30715  0.0809579
9  1.06814  2.53415  0.113555
9  1.13097  2.49121  0.0984462
9  1.19381  2.31457  0.0994038
9  1.25664  2.14574  0.101574
9  1.31947  2.15164  0.105181
9  1.3823  2.0957  0.0984349
9  1.44513  2.29909  0.0987846
9  1.50796  2.31559  0.0848584
9  1.5708  2.19154  0.083916
9  1.63363  2.21209  0.0837785
9  1.69646  2.39147  0.109435
9  1.75929  2.16671  0.087907
9  1.82212  2.423  0.102567
9  1.88496  2.36714  0.119085
9  1.94779  2.383  0.0973371
9  2.01062  2.28556  0.088494
9  2.07345  2.62867  0.111034
9  2.13628  2.45307  0.0925745
9  2.19911  2.49886  0.0929272
9  2.26195  2.63568  0.104017
9  2.32478  2.76362  0.129763
9  2.38761  3.24868  0.180455
9  2.45044  2.85798  0.253564
9  2.51327  3.29296  0.660147
9  2.57611  10.1089  20.1109
9  2.63894  3.19544  23.4477
9  2.70177  0  0
9  2.7646  0  0
9  2.82743  0  0
9  2.89027  0  0
9  2.9531  0  0
9  3.01593  0  0
9  3.07876  0  0
10  0  0  0
10  0.0628319  0  0
10  0.125664  0  0
10  0.188496  0  0
10  0.251327  0  0
10  0.314159  0  0
10  0.376991  0  0
10  0.439823  26.0868  25.8087
10  0.502655  5.62011  1.64551
10  0.565487  3.82669  0.538016
10  0.628319  3.29748  0.238987
10  0.69115  2.92815  0.189992
10  0.753982  2.82611  0.124516
10  0.816814  2.48894  0.0979126
10  0.879646  2.40975  0.0907397
10  0.942478  2.39438  0.103508
10  1.00531  2.3569  0.0802287
10  1.06814  2.2574  0.110736
10  1.13097  2.3129  0.0881888
10  1.19381  2.31748  0.0872968
10  1.25664  2.35871  0.113787
10  1.31947  2.31631  0.107628
10  1.3823  2.32858  0.0981226
10  1.44513  2.33353  0.0948653
10  1.50796  2.14913  0.0848165
10  1.5708  2.29402  0.102104
10  1.63363  2.26734  0.0882488
10  1.69646  2.20431  0.0962158
10  1.75929  2.33099  0.0943224
10  1.82212  2.32099  0.0969642
10  1.88496  2.41896  0.0928206
10  1.94779  2.29804  0.0835556
10  2.01062  2.20754  0.0879453
10  2.07345  2.32596  0.0902739
10  2.13628  2.51198  0.0943511
10  2.19911  2.48176  0.0853635
10  2.26195  2.50227  0.100315
10  2.32478  2.87889  0.139279
10  2.38761  2.64648  0.142772
10  2.45044  2.66386  0.198731
10  2.51327  4.02846  0.537941
10  2.57611  6.32124  2.06232
10  2.63894  6.66874  48.9342
10  2.70177  0.241351  2.28171
10  2.7646  0  0
10  2.82743  0  0
10  2.89027  0  0
10  2.9531  0  0
10  3.01593  0  0
10  3.07876  0  0
11  0  0  0
11  0.0628319  0  0
11  0.125664  0  0
11  0.188496  0  0
11  0.251327  0  0
11  0.314159  0  0
11  0.376991  0.246646  2.24746
11  0.439823  36.8345  24.0651
11  0.502655  5.16529  1.04846
11  0.565487  3.26965  0.341631
11  0.628319  2.88094  0.192267
11  0.69115  2.73243  0.177878
11  0.753982  2.75223  0.111509
11  0.816814  2.65822  0.110453
11  0.879646  2.45462  0.0916887
11  0.942478  2.38043  0.0901343
11  1.00531  2.53469  0.102331
11  1.06814  2.40251  0.0967929
11  1.13097  2.28145  0.1012
11  1.19381  2.24389  0.0938691
11  1.25664  2.36323  0.0960137
11  1.31947  2.12827  0.106203
11  1.3823  2.19038  0.088236
11  1.44513  2.19243  0.0938633
11  1.50796  2.09923  0.0890629
11  1.5708  2.27028  0.0909396
11  1.63363  2.17463  0.0772628
11  1.69646  2.26882  0.0849903
11  1.75929  2.37488  0.111135
11  1.82212  2.31851  0.101054
11  1.88496  2.10843  0.0849476
11  1.94779  2.48125  0.10273
11  2.01062  2.38528  0.102032
11  2.07345  2.48224  0.0936995
11  2.13628  2.33331  0.0812797
11  2.19911  2.51611  0.0926128
11  2.26195  2.60982  0.0947402
11  2.32478  2.63643  0.11494
11  2.38761  3.19973  0.22993
11  2.45044  3.41342  0.284043
11  2.51327  3.56276  0.377286
11  2.57611  4.33459  0.960259
11  2.63894  6.39514  5.60274
11  2.70177  0  0
11  2.7646  0  0
11  2.82743  0  0
11  2.89027  0  0
11  2.9531  0  0
11  3.01593  0  0
11  3.07876  0  0
12  0  0  0
12  0.0628319  0  0
12  0.125664  0  0
12  0.188496  0  0
12  0.251327  0  0
12  0.314159  0  0
12  0.376991  0  0
12  0.439823  10.9175  10.2448
12  0.502655  6.03061  1.95801
12  0.565487  3.69291  0.335439
12  0.628319  3.36222  0.245877
12  0.69115  2.47526  0.144022
12  0.753982  2.61062  0.110076
12  0.816814  2.6599  0.127581
12  0.879646  2.55287  0.0939924
12  0.942478  2.53979  0.0961091
12  1.00531  2.48918  0.0906251
12  1.06814  2.42005  0.097838
12  1.13097  2.38369  0.0930171
12  1.19381  2.04836  0.0907241
12  1.25664  2.3422  0.0996219
12  1.31947  2.34747  0.0921285
12  1.3823  2.28641  0.0937975
12  1.44513  2.1705  0.0973484
12  1.50796  2.09978  0.0973735
12  1.5708  2.25251  0.0953293
12  1.63363  2.40646  0.111103
12  1.69646  2.36723  0.0979783
12  1.75929  2.30571  0.101172
12  1.82212  2.19369  0.09892
12  1.88496  2.41832  0.124744
12  1.94779  2.26557  0.0971241
12  2.01062  2.17624  0.0803702
12  2.07345  2.54986  0.124204
12  2.13628  2.48763  0.0937723
12  2.19911  2.7449  0.108266
12  2.26195  2.64858  0.101921
12  2.32478  2.40695  0.12559
12  2.38761  2.91867  0.183509
12  2.45044  2.86115  0.233077
12  2.51327  3.98802  0.397022
12  2.57611  4.91342  0.819723
12  2.63894  8.77382  6.2654
12  2.70177  2.08398  15.2919
12  2.7646  0  0
12  2.82743  0  0
12  2.89027  0  0
12  2.9531  0  0
12  3.01593  0  0
12  3.07876  0  0
13  0  0  0
13  0.0628319  0  0
13  0.125664  0  0
13  0.188496  0  0
13  0.251327  0  0
13  0.314159  0  0
13  0.376991  22.4445  20.7021
13  0.439823  6.04925  1.7974
13  0.502655  4.49593  0.809718
13  0.565487  3.68605  0.424614
13  0.628319  2.95066  0.188461
13  0.69115  2.68467  0.161461
13  0.753982  2.85044  0.116655
13  0.816814  2.69332  0.123959
13  0.879646  2.48908  0.100417
13  0.942478  2.50878  0.0930023
13  1.00531  2.37574  0.0885633
13  1.06814  2.1604  0.0837465
13  1.13097  2.41867  0.0963014
13  1.19381  2.11756  0.0770582
13  1.25664  2.19682  0.11522
13  1.31947  2.14807  0.1209
13  1.3823  2.06273  0.0727807
13  1.44513  2.15996  0.100376
13  1.50796  2.209  0.091943
13  1.5708  2.23318  0.104319
13  1.63363  2.19572  0.090089
13  1.69646  2.3968  0.106695
13  1.75929  2.16657  0.0867424
13  1.82212  2.47039  0.108916
13  1.88496  2.41354  0.0900578
13  1.94779  2.21113  0.079874
13  2.01062  2.35343  0.0979579
13  2.07345  2.62157  0.120738
13  2.13628  2.54844  0.0932253
13  2.19911  2.65078  0.104955
13  2.26195  2.68609  0.10188
13  2.32478  2.81967  0.145748
13  2.38761  2.74448  0.125856
13  2.45044  2.86128  0.235145
13  2.51327  3.34407  0.437285
13  2.57611  4.67719  0.893642
13  2.63894  7.40397  3.64038
13  2.70177  22.9869  19.0006
13  2.7646  0  0
13  2.82743  0  0
13  2.89027  0  0
13  2.9531  0  0
13  3.01593  0  0
13  3.07876  0  0
14  0  0  0
14  0.0628319  0  0
14  0.125664  0  0
14  0.188496  0  0
14  0.251327  0  0
14  0.314159  0  0
14  0.376991  29.6419  20.0228
14  0.439823  7.81719  3.91059
14  0.502655  5.60534  1.1079
14  0.565487  4.74206  0.782968
14  0.628319  3.31164  0.227849
14  0.69115  2.90475  0.154714
14  0.753982  2.8754  0.117629
14  0.816814  2.47942  0.0977446
14  0.879646  2.63477  0.110461
14  0.942478  2.56034  0.103279
14  1.00531  2.37986  0.095253
14  1.06814  2.30548  0.0959552
14  1.13097  2.42509  0.0899966
14  1.19381  2.18587  0.0875693
14  1.25664  2.38209  0.100688
14  1.31947  2.23384  0.0942782
14  1.3823  2.16932  0.103515
14  1.44513  2.25129  0.0927632
14  1.50796  2.22958  0.0854491
14  1.5708  2.27773  0.099907
14  1.63363  2.2335  0.0946476
14  1.69646  2.17382  0.0913265
14  1.75929  2.41328  0.0985237
14  1.82212  2.17313  0.0986116
14  1.88496  2.29685  0.100616
14  1.94779  2.2684  0.0932267
14  2.01062  2.4015  0.09548
14  2.07345  2.58617  0.0893677
14  2.13628  2.37942  0.0893343
14  2.19911  2.63478  0.126394
14  2.26195  2.66457  0.114332
14  2.32478  2.83993  0.152583
14  2.38761  2.91621  0.170475
14  2.45044  3.61353  0.350966
14  2.51327  3.7405  0.473666
14  2.57611  4.78526  0.860615
14  2.63894  7.22764  2.54172
14  2.70177  39.6053  27.0465
14  2.7646  0.253296  2.18575
14  2.82743  0  0
14  2.89027  0  0
14  2.9531  0  0
14  3.01593  0  0
14  3.07876  0  0
15  0  0  0
15  0.0628319  0  0
15  0.125664  0  0
15  0.188496  0  0
15  0.251327  0  0
15  0.314159  0  0
15  0.376991  11.8522  14.4657
15  0.439823  6.71582  2.11646
15  0.502655  4.94594  0.866772
15  0.565487  3.05252  0.29085
15  0.628319  3.0277  0.224301
15  0.69115  3.28864  0.175813
15  0.753982  2.67963  0.107403
15  0.816814  2.44907  0.0999479
15  0.879646  2.59937  0.0986207
15  0.942478  2.37384  0.0859077
15  1.00531  2.51913  0.103004
15  1.06814  2.58088  0.112234
15  1.13097  2.43101  0.102824
15  1.19381  2.53806  0.112343
15  1.25664  2.23769  0.123193
15  1.31947  2.14117  0.085252
15  1.3823  2.30431  0.0942788
15  1.44513  2.16427  0.0836973
15  1.50796  2.10612  0.0904461
15  1.5708  2.19503  0.0927826
15  1.63363  2.40604  0.110111
15  1.69646  2.20776  0.092015
15  1.75929  2.2406  0.0854656
15  1.82212  2.32871  0.0873003
15  1.88496  2.25608  0.096635
15  1.94779  2.38639  0.101462
15  2.01062  2.22982  0.0905524
15  2.07345  2.38044  0.0901066
15  2.13628  2.32585  0.0881778
15  2.19911  2.58542  0.101153
15  2.26195  2.57226  0.103112
15  2.32478  2.83144  0.114111
15  2.38761  2.95746  0.162778
15  2.45044  3.66423  0.288545
15  2.51327  3.60224  0.390421
15  2.57611  5.42139  1.3102
15  2.63894  6.0595  1.6306
15  2.70177  14.2846  22.0768
15  2.7646  0  0
15  2.82743  0  0
15  2.89027  0  0
15  2.9531  0  0
15  3.01593  0  0
15  3.07876  0  0
16  0  0  0
16  0.0628319  0  0
16  0.125664  0  0
16  0.188496  0  0
16  0.251327  0  0
16  0.314159  0  0
16  0.376991  14.7712  24.8687
16  0.439823  7.3149  3.33754
16  0.502655  4.87915  0.819183
16  0.565487  3.39283  0.410815
16  0.628319  2.94477  0.237142
16  0.69115  3.01922  0.155581
16  0.753982  2.78114  0.137127
16  0.816814  2.52208  0.101452
16  0.879646  2.53292  0.0866297
16  0.942478  2.37692  0.0808448
16  1.00531  2.5109  0.10787
16  1.06814  2.36985  0.100104
16  1.13097  2.44951  0.108457
16  1.19381  2.3972  0.098376
16  1.25664  2.25079  0.0869397
16  1.31947  2.31325  0.0921297
16  1.3823  2.21345  0.0869154
16  1.44513  2.2956  0.0986716
16  1.50796  2.11468  0.0905796
16  1.5708  2.22719  0.0914271
16  1.63363  2.20471  0.0882429
16  1.69646  2.35963  0.105962
16  1.75929  2.07882  0.0949577
16  1.82212  2.43069  0.108439
16  1.88496  2.28861  0.093503
16  1.94779  2.2655  0.0889401
16  2.01062  2.39041  0.0972881
16  2.07345  2.28996  0.0828339
16  2.13628  2.54524  0.0900911
16  2.19911  2.57885  0.0926675
16  2.26195  2.73808  0.106954
16  2.32478  2.75889  0.107896
16  2.38761  2.89646  0.164942
16  2.45044  2.947  0.20748
16  2.51327  3.07098  0.283996
16  2.57611  4.9166  0.785615
16  2.63894  6.74535  1.84256
16  2.70177  8.54698  5.90531
16  2.7646  0  0
16  2.82743  0  0
16  2.89027  0  0
16  2.9531  0  0
16  3.01593  0  0
16  3.07876  0  0
17  0  0  0
17  0.0628319  0  0
17  0.125664  0  0
17  0.188496  0  0
17  0.251327  0  0
17  0.314159  0.25017  2.26579
17  0.376991  10.1166  11.2406
17  0.439823  6.47459  1.84027
17  0.502655  3.89705  0.793709
17  0.565487  4.02816  0.482383
17  0.628319  3.14901  0.287642
17  0.69115  3.02842  0.16615
17  0.753982  2.77554  0.124792
17  0.816814  2.53803  0.0957707
17  0.879646  2.62118  0.101981
17  0.942478  2.54061  0.102503
17  1.00531  2.30146  0.0797302
17  1.06814  2.34687  0.0899811
17  1.13097  2.41692  0.0937875
17  1.19381  2.23786  0.0857331
17  1.25664  2.18684  0.0969569
17  1.31947  2.35267  0.11303
17  1.3823  2.22214  0.0867293
17  1.44513  2.26537  0.0919767
17  1.50796  2.40665  0.108654
17  1.5708  2.34124  0.102196
17  1.63363  2.26056  0.118175
17  1.69646  2.26323  0.0914268
17  1.75929  2.29879  0.100367
17  1.82212  2.23088  0.098558
17  1.88496  2.33071  0.0885025
17  1.94779  2.31293  0.0935839
17  2.01062  2.3207  0.0918472
17  2.07345  2.38443  0.0879643
17  2.13628  2.80265  0.113225
17  2.19911  2.62074  0.0967801
17  2.26195  2.66725  0.0939067
17  2.32478  2.88799  0.120774
17  2.38761  2.96499  0.167165
17  2.45044  3.29668  0.304502
17  2.51327  3.72999  0.354823
17  2.57611  5.14014  0.846621
17  2.63894  6.74668  2.21504
17  2.70177  31.2189  19.3852
17  2.7646  0  0
17  2.82743  0  0
17  2.89027  0  0
17  2.9531  0  0
17  3.01593  0  0
17  3.07876  0  0
18  0  0  0
18  0.0628319  0  0
18  0.125664  0  0
18  0.188496  0  0
18  0.251327  0  0
18  0.314159  43.3312  39.6618
18  0.376991  8.18839  4.96175
18  0.439823  5.51383  1.3602
18  0.502655  5.16673  0.872748
18  0.565487  3.4628  0.340692
18  0.628319  3.24967  0.253254
18  0.69115  2.72433  0.132183
18  0.753982  2.75938  0.117307
18  0.816814  2.65129  0.102734
18  0.879646  2.61385  0.0893842
18  0.942478  2.23508  0.0841147
18  1.00531  2.39023  0.0776266
18  1.06814  2.42808  0.0931166
18  1.13097  2.32663  0.0967236
18  1.19381  2.15155  0.0875321
18  1.25664  2.20572  0.0910261
18  1.31947  2.13428  0.102161
18  1.3823  2.24913  0.099085
18  1.44513  2.25242  0.0994377
18  1.50796  2.17216  0.0941804
18  1.5708  2.23816  0.0884031
18  1.63363  2.1983  0.0854169
18  1.69646  2.19438  0.0952828
18  1.75929  2.26919  0.097712
18  1.82212  2.19887  0.0863992
18  1.88496  2.38996  0.095013
18  1.94779  2.42178  0.100176
18  2.01062  2.45727  0.0961007
18  2.07345  2.32436  0.0866602
18  2.13628  2.38894  0.0931169
18  2.19911  2.29887  0.088409
18  2.26195  2.76525  0.0987911
18  2.32478  2.75485  0.122051
18  2.38761  2.81325  0.145171
18  2.45044  3.08474  0.222421
18  2.51327  3.60068  0.330642
18  2.57611  5.13107  0.871048
18  2.63894  8.77106  3.50728
18  2.70177  9.25101  7.52934
18  2.7646  29.3177  29.1135
18  2.82743  0  0
18  2.89027  0  0
18  2.9531  0  0
18  3.01593  0  0
18  3.07876  0  0
19  0  0  0
19  0.0628319  0  0
19  0.125664  0  0
19  0.188496  0  0
19  0.251327  0  0
19  0.314159  50.8765  50.6816
19  0.376991  43.2415  36.9541
19  0.439823  5.90222  1.74235
19  0.502655  4.17014  0.86118
19  0.565487  3.66468  0.348672
19  0.628319  3.21617  0.258484
19  0.69115  2.36055  0.141865
19  0.753982  2.76323  0.114768
19  0.816814  2.53723  0.0944158
19  0.879646  2.57213  0.118503
19  0.942478  2.28972  0.100671
19  1.00531  2.4954  0.0947422
19  1.06814  2.45339  0.0896779
19  1.13097  2.3537  0.098981
19  1.19381  2.22146  0.0987989
19  1.25664  2.33604  0.0947027
19  1.31947  2.21232  0.0988739
19  1.3823  2.33229  0.0977267
19  1.44513  2.29946  0.107737
19  1.50796  2.24133  0.100654
19  1.5708  2.26894  0.0861303
19  1.63363  2.37124  0.118982
19  1.69646  2.39398  0.0995984
19  1.75929  2.14476  0.0954866
19  1.82212  2.29965  0.0935912
19  1.88496  2.28511  0.0906053
19  1.94779  2.17515  0.0818088
19  2.01062  2.34067  0.0837676
19  2.07345  2.47848  0.115199
19  2.13628  2.6232  0.0984895
19  2.19911  2.46327  0.0840013
19  2.26195  2.50663  0.0902653
19  2.32478  2.85451  0.120857
19  2.38761  2.65639  0.141719
19  2.45044  3.27596  0.257756
19  2.51327  4.03888  0.460114
19  2.57611  4.95549  0.955486
19  2.63894  6.45391  1.91582
19  2.70177  8.56597  6.24714
19  2.7646  1.38932  10.1946
19  2.82743  0  0
19  2.89027  0  0
19  2.9531  0  0
19  3.01593  0  0
19  3.07876  0  0
20  0  0  0
20  0.0628319  0  0
20  0.125664  0  0
20  0.188496  0  0
20  0.251327  0  0
20  0.314159  23.4166  30.7594
20  0.376991  12.2518  12.2053
20  0.439823  5.46067  1.15761
20  0.502655  4.58002  0.786445
20  0.565487  2.73892  0.300044
20  0.628319  3.5602  0.272823
20  0.69115  2.96369  0.16097
20  0.753982  2.60921  0.111382
20  0.816814  2.69094  0.104176
20  0.879646  2.64932  0.0990242
20  0.942478  2.45567  0.0902662
20  1.00531  2.42645  0.0913715
20  1.06814  2.45832  0.101471
20  1.13097  2.31185  0.0914176
20  1.19381  2.18852  0.0914734
20  1.25664  2.22808  0.0850316
20  1.31947  2.29328  0.104145
20  1.3823  2.43517  0.105524
20  1.44513  2.40938  0.0992849
20  1.50796  2.25899  0.0968564
20  1.5708  2.31198  0.110288
20  1.63363  2.29658  0.0979962
20  1.69646  2.29243  0.0940271
20  1.75929  2.14465  0.080913
20  1.82212  2.42019  0.0910266
20  1.88496  2.51924  0.12579
20  1.94779  2.34976  0.106833
20  2.01062  2.27419  0.10018
20  2.07345  2.46808  0.100734
20  2.13628  2.59991  0.104124
20  2.19911  2.46409  0.0918547
20  2.26195  2.8021  0.100173
20  2.32478  2.63245  0.103581
20  2.38761  3.11451  0.167511
20  2.45044  3.162  0.217251
20  2.51327  4.14534  0.430576
20  2.57611  5.95765  1.19429
20  2.63894  7.03744  1.99908
20  2.70177  8.79588  4.54951
20  2.7646  35.5875  19.5015
20  2.82743  0  0
20  2.89027  0  0
20  2.9531  0  0
20  3.01593  0  0
20  3.07876  0  0
21  0  0  0
21  0.0628319  0  0
21  0.125664  0  0
21  0.188496  0  0
21  0.251327  0  0
21  0.314159  36.3885  22.9982
21  0.376991  8.01456  4.84114
21  0.439823  8.59493  2.93291
21  0.502655  5.09793  1.16195
21  0.565487  3.37328  0.290293
21  0.628319  2.6541  0.167215
21  0.69115  2.99102  0.154052
21  0.753982  3.08211  0.150441
21  0.816814  2.56772  0.0923405
21  0.879646  2.5051  0.0896767
21  0.942478  2.3914  0.0942669
21  1.00531  2.354  0.086555
21  1.06814  2.35438  0.0833721
21  1.13097  2.28739  0.0891688
21  1.19381  2.37269  0.0966822
21  1.25664  2.14659  0.083444
21  1.31947  2.35928  0.0961729
21  1.3823  2.2327  0.115346
21  1.44513  2.26959  0.0904898
21  1.50796  2.2267  0.0854746
21  1.5708  2.06615  0.0785314
21  1.63363  2.22169  0.0852362
21  1.69646  2.26325  0.108263
21  1.75929  2.25047  0.0847834
21  1.82212  2.28405  0.0931504
21  1.88496  2.32779  0.103353
21  1.94779  2.20308  0.0988392
21  2.01062  2.33589  0.0910276
21  2.07345  2.25138  0.0885447
21  2.13628  2.38834  0.0869127
21  2.19911  2.35396  0.0847818
21  2.26195  2.55411  0.0879129
21  2.32478  2.87909  0.113092
21  2.38761  3.12567  0.167495
21  2.45044  3.07765  0.236335
21  2.51327  3.56561  0.37654
21  2.57611  3.84253  0.4715
21  2.63894  8.79652  4.77885
21  2.70177  17.741  30.8353
21  2.7646  38.0349  30.9893
21  2.82743  0  0
21  2.89027  0  0
21  2.9531  0  0
21  3.01593  0  0
21  3.07876  0  0
22  0  0  0
22  0.0628319  0  0
22  0.125664  0  0
22  0.188496  0  0
22  0.251327  0  0
22  0.314159  31.9033  30.7282
22  0.376991  6.73148  2.92157
22  0.439823  6.27085  1.73468
22  0.502655  4.96651  0.733802
22  0.565487  3.65894  0.31751
22  0.628319  3.13436  0.228039
22  0.69115  2.54904  0.127101
22  0.753982  2.99762  0.134796
22  0.816814  2.54655  0.0971152
22  0.879646  2.62898  0.102089
22  0.942478  2.27602  0.0791306
22  1.00531  2.49903  0.0920287
22  1.06814  2.37271  0.0975036
22  1.13097  2.26666  0.0918989
22  1.19381  2.27465  0.0941923
22  1.25664  2.23256  0.0847903
22  1.31947  2.14347  0.081399
22  1.3823  2.30068  0.0990647
22  1.44513  2.33037  0.0966395
22  1.50796  2.19838  0.0915445
22  1.5708  2.18033  0.095714
22  1.63363  2.30977  0.0958888
22  1.69646  2.17428  0.111002
22  1.75929  2.12178  0.0799724
22  1.82212  2.167  0.100604
22  1.88496  2.12292  0.100016
22  1.94779  2.19461  0.0845919
22  2.01062  2.49923  0.0974428
22  2.07345  2.45397  0.093146
22  2.13628  2.49261  0.0921669
22  2.19911  2.48477  0.0945357
22  2.26195  2.69522  0.107763
22  2.32478  3.11452  0.138916
22  2.38761  2.87511  0.153699
22  2.45044  3.31401  0.207693
22  2.51327  4.5335  0.534783
22  2.57611  5.47932  1.05442
22  2.63894  6.3988  1.71546
22  2.70177  7.90896  3.13106
22  2.7646  40.5011  35.1919
22  2.82743  0  0
22  2.89027  0  0
22  2.9531  0  0
22  3.01593  0  0
22  3.07876  0  0
23  0  0  0
23  0.0628319  0  0
23  0.125664  0  0
23  0.188496  0  0
23  0.251327  0  0
23  0.314159  15.0322  24.2339
23  0.376991  14.8166  16.5319
23  0.439823  4.25966  0.798303
23  0.502655  5.12714  0.724306
23  0.565487  3.66982  0.34707
23  0.628319  3.5019  0.273412
23  0.69115  3.12024  0.169712
23  0.753982  2.94623  0.125325
23  0.816814  2.6863  0.0946176
23  0.879646  2.50874  0.106317
23  0.942478  2.56557  0.0949919
23  1.00531  2.67709  0.105762
23  1.06814  2.35347  0.0851942
23  1.13097  2.44731  0.092197
23  1.19381  2.3259  0.0972413
23  1.25664  2.4323  0.107314
23  1.31947  2.24371  0.102614
23  1.3823  2.02977  0.0888857
23  1.44513  2.06094  0.0817535
23  1.50796  2.29304  0.1061
23  1.5708  2.27751  0.0964729
23  1.63363  2.09372  0.0940298
23  1.69646  2.33412  0.098588
23  1.75929  2.29782  0.0897447
23  1.82212  2.27459  0.103068
23  1.88496  2.39856  0.0953103
23  1.94779  2.31417  0.110486
23  2.01062  2.32547  0.0942946
23  2.07345  2.45318  0.0965802
23  2.13628  2.33608  0.0821377
23  2.19911  2.62938  0.0961649
23  2.26195  2.64762  0.0938599
23  2.32478  2.8797  0.135
23  2.38761  2.77705  0.14682
23  2.45044  3.57271  0.214973
23  2.51327  2.95023  0.284804
23  2.57611  5.05218  0.786113
23  2.63894  6.2602  1.51646
23  2.70177  15.9774  29.2651
23  2.7646  39.0609  27.3516
23  2.82743  0  0
23  2.89027  0  0
23  2.9531  0  0
23  3.01593  0  0
23  3.07876  0  0
24  0  0  0
24  0.0628319  0  0
24  0.125664  0  0
24  0.188496  0  0
24  0.251327  0  0
24  0.314159  11.851  24.6946
24  0.376991  8.90991  5.21616
24  0.439823  7.6236  2.73779
24  0.502655  5.31287  0.836628
24  0.565487  3.5865  0.381437
24  0.628319  2.80065  0.184386
24  0.69115  2.8339  0.136305
24  0.753982  2.80198  0.119725
24  0.816814  2.63977  0.10488
24  0.879646  2.67087  0.0797071
24  0.942478  2.48237  0.0934036
24  1.00531  2.51851  0.0905987
24  1.06814  2.49099  0.112606
24  1.13097  2.3466  0.0954762
24  1.19381  2.27436  0.0887649
24  1.25664  2.29943  0.0907829
24  1.31947  2.31201  0.0977541
24  1.3823  2.40285  0.102912
24  1.44513  2.33875  0.102574
24  1.50796  2.14093  0.0844566
24  1.5708  2.34432  0.103659
24  1.63363  2.1494  0.0931792
24  1.69646  2.12592  0.093964
24  1.75929  2.10346  0.0941632
24  1.82212  2.35783  0.0959537
24  1.88496  2.12664  0.0912789
24  1.94779  2.55308  0.0991039
24  2.01062  2.33249  0.100676
24  2.07345  2.34251  0.0953158
24  2.13628  2.46518  0.0970122
24  2.19911  2.58526  0.096528
24  2.26195  2.72587  0.0939703
24  2.32478  2.74129  0.109823
24  2.38761  2.97216  0.165823
24  2.45044  3.55648  0.253716
24  2.51327  4.06635  0.431853
24  2.57611  4.20377  0.8546
24  2.63894  4.23917  0.791829
24  2.70177  9.44515  5.64259
24  2.7646  8.98516  19.7435
24  2.82743  0  0
24  2.89027  0  0
24  2.9531  0  0
24  3.01593  0  0
24  3.07876  0  0
25  0  0  0
25  0.0628319  0  0
25  0.125664  0  0
25  0.188496  0  0
25  0.251327  0  0
25  0.314159  12.4133  20.8676
25  0.376991  6.78023  2.93303
25  0.439823  7.45577  2.68055
25  0.502655  5.87816  1.23403
25  0.565487  4.64196  0.480953
25  0.628319  3.49481  0.229121
25  0.69115  2.84446  0.15057
25  0.753982  2.92946  0.125975
25  0.816814  2.73643  0.106379
25  0.879646  2.50245  0.0948988
25  0.942478  2.25901  0.0825438
25  1.00531  2.3523  0.0879466
25  1.06814  2.23132  0.096433
25  1.13097  2.37002  0.0948253
25  1.19381  2.32908  0.0948035
25  1.25664  2.4484  0.109608
25  1.31947  2.27853  0.0963291
25  1.3823  2.23204  0.112406
25  1.44513  2.20814  0.0913757
25  1.50796  2.30584  0.106017
25  1.5708  2.46785  0.104837
25  1.63363  2.15582  0.0904416
25  1.69646  2.33079  0.101189
25  1.75929  2.35437  0.10935
25  1.82212  2.3014  0.114085
25  1.88496  2.29642  0.103902
25  1.94779  2.47504  0.109016
25  2.01062  2.44603  0.0928221
25  2.07345  2.29852  0.0906957
25  2.13628  2.59633  0.08797
25  2.19911  2.56001  0.0814307
25  2.26195  2.66255  0.0957479
25  2.32478  2.88883  0.11924
25  2.38761  2.54387  0.135035
25  2.45044  3.19676  0.252386
25  2.51327  3.79615  0.448228
25  2.57611  5.11443  0.905456
25  2.63894  6.90769  2.01041
25  2.70177  9.28878  6.17404
25  2.7646  13.2853  26.9013
25  2.82743  0  0
25  2.89027  0  0
25  2.9531  0  0
25  3.01593  0  0
25  3.07876  0  0
26  0  0  0
26  0.0628319  0  0
26  0.125664  0  0
26  0.188496  0  0
26  0.251327  0  0
26  0.314159  14.0196  27.2041
26  0.376991  7.83093  4.68576
26  0.439823  7.96697  2.71241
26  0.502655  4.5676  0.744307
26  0.565487  3.61234  0.413739
26  0.628319  3.27898  0.269501
26  0.69115  2.72052  0.162186
26  0.753982  2.63687  0.109902
26  0.816814  2.95333  0.110575
26  0.879646  2.34611  0.0812102
26  0.942478  2.39468  0.0846916
26  1.00531  2.40868  0.083693
26  1.06814  2.42467  0.0901333
26  1.13097  2.38509  0.0927942
26  1.19381  2.25771  0.0949444
26  1.25664  2.18906  0.0858343
26  1.31947  2.23305  0.0895727
26  1.3823  2.35946  0.0849498
26  1.44513  2.18321  0.091904
26  1.50796  2.28982  0.0895762
26  1.5708  2.13375  0.096241
26  1.63363  2.16147  0.0909958
26  1.69646  2.24933  0.0939682
26  1.75929  2.24709  0.0917693
26  1.82212  2.15794  0.0879576
26  1.88496  2.40355  0.0963684
26  1.94779  2.1185  0.0780264
26  2.01062  2.49215  0.0952563
26  2.07345  2.41712  0.0891934
26  2.13628  2.38095  0.0862089
26  2.19911  2.48236  0.0947258
26  2.26195  2.61765  0.101155
26  2.32478  2.25615  0.115097
26  2.38761  3.09311  0.202284
26  2.45044  2.91318  0.256772
26  2.51327  3.82392  0.384019
26  2.57611  5.58997  0.955199
26  2.63894  5.31643  1.17665
26  2.70177  23.2642  26.2997
26  2.7646  52.494  42.8652
26  2.82743  0.247365  2.303
26  2.89027  0  0
26  2.9531  0  0
26  3.01593  0  0
26  3.07876  0  0
27  0  0  0
27  0.0628319  0  0
27  0.125664  0  0
27  0.188496  0  0
27  0.251327  0  0
27  0.314159  33.0066  19.5841
27  0.376991  9.65071  5.47445
27  0.439823  7.5998  3.01034
27  0.502655  4.7021  0.818892
27  0.565487  3.15001  0.334403
27  0.628319  2.9755  0.229953
27  0.69115  2.87354  0.175676
27  0.753982  2.83478  0.116599
27  0.816814  2.70336  0.11418
27  0.879646  2.46919  0.0875206
27  0.942478  2.48153  0.0853836
27  1.00531  2.41095  0.0911916
27  1.06814  2.41977  0.0924089
27  1.13097  2.36069  0.091213
27  1.19381  2.35541  0.0880581
27  1.25664  2.20239  0.0921731
27  1.31947  2.25615  0.108335
27  1.3823  2.03084  0.0893381
27  1.44513  2.39006  0.103843
27  1.50796  2.13985  0.0903098
27  1.5708  2.34645  0.114539
27  1.63363  2.25453  0.0984744
27  1.69646  2.22864  0.0923116
27  1.75929  2.33089  0.103523
27  1.82212  2.00787  0.0915359
27  1.88496  2.33625  0.0891737
27  1.94779  2.45001  0.0993534
27  2.01062  2.2652  0.0857524
27  2.07345  2.55695  0.0978624
27  2.13628  2.3447  0.0804337
27  2.19911  2.52544  0.101194
27  2.26195  2.77544  0.111501
27  2.32478  2.82359  0.137513
27  2.38761  2.8173  0.150236
27  2.45044  3.69935  0.26803
27  2.51327  4.40983  0.444937
27  2.57611  4.03396  0.55307
27  2.63894  7.03772  2.06008
27  2.70177  9.90334  5.39129
27  2.7646  10.4713  8.69093
27  2.82743  0  0
27  2.89027  0  0
27  2.9531  0  0
27  3.01593  0  0
27  3.07876  0  0
28  0  0  0
28  0.0628319  0  0
28  0.125664  0  0
28  0.188496  0  0
28  0.251327  0  0
28  0.314159  12.4023  14.9645
28  0.376991  9.82519  5.85365
28  0.439823  6.107  1.63389
28  0.502655  3.97691  0.616026
28  0.565487  3.57158  0.331397
28  0.628319  3.74632  0.307441
28  0.69115  2.94972  0.224779
28  0.753982  2.89301  0.123482
28  0.816814  2.60033  0.0900636
28  0.879646  2.36253  0.0848573
28  0.942478  2.30455  0.0785161
28  1.00531  2.41786  0.0913902
28  1.06814  2.40669  0.0886823
28  1.13097  2.5925  0.113088
28  1.19381  2.53342  0.108409
28  1.25664  2.13092  0.0937493
28  1.31947  2.43018  0.102497
28  1.3823  2.24672  0.0859691
28  1.44513  2.43222  0.0951139
28  1.50796  2.22358  0.102825
28  1.5708  2.14258  0.0906866
28  1.63363  2.26048  0.0859206
28  1.69646  2.33515  0.11069
28  1.75929  2.38213  0.0865085
28  1.82212  2.3343  0.104082
28  1.88496  2.25864  0.0853847
28  1.94779  2.40339  0.101667
28  2.01062  2.309  0.0933264
28  2.07345  2.51437  0.102751
28  2.13628  2.41063  0.103145
28  2.19911  2.45523  0.0808731
28  2.26195  2.76891  0.118997
28  2.32478  2.53988  0.0999329
28  2.38761  3.11943  0.191308
28  2.45044  3.19856  0.198169
28  2.51327  3.7306  0.351941
28  2.57611  4.80557  0.844756
28  2.63894  4.8993  0.968968
28  2.70177  10.4177  6.00172
28  2.7646  42.4362  39.3076
28  2.82743  0.240258  2.2877
28  2.89027  0  0
28  2.9531  0  0
28  3.01593  0  0
28  3.07876  0  0
29  0  0  0
29  0.0628319  0  0
29  0.125664  0  0
29  0.188496  0  0
29  0.251327  0.249284  2.1611
29  0.314159  8.68805  5.10078
29  0.376991  9.55228  5.27431
29  0.439823  5.38316  1.26711
29  0.502655  6.79865  1.97041
29  0.565487  3.45473  0.501876
29  0.628319  2.93736  0.229453
29  0.69115  2.89526  0.132452
29  0.753982  3.0551  0.142675
29  0.816814  2.53487  0.0855928
29  0.879646  2.43493  0.0886258
29  0.942478  2.45063  0.0850092
29  1.00531  2.43285  0.0897969
29  1.06814  2.48162  0.10028
29  1.13097  2.21742  0.083055
29  1.19381  2.39567  0.0958757
29  1.25664  2.4085  0.10878
29  1.31947  2.05306  0.0931537
29  1.3823  2.24927  0.0990891
29  1.44513  2.10161  0.0819191
29  1.50796  2.32754  0.111136
29  1.5708  2.31937  0.0988872
29  1.63363  2.39746  0.0974046
29  1.69646  2.33144  0.0936452
29  1.75929  2.11098  0.0835409
29  1.82212  2.31359  0.0941254
29  1.88496  2.34163  0.0978847
29  1.94779  2.24494  0.0807217
29  2.01062  2.34917  0.0879761
29  2.07345  2.45742  0.0928331
29  2.13628  2.33951  0.0894063
29  2.19911  2.51196  0.0833338
29  2.26195  2.41199  0.0866719
29  2.32478  2.70738  0.108948
29  2.38761  2.99273  0.142529
29  2.45044  3.40005  0.280234
29  2.51327  3.83218  0.440564
29  2.57611  4.57341  0.744536
29  2.63894  6.0152  1.81151
29  2.70177  9.62023  6.49153
29  2.7646  13.3427  15.4338
29  2.82743  4.30689  31.6034
29  2.89027  0  0
29  2.9531  0  0
29  3.01593  0  0
29  3.07876  0  0
30  0  0  0
30  0.0628319  0  0
30  0.125664  0  0
30  0.188496  0  0
30  0.251327  5.41835  39.7591
30  0.314159  42.65  37.0461
30  0.376991  10.0319  5.21493
30  0.439823  6.40813  1.39043
30  0.502655  5.50676  1.07114
30  0.565487  3.755  0.361348
30  0.628319  2.72986  0.197814
30  0.69115  3.24392  0.177684
30  0.753982  2.69136  0.122651
30  0.816814  2.68128  0.0929623
30  0.879646  2.59334  0.0876953
30  0.942478  2.58613  0.101632
30  1.00531  2.38332  0.0974184
30  1.06814  2.26599  0.0812614
30  1.13097  2.15566  0.0942394
30  1.19381  2.34023  0.0947839
30  1.25664  2.30336  0.090459
30  1.31947  2.37981  0.100447
30  1.3823  2.24535  0.088717
30  1.44513  2.05231  0.0777331
30  1.50796  2.44803  0.118821
30  1.5708  2.15168  0.085476
30  1.63363  2.14423  0.0910529
30  1.69646  2.23689  0.0896794
30  1.75929  2.32982  0.105643
30  1.82212  2.37708  0.10838
30  1.88496  2.32054  0.107325
30  1.94779  2.49317  0.0921852
30  2.01062  2.43772  0.0956263
30  2.07345  2.34206  0.0826412
30  2.13628  2.53891  0.101951
30  2.19911  2.61536  0.091605
30  2.26195  2.64682  0.0917519
30  2.32478  2.68666  0.114923
30  2.38761  2.7445  0.152273
30  2.45044  2.59402  0.186093
30  2.51327  4.38862  0.491427
30  2.57611  4.89487  0.776127
30  2.63894  8.18922  3.44768
30  2.70177  7.97435  4.20737
30  2.7646  11.7615  13.6303
30  2.82743  60.4388  31.5398
30  2.89027  0  0
30  2.9531  0  0
30  3.01593  0  0
30  3.07876  0  0
31  0  0  0
31  0.0628319  0  0
31  0.125664  0  0
31  0.188496  0  0
31  0.251327  52.7147  33.3968
31  0.314159  9.6208  11.3855
31  0.376991  8.56483  3.7046
31  0.439823  6.80941  1.66089
31  0.502655  6.41617  1.51655
31  0.565487  3.75801  0.492769
31  0.628319  3.43985  0.256161
31  0.69115  2.90309  0.139581
31  0.753982  2.81149  0.11032
31  0.816814  2.58481  0.0948039
31  0.879646  2.61887  0.0857236
31  0.942478  2.52392  0.0937676
31  1.00531  2.48285  0.0932661
31  1.06814  2.637  0.12831
31  1.13097  2.33637  0.105699
31  1.19381  2.3035  0.0930109
31  1.25664  2.30585  0.100476
31  1.31947  2.15235  0.0969758
31  1.3823  2.29674  0.0905153
31  1.44513  2.36198  0.104569
31  1.50796  2.14164  0.112928
31  1.5708  2.27925  0.0894755
31  1.63363  2.22088  0.0981914
31  1.69646  2.422  0.106019
31  1.75929  2.4864  0.102431
31  1.82212  1.98389  0.0764656
31  1.88496  1.9854  0.0849364
31  1.94779  2.33369  0.0853658
31  2.01062  2.47469  0.103815
31  2.07345  2.47074  0.0964933
31  2.13628  2.46705  0.0912811
31  2.19911  2.49993  0.0935319
31  2.26195  2.574  0.100454
31  2.32478  2.94773  0.110201
31  2.38761  2.614  0.178023
31  2.45044  3.38704  0.23923
31  2.51327  3.85406  0.414744
31  2.57611  4.45265  0.555536
31  2.63894  6.7326  1.67829
31  2.70177  9.01894  3.73
31  2.7646  12.8601  26.8991
31  2.82743  0.249863  2.27137
31  2.89027  0  0
31  2.9531  0  0
31  3.01593  0  0
31  3.07876  0  0
32  0  0  0
32  0.0628319  0  0
32  0.125664  0  0
32  0.188496  0  0
32  0.251327  2.40228  1.76043
32  0.314159  47.8352  47.4773
32  0.376991  9.43563  6.09824
32  0.439823  7.00747  2.07545
32  0.502655  4.91482  0.868961
32  0.565487  4.12821  0.374456
32  0.628319  3.61251  0.290546
32  0.69115  2.90002  0.154114
32  0.753982  2.32294  0.0914973
32  0.816814  2.52648  0.10219
32  0.879646  2.49821  0.0917525
32  0.942478  2.47616  0.0871927
32  1.00531  2.23694  0.0795136
32  1.06814  2.47802  0.118737
32  1.13097  2.3292  0.0918716
32  1.19381  2.14148  0.0954058
32  1.25664  2.2928  0.0954743
32  1.31947  2.38923  0.119527
32  1.3823  2.28631  0.0945267
32  1.44513  2.21562  0.0863584
32  1.50796  2.30849  0.0944083
32  1.5708  2.15422  0.0927729
32  1.63363  2.28635  0.0900919
32  1.69646  2.47763  0.119156
32  1.75929  2.17414  0.0942683
32  1.82212  2.38281  0.0906534
32  1.88496  2.43636  0.0988565
32  1.94779  2.54457  0.110265
32  2.01062  2.33881  0.098965
32  2.07345  2.40926  0.0821452
32  2.13628  2.50392  0.09029
32  2.19911  2.51705  0.0919244
32  2.26195  2.60941  0.0891207
32  2.32478  2.76025  0.120095
32  2.38761  3.04717  0.180137
32  2.45044  3.04137  0.210762
32  2.51327  3.85264  0.398984
32  2.57611  3.84359  0.443616
32  2.63894  5.974  1.88361
32  2.70177  8.99942  6.28506
32  2.7646  12.9786  14.8487
32  2.82743  57.5443  28.795
32  2.89027  0  0
32  2.9531  0  0
32  3.01593  0  0
32  3.07876  0  0
33  0  0  0
33  0.0628319  0  0
33  0.125664  0  0
33  0.188496  0  0
33  0.251327  42.7052  41.4023
33  0.314159  21.0369  23.8995
33  0.376991  9.58487  5.10371
33  0.439823  5.69289  1.28766
33  0.502655  4.635  0.652993
33  0.565487  4.47523  0.586501
33  0.628319  3.43758  0.210553
33  0.69115  2.85519  0.150912
33  0.753982  2.70882  0.10869
33  0.816814  2.75538  0.102465
33  0.879646  2.51167  0.0856371
33  0.942478  2.49529  0.09228
33  1.00531  2.34552  0.0804311
33  1.06814  2.4537  0.0854657
33  1.13097  2.33453  0.097813
33  1.19381  2.31558  0.0946326
33  1.25664  2.27355  0.117025
33  1.31947  2.26612  0.0937987
33  1.3823  2.09178  0.0857188
33  1.44513  2.18771  0.0949122
33  1.50796  2.16855  0.0861233
33  1.5708  2.15045  0.0837331
33  1.63363  2.23275  0.0861382
33  1.69646  2.32325  0.113205
33  1.75929  2.38103  0.0925354
33  1.82212  2.35063  0.0908203
33  1.88496  2.16403  0.0858591
33  1.94779  2.39758  0.11951
33  2.01062  2.31769  0.0898524
33  2.07345  2.36175  0.0877548
33  2.13628  2.45387  0.0975226
33  2.19911  2.62932  0.102755
33  2.26195  2.6154  0.0943499
33  2.32478  2.98506  0.143261
33  2.38761  2.91352  0.153395
33  2.45044  2.87688  0.239522
33  2.51327  3.87705  0.389886
33  2.57611  4.25754  0.793887
33  2.63894  6.24855  1.45389
33  2.70177  6.86943  2.46215
33  2.7646  13.7715  25.1551
33  2.82743  1.69863  1.31848
33  2.89027  0  0
33  2.9531  0  0
33  3.01593  0  0
33  3.07876  0  0
34  0  0  0
34  0.0628319  0  0
34  0.125664  0  0
34  0.188496  0  0
34  0.251327  2.73937  21.7238
34  0.314159  27.7865  31.5908
34  0.376991  11.0182  8.53799
34  0.439823  5.8396  1.95559
34  0.502655  4.67015  0.8024
34  0.565487  3.80256  0.37881
34  0.628319  3.02519  0.232447
34  0.69115  2.86103  0.15703
34  0.753982  2.74761  0.122391
34  0.816814  2.43745  0.0923352
34  0.879646  2.5239  0.0893324
34  0.942478  2.4829  0.097611
34  1.00531  2.38034  0.0928468
34  1.06814  2.24967  0.0994253
34  1.13097  2.45021  0.0997359
34  1.19381  2.59648  0.112449
34  1.25664  2.37829  0.100392
34  1.31947  2.29848  0.0857475
34  1.3823  2.2021  0.0910552
34  1.44513  2.3644  0.0979499
34  1.50796  2.21149  0.0873079
34  1.5708  2.08096  0.0769223
34  1.63363  2.30003  0.102816
34  1.69646  2.35584  0.0918044
34  1.75929  2.27362  0.0991142
34  1.82212  2.42317  0.105901
34  1.88496  2.46879  0.11344
34  1.94779  2.35768  0.0923691
34  2.01062  2.46687  0.0922884
34  2.07345  2.26206  0.0824768
34  2.13628  2.37688  0.0872162
34  2.19911  2.71948  0.100188
34  2.26195  2.59394  0.09583
34  2.32478  2.94708  0.131171
34  2.38761  3.16014  0.182697
34  2.45044  3.16457  0.226513
34  2.51327  3.61203  0.320053
34  2.57611  6.52404  1.34823
34  2.63894  8.02301  3.16941
34  2.70177  8.93897  5.55458
34  2.7646  38.9538  32.9819
34  2.82743  51.0628  49.461
34  2.89027  0  0
34  2.9531  0  0
34  3.01593  0  0
34  3.07876  0  0
35  0  0  0
35  0.0628319  0  0
35  0.125664  0  0
35  0.188496  0  0
35  0.251327  54.8164  52.3488
35  0.314159  50.1546  45.4708
35  0.376991  8.3279  3.52242
35  0.439823  5.36899  0.916643
35  0.502655  4.9792  0.667632
35  0.565487  3.15595  0.275529
35  0.628319  2.81122  0.239406
35  0.69115  2.86609  0.14853
35  0.753982  2.5919  0.110677
35  0.816814  2.60467  0.0946577
35  0.879646  2.60603  0.0950544
35  0.942478  2.3985  0.0808621
35  1.00531  2.48917  0.0975731
35  1.06814  2.23484  0.076099
35  1.13097  2.24451  0.0831725
35  1.19381  2.24146  0.0829218
35  1.25664  2.12089  0.108632
35  1.31947  2.23817  0.110279
35  1.3823  2.30865  0.103857
35  1.44513  2.29675  0.104982
35  1.50796  2.21946  0.0860302
35  1.5708  2.37337  0.0951918
35  1.63363  2.15759  0.0981951
35  1.69646  2.39724  0.0946076
35  1.75929  2.39036  0.109619
35  1.82212  2.2628  0.103278
35  1.88496  2.52473  0.123929
35  1.94779  2.44684  0.0925499
35  2.01062  2.26651  0.090343
35  2.07345  2.50488  0.105505
35  2.13628  2.4861  0.0959574
35  2.19911  2.60928  0.098482
35  2.26195  2.65636  0.106017
35  2.32478  2.70254  0.105506
35  2.38761  3.14829  0.165529
35  2.45044  3.16182  0.252314
35  2.51327  3.87811  0.40153
35  2.57611  5.28673  0.859328
35  2.63894  5.42287  1.02065
35  2.70177  10.2569  5.42559
35  2.7646  10.9911  11.9736
35  2.82743  8.72961  13.7338
35  2.89027  0  0
35  2.9531  0  0
35  3.01593  0  0
35  3.07876  0  0
36  0  0  0
36  0.0628319  0  0
36  0.125664  0  0
36  0.188496  0  0
36  0.251327  44.5442  22.4141
36  0.314159  15.9034  31.8291
36  0.376991  7.34246  3.13204
36  0.439823  7.90442  2.52499
36  0.502655  3.86709  0.49876
36  0.565487  3.96938  0.420192
36  0.628319  2.87777  0.250201
36  0.69115  3.00962  0.152002
36  0.753982  2.78965  0.121048
36  0.816814  2.69166  0.102071
36  0.879646  2.48258  0.0840287
36  0.942478  2.46573  0.0884545
36  1.00531  2.45145  0.0893267
36  1.06814  2.6031  0.113137
36  1.13097  2.24339  0.114182
36  1.19381  2.38336  0.0891966
36  1.25664  2.14087  0.0824981
36  1.31947  2.26786  0.0885898
36  1.3823  2.30384  0.0991732
36  1.44513  2.22099  0.0915465
36  1.50796  2.45105  0.0922763
36  1.5708  2.36358  0.101439
36  1.63363  2.29415  0.0910122
36  1.69646  2.35672  0.11188
36  1.75929  2.20749  0.0963858
36  1.82212  2.27319  0.0983515
36  1.88496  2.44128  0.108554
36  1.94779  2.33158  0.0860713
36  2.01062  2.4528  0.0939528
36  2.07345  2.55123  0.103761
36  2.13628  2.5451  0.0954116
36  2.19911  2.53453  0.0832279
36  2.26195  2.57589  0.101905
36  2.32478  2.76152  0.116418
36  2.38761  3.1002  0.155938
36  2.45044  3.20544  0.227872
36  2.51327  4.12393  0.396387
36  2.57611  4.75106  0.820156
36  2.63894  5.97441  1.6987
36  2.70177  47.7318  29.0251
36  2.7646  9.25974  6.35326
36  2.82743  64.6139  59.6808
36  2.89027  0  0
36  2.9531  0  0
36  3.01593  0  0
36  3.07876  0  0
37  0  0  0
37  0.0628319  0  0
37  0.125664  0  0
37  0.188496  0  0
37  0.251327  0.249863  2.27137
37  0.314159  46.5598  26.9019
37  0.376991  8.36386  3.94673
37  0.439823  5.91397  1.44789
37  0.502655  4.67354  0.644747
37  0.565487  3.56358  0.372597
37  0.628319  2.96334  0.181893
37  0.69115  3.07381  0.155764
37  0.753982  2.58975  0.118957
37  0.816814  2.56143  0.0903056
37  0.879646  2.52687  0.0998591
37  0.942478  2.36637  0.0808297
37  1.00531  2.37124  0.0813648
37  1.06814  2.36857  0.0960618
37  1.13097  2.31614  0.0779623
37  1.19381  2.37433  0.100816
37  1.25664  2.398  0.114202
37  1.31947  2.45038  0.103331
37  1.3823  2.43428  0.123349
37  1.44513  2.18188  0.0927203
37  1.50796  2.30794  0.101186
37  1.5708  2.30938  0.0956432
37  1.63363  2.19212  0.0850844
37  1.69646  2.21051  0.0918207
37  1.75929  2.28748  0.0834296
37  1.82212  2.17372  0.104123
37  1.88496  2.2675  0.087722
37  1.94779  2.42991  0.0913266
37  2.01062  2.45493  0.100701
37  2.07345  2.58348  0.105833
37  2.13628  2.43336  0.0914121
37  2.19911  2.43113  0.0847084
37  2.26195  2.70923  0.0952731
37  2.32478  2.68406  0.112802
37  2.38761  2.68787  0.175676
37  2.45044  2.75281  0.16653
37  2.51327  3.22558  0.311456
37  2.57611  4.67283  0.609267
37  2.63894  5.92313  1.86443
37  2.70177  9.85586  5.08519
37  2.7646  9.72055  7.93514
37  2.82743  16.7905  18.9159
37  2.89027  0  0
37  2.9531  0  0
37  3.01593  0  0
37  3.07876  0  0
38  0  0  0
38  0.0628319  0  0
38  0.125664  0  0
38  0.188496  0  0
38  0.251327  42.6547  27.9416
38  0.314159  20.0766  27.0073
38  0.376991  8.89205  5.58625
38  0.439823  5.89216  1.68116
38  0.502655  5.08985  0.786767
38  0.565487  3.74324  0.462199
38  0.628319  2.94477  0.284244
38  0.69115  3.23499  0.219792
38  0.753982  2.69134  0.110061
38  0.816814  2.78628  0.112069
38  0.879646  2.45619  0.0857728
38  0.942478  2.44276  0.0802588
38  1.00531  2.33484  0.0837044
38  1.06814  2.27364  0.0889737
38  1.13097  2.39209  0.090706
38  1.19381  2.34491  0.113441
38  1.25664  2.38735  0.105294
38  1.31947  2.26728  0.109113
38  1.3823  2.3195  0.0910969
38  1.44513  2.55067  0.102979
38  1.50796  2.16566  0.092783
38  1.5708  2.25852  0.0971361
38  1.63363  2.28082  0.10663
38  1.69646  2.07802  0.0924548
38  1.75929  2.22761  0.0998289
38  1.82212  2.22359  0.0915197
38  1.88496  2.44913  0.117666
38  1.94779  2.48847  0.0914154
38  2.01062  2.50772  0.110298
38  2.07345  2.57963  0.107731
38  2.13628  2.4267  0.0877011
38  2.19911  2.55593  0.0941502
38  2.26195  2.52946  0.102503
38  2.32478  2.76508  0.127164
38  2.38761  2.83199  0.175109
38  2.45044  2.93578  0.236957
38  2.51327  3.60932  0.336598
38  2.57611  4.46549  0.524894
38  2.63894  5.75956  1.39151
38  2.70177  11.5652  7.26211
38  2.7646  10.3085  8.97337
38  2.82743  27.3105  14.0117
38  2.89027  0  0
38  2.9531  0  0
38  3.01593  0  0
38  3.07876  0  0
39  0  0  0
39  0.0628319  0  0
39  0.125664  0  0
39  0.188496  0  0
39  0.251327  22.8307  30.8058
39  0.314159  8.59485  4.98426
39  0.376991  7.01132  2.12629
39  0.439823  8.1502  3.08153
39  0.502655  6.36931  1.23839
39  0.565487  3.87324  0.397814
39  0.628319  3.33357  0.235848
39  0.69115  2.77461  0.152407
39  0.753982  2.74818  0.110044
39  0.816814  2.64387  0.105193
39  0.879646  2.3808  0.0846869
39  0.942478  2.42938  0.0959096
39  1.00531  2.36672  0.0979452
39  1.06814  2.41587  0.0993736
39  1.13097  2.42526  0.0969746
39  1.19381  2.2124  0.0987689
39  1.25664  2.15211  0.0892715
39  1.31947  2.30037  0.100545
39  1.3823  2.20712  0.09091
39  1.44513  2.3514  0.110797
39  1.50796  2.27628  0.0929767
39  1.5708  1.97252  0.0787217
39  1.63363  2.34172  0.0920311
39  1.69646  2.25105  0.0925669
39  1.75929  2.32463  0.0995114
39  1.82212  2.3613  0.0993412
39  1.88496  2.44193  0.111065
39  1.94779  2.50756  0.107486
39  2.01062  2.17391  0.0871172
39  2.07345  2.30706  0.0953888
39  2.13628  2.55245  0.0857283
39  2.19911  2.35255  0.0860525
39  2.26195  2.58401  0.0911293
39  2.32478  2.64274  0.114312
39  2.38761  2.96556  0.146691
39  2.45044  3.00099  0.202411
39  2.51327  4.30578  0.425873
39  2.57611  3.85702  0.489279
39  2.63894  6.07409  1.33581
39  2.70177  8.44514  3.98886
39  2.7646  9.32413  6.74246
39  2.82743  46.7046  46.6531
39  2.89027  0  0
39  2.9531  0  0
39  3.01593  0  0
39  3.07876  0  0
