4  0  0  0
4  0.0628319  0  0
4  0.125664  0  0
4  0.188496  0  0
4  0.251327  0  0
4  0.314159  0  0
4  0.376991  0  0
4  0.439823  0  0
4  0.502655  0  0
4  0.565487  0  0
4  0.628319  0  0
4  0.69115  0  0
4  0.753982  0  0
4  0.816814  0  0
4  0.879646  0  0
4  0.942478  0  0
4  1.00531  0  0
4  1.06814  0  0
4  1.13097  0  0
4  1.19381  0  0
4  1.25664  0  0
4  1.31947  0  0
4  1.3823  0  0
4  1.44513  0  0
4  1.50796  0  0
4  1.5708  0  0
4  1.63363  0  0
4  1.69646  0  0
4  1.75929  0  0
4  1.82212  0  0
4  1.88496  0  0
4  1.94779  0  0
4  2.01062  0  0
4  2.07345  0  0
4  2.13628  0  0
4  2.19911  0  0
4  2.26195  0  0
4  2.32478  0  0
4  2.38761  0  0
4  2.45044  0  0
4  2.51327  0  0
4  2.57611  0  0
4  2.63894  0  0
4  2.70177  0  0
4  2.7646  0  0
4  2.82743  0  0
4  2.89027  0  0
4  2.9531  0  0
4  3.01593  0  0
4  3.07876  0  0
4.5  0  0  0
4.5  0.0628319  0  0
4.5  0.125664  0  0
4.5  0.188496  0  0
4.5  0.251327  0  0
4.5  0.314159  0  0
4.5  0.376991  0  0
4.5  0.439823  0  0
4.5  0.502655  0  0
4.5  0.565487  0  0
4.5  0.628319  0  0
4.5  0.69115  0  0
4.5  0.753982  0  0
4.5  0.816814  0  0
4.5  0.879646  0  0
4.5  0.942478  0  0
4.5  1.00531  0  0
4.5  1.06814  0  0
4.5  1.13097  0  0
4.5  1.19381  0  0
4.5  1.25664  0  0
4.5  1.31947  0  0
4.5  1.3823  0  0
4.5  1.44513  0  0
4.5  1.50796  0  0
4.5  1.5708  0  0
4.5  1.63363  0  0
4.5  1.69646  0  0
4.5  1.75929  0  0
4.5  1.82212  0  0
4.5  1.88496  0  0
4.5  1.94779  0  0
4.5  2.01062  0  0
4.5  2.07345  0  0
4.5  2.13628  0  0
4.5  2.19911  0  0
4.5  2.26195  0  0
4.5  2.32478  0  0
4.5  2.38761  0  0
4.5  2.45044  0  0
4.5  2.51327  0  0
4.5  2.57611  0  0
4.5  2.63894  0  0
4.5  2.70177  0  0
4.5  2.7646  0  0
4.5  2.82743  0  0
4.5  2.89027  0  0
4.5  2.9531  0  0
4.5  3.01593  0  0
4.5  3.07876  0  0
5  0  0  0
5  0.0628319  0  0
5  0.125664  0  0
5  0.188496  0  0
5  0.251327  0  0
5  0.314159  0  0
5  0.376991  0  0
5  0.439823  0  0
5  0.502655  0  0
5  0.565487  0  0
5  0.628319  0  0
5  0.69115  0  0
5  0.753982  0  0
5  0.816814  0  0
5  0.879646  0  0
5  0.942478  0  0
5  1.00531  0  0
5  1.06814  0  0
5  1.13097  0  0
5  1.19381  0  0
5  1.25664  0  0
5  1.31947  0  0
5  1.3823  0  0
5  1.44513  0  0
5  1.50796  0  0
5  1.5708  0  0
5  1.63363  0  0
5  1.69646  0  0
5  1.75929  0  0
5  1.82212  0  0
5  1.88496  0  0
5  1.94779  0  0
5  2.01062  0  0
5  2.07345  0  0
5  2.13628  0  0
5  2.19911  0  0
5  2.26195  0  0
5  2.32478  0  0
5  2.38761  0  0
5  2.45044  0  0
5  2.51327  0  0
5  2.57611  0  0
5  2.63894  0  0
5  2.70177  0  0
5  2.7646  0  0
5  2.82743  0  0
5  2.89027  0  0
5  2.9531  0  0
5  3.01593  0  0
5  3.07876  0  0
5.5  0  0  0
5.5  0.0628319  0  0
5.5  0.125664  0  0
5.5  0.188496  0  0
5.5  0.251327  0  0
5.5  0.314159  0  0
5.5  0.376991  0  0
5.5  0.439823  0  0
5.5  0.502655  0  0
5.5  0.565487  0  0
5.5  0.628319  0  0
5.5  0.69115  0  0
5.5  0.753982  0  0
5.5  0.816814  0  0
5.5  0.879646  0  0
5.5  0.942478  0  0
5.5  1.00531  0  0
5.5  1.06814  0  0
5.5  1.13097  0  0
5.5  1.19381  0  0
5.5  1.25664  0  0
5.5  1.31947  0  0
5.5  1.3823  0  0
5.5  1.44513  0  0
5.5  1.50796  0  0
5.5  1.5708  0  0
5.5  1.63363  0  0
5.5  1.69646  0  0
5.5  1.75929  0  0
5.5  1.82212  0  0
5.5  1.88496  0  0
5.5  1.94779  0  0
5.5  2.01062  0  0
5.5  2.07345  0  0
5.5  2.13628  0  0
5.5  2.19911  0  0
5.5  2.26195  0  0
5.5  2.32478  0  0
5.5  2.38761  0  0
5.5  2.45044  0  0
5.5  2.51327  0  0
5.5  2.57611  0  0
5.5  2.63894  0  0
5.5  2.70177  0  0
5.5  2.7646  0  0
5.5  2.82743  0  0
5.5  2.89027  0  0
5.5  2.9531  0  0
5.5  3.01593  0  0
5.5  3.07876  0  0
6  0  0  0
6  0.0628319  0  0
6  0.125664  0  0
6  0.188496  0  0
6  0.251327  0  0
6  0.314159  0  0
6  0.376991  0  0
6  0.439823  0  0
6  0.502655  0  0
6  0.565487  0  0
6  0.628319  0  0
6  0.69115  0  0
6  0.753982  0  0
6  0.816814  0  0
6  0.879646  0  0
6  0.942478  0  0
6  1.00531  0  0
6  1.06814  0  0
6  1.13097  0  0
6  1.19381  0  0
6  1.25664  0  0
6  1.31947  0  0
6  1.3823  0  0
6  1.44513  0  0
6  1.50796  0  0
6  1.5708  0  0
6  1.63363  0  0
6  1.69646  0  0
6  1.75929  0  0
6  1.82212  0  0
6  1.88496  0  0
6  1.94779  0  0
6  2.01062  0  0
6  2.07345  0  0
6  2.13628  0  0
6  2.19911  0  0
6  2.26195  0  0
6  2.32478  0  0
6  2.38761  0  0
6  2.45044  0  0
6  2.51327  0  0
6  2.57611  0  0
6  2.63894  0  0
6  2.70177  0  0
6  2.7646  0  0
6  2.82743  0  0
6  2.89027  0  0
6  2.9531  0  0
6  3.01593  0  0
6  3.07876  0  0
6.5  0  0  0
6.5  0.0628319  0  0
6.5  0.125664  0  0
6.5  0.188496  0  0
6.5  0.251327  0  0
6.5  0.314159  0  0
6.5  0.376991  0  0
6.5  0.439823  0  0
6.5  0.502655  0  0
6.5  0.565487  0  0
6.5  0.628319  0  0
6.5  0.69115  0  0
6.5  0.753982  0  0
6.5  0.816814  0  0
6.5  0.879646  0  0
6.5  0.942478  0  0
6.5  1.00531  0  0
6.5  1.06814  0  0
6.5  1.13097  0  0
6.5  1.19381  0  0
6.5  1.25664  0  0
6.5  1.31947  0  0
6.5  1.3823  0  0
6.5  1.44513  0  0
6.5  1.50796  0  0
6.5  1.5708  0  0
6.5  1.63363  0  0
6.5  1.69646  0  0
6.5  1.75929  0  0
6.5  1.82212  0  0
6.5  1.88496  0  0
6.5  1.94779  0  0
6.5  2.01062  0  0
6.5  2.07345  0  0
6.5  2.13628  0  0
6.5  2.19911  0  0
6.5  2.26195  0  0
6.5  2.32478  0  0
6.5  2.38761  0  0
6.5  2.45044  0  0
6.5  2.51327  0  0
6.5  2.57611  0  0
6.5  2.63894  0  0
6.5  2.70177  0  0
6.5  2.7646  0  0
6.5  2.82743  0  0
6.5  2.89027  0  0
6.5  2.9531  0  0
6.5  3.01593  0  0
6.5  3.07876  0  0
7  0  0  0
7  0.0628319  0  0
7  0.125664  0  0
7  0.188496  0  0
7  0.251327  0  0
7  0.314159  0  0
7  0.376991  0  0
7  0.439823  0  0
7  0.502655  0  0
7  0.565487  0  0
7  0.628319  0  0
7  0.69115  0  0
7  0.753982  0  0
7  0.816814  0  0
7  0.879646  0  0
7  0.942478  0  0
7  1.00531  0  0
7  1.06814  0  0
7  1.13097  0  0
7  1.19381  0  0
7  1.25664  0  0
7  1.31947  0  0
7  1.3823  0  0
7  1.44513  0  0
7  1.50796  0  0
7  1.5708  0  0
7  1.63363  0  0
7  1.69646  0  0
7  1.75929  0  0
7  1.82212  0  0
7  1.88496  0  0
7  1.94779  0  0
7  2.01062  0  0
7  2.07345  0  0
7  2.13628  0  0
7  2.19911  0  0
7  2.26195  0  0
7  2.32478  0  0
7  2.38761  0  0
7  2.45044  0  0
7  2.51327  0  0
7  2.57611  0  0
7  2.63894  0  0
7  2.70177  0  0
7  2.7646  0  0
7  2.82743  0  0
7  2.89027  0  0
7  2.9531  0  0
7  3.01593  0  0
7  3.07876  0  0
7.5  0  0  0
7.5  0.0628319  0  0
7.5  0.125664  0  0
7.5  0.188496  0  0
7.5  0.251327  0  0
7.5  0.314159  0  0
7.5  0.376991  0  0
7.5  0.439823  0  0
7.5  0.502655  0  0
7.5  0.565487  0  0
7.5  0.628319  0  0
7.5  0.69115  0  0
7.5  0.753982  0  0
7.5  0.816814  0  0
7.5  0.879646  0  0
7.5  0.942478  0  0
7.5  1.00531  0  0
7.5  1.06814  0  0
7.5  1.13097  0  0
7.5  1.19381  0  0
7.5  1.25664  0  0
7.5  1.31947  0  0
7.5  1.3823  0  0
7.5  1.44513  0  0
7.5  1.50796  0  0
7.5  1.5708  0  0
7.5  1.63363  0  0
7.5  1.69646  0  0
7.5  1.75929  0  0
7.5  1.82212  0  0
7.5  1.88496  0  0
7.5  1.94779  0  0
7.5  2.01062  0  0
7.5  2.07345  0  0
7.5  2.13628  0  0
7.5  2.19911  0  0
7.5  2.26195  0  0
7.5  2.32478  0  0
7.5  2.38761  0  0
7.5  2.45044  0  0
7.5  2.51327  0  0
7.5  2.57611  0  0
7.5  2.63894  0  0
7.5  2.70177  0  0
7.5  2.7646  0  0
7.5  2.82743  0  0
7.5  2.89027  0  0
7.5  2.9531  0  0
7.5  3.01593  0  0
7.5  3.07876  0  0
8  0  0  0
8  0.0628319  0  0
8  0.125664  0  0
8  0.188496  0  0
8  0.251327  0  0
8  0.314159  0  0
8  0.376991  0  0
8  0.439823  0  0
8  0.502655  0  0
8  0.565487  0  0
8  0.628319  0  0
8  0.69115  0  0
8  0.753982  0  0
8  0.816814  0  0
8  0.879646  0  0
8  0.942478  0  0
8  1.00531  0  0
8  1.06814  0  0
8  1.13097  0  0
8  1.19381  0.222717  0.471929
8  1.25664  0.83682  0.914779
8  1.31947  5.05263  2.24781
8  1.3823  11.8998  3.44961
8  1.44513  20.5479  4.53298
8  1.50796  24.4804  4.94776
8  1.5708  26.3039  5.12873
8  1.63363  20.2198  4.49664
8  1.69646  14.7727  3.84353
8  1.75929  4.94845  2.22451
8  1.82212  0  0
8  1.88496  0  0
8  1.94779  0  0
8  2.01062  0  0
8  2.07345  0  0
8  2.13628  0  0
8  2.19911  0  0
8  2.26195  0  0
8  2.32478  0  0
8  2.38761  0  0
8  2.45044  0  0
8  2.51327  0  0
8  2.57611  0  0
8  2.63894  0  0
8  2.70177  0  0
8  2.7646  0  0
8  2.82743  0  0
8  2.89027  0  0
8  2.9531  0  0
8  3.01593  0  0
8  3.07876  0  0
8.5  0  0  0
8.5  0.0628319  0  0
8.5  0.125664  0  0
8.5  0.188496  0  0
8.5  0.251327  0  0
8.5  0.314159  0  0
8.5  0.376991  0  0
8.5  0.439823  0  0
8.5  0.502655  0  0
8.5  0.565487  0  0
8.5  0.628319  0  0
8.5  0.69115  0  0
8.5  0.753982  0  0
8.5  0.816814  0  0
8.5  0.879646  0  0
8.5  0.942478  0  0
8.5  1.00531  0  0
8.5  1.06814  2.21843  1.48944
8.5  1.13097  18.4015  4.2897
8.5  1.19381  45.4902  6.74464
8.5  1.25664  60.9804  7.80899
8.5  1.31947  76.7821  8.76254
8.5  1.3823  76.0563  8.72103
8.5  1.44513  75.3915  8.68283
8.5  1.50796  76.5385  8.74863
8.5  1.5708  77.5665  8.80719
8.5  1.63363  76.1488  8.72633
8.5  1.69646  74.0977  8.608
8.5  1.75929  70.1717  8.37685
8.5  1.82212  62.851  7.92786
8.5  1.88496  41.1417  6.41418
8.5  1.94779  19.2157  4.38357
8.5  2.01062  3.56436  1.88795
8.5  2.07345  0  0
8.5  2.13628  0  0
8.5  2.19911  0  0
8.5  2.26195  0  0
8.5  2.32478  0  0
8.5  2.38761  0  0
8.5  2.45044  0  0
8.5  2.51327  0  0
8.5  2.57611  0  0
8.5  2.63894  0  0
8.5  2.70177  0  0
8.5  2.7646  0  0
8.5  2.82743  0  0
8.5  2.89027  0  0
8.5  2.9531  0  0
8.5  3.01593  0  0
8.5  3.07876  0  0
9  0  0  0
9  0.0628319  0  0
9  0.125664  0  0
9  0.188496  0  0
9  0.251327  0  0
9  0.314159  0  0
9  0.376991  0  0
9  0.439823  0  0
9  0.502655  0  0
9  0.565487  0  0
9  0.628319  0  0
9  0.69115  0  0
9  0.753982  0  0
9  0.816814  0  0
9  0.879646  0.149925  0.387202
9  0.942478  4.67742  2.16273
9  1.00531  27.3356  5.22835
9  1.06814  56.6308  7.52535
9  1.13097  73.4513  8.57037
9  1.19381  71.9192  8.48052
9  1.25664  73.5113  8.57387
9  1.31947  74.5798  8.63596
9  1.3823  73.9394  8.5988
9  1.44513  76.6454  8.75474
9  1.50796  77.1619  8.78418
9  1.5708  76.4228  8.74201
9  1.63363  79.5259  8.91773
9  1.69646  76.2443  8.7318
9  1.75929  75.8547  8.70946
9  1.82212  74.9482  8.65727
9  1.88496  71.9124  8.48012
9  1.94779  71.2302  8.4398
9  2.01062  61.8182  7.86245
9  2.07345  31.4607  5.60898
9  2.13628  3.32226  1.82271
9  2.19911  0  0
9  2.26195  0  0
9  2.32478  0  0
9  2.38761  0  0
9  2.45044  0  0
9  2.51327  0  0
9  2.57611  0  0
9  2.63894  0  0
9  2.70177  0  0
9  2.7646  0  0
9  2.82743  0  0
9  2.89027  0  0
9  2.9531  0  0
9  3.01593  0  0
9  3.07876  0  0
9.5  0  0  0
9.5  0.0628319  0  0
9.5  0.125664  0  0
9.5  0.188496  0  0
9.5  0.251327  0  0
9.5  0.314159  0  0
9.5  0.376991  0  0
9.5  0.439823  0  0
9.5  0.502655  0  0
9.5  0.565487  0  0
9.5  0.628319  0  0
9.5  0.69115  0  0
9.5  0.753982  0  0
9.5  0.816814  0.155521  0.394362
9.5  0.879646  16.6403  4.07925
9.5  0.942478  54.2424  7.36495
9.5  1.00531  71.7391  8.4699
9.5  1.06814  71.5044  8.45603
9.5  1.13097  70.2899  8.3839
9.5  1.19381  71.5726  8.46006
9.5  1.25664  75.6646  8.69854
9.5  1.31947  74.739  8.64517
9.5  1.3823  79.0541  8.89123
9.5  1.44513  78.9579  8.88583
9.5  1.50796  79.0094  8.88873
9.5  1.5708  76.5766  8.7508
9.5  1.63363  73.3624  8.56519
9.5  1.69646  75.7112  8.70122
9.5  1.75929  72.9604  8.54168
9.5  1.82212  75.625  8.69626
9.5  1.88496  71.8045  8.47375
9.5  1.94779  71.1033  8.43228
9.5  2.01062  68.7619  8.29228
9.5  2.07345  66.8359  8.17532
9.5  2.13628  56.8852  7.54223
9.5  2.19911  16.2444  4.03044
9.5  2.26195  0.15361  0.391931
9.5  2.32478  0  0
9.5  2.38761  0  0
9.5  2.45044  0  0
9.5  2.51327  0  0
9.5  2.57611  0  0
9.5  2.63894  0  0
9.5  2.70177  0  0
9.5  2.7646  0  0
9.5  2.82743  0  0
9.5  2.89027  0  0
9.5  2.9531  0  0
9.5  3.01593  0  0
9.5  3.07876  0  0
10  0  0  0
10  0.0628319  0  0
10  0.125664  0  0
10  0.188496  0  0
10  0.251327  0  0
10  0.314159  0  0
10  0.376991  0  0
10  0.439823  0  0
10  0.502655  0  0
10  0.565487  0  0
10  0.628319  0  0
10  0.69115  0  0
10  0.753982  0.178253  0.4222
10  0.816814  24.6377  4.96364
10  0.879646  58.7402  7.66421
10  0.942478  66.6159  8.16185
10  1.00531  68.3135  8.2652
10  1.06814  70.8812  8.4191
10  1.13097  73.6746  8.58339
10  1.19381  70.3488  8.38742
10  1.25664  70.614  8.40322
10  1.31947  75.0524  8.66328
10  1.3823  79.6537  8.92489
10  1.44513  82  9.05539
10  1.50796  79.4989  8.91621
10  1.5708  77.9661  8.82984
10  1.63363  76.6147  8.75298
10  1.69646  75.7174  8.70158
10  1.75929  76.9685  8.77317
10  1.82212  75.3275  8.67914
10  1.88496  76.0077  8.71824
10  1.94779  73.494  8.57286
10  2.01062  70.3008  8.38455
10  2.07345  67.1717  8.19584
10  2.13628  68.5575  8.27995
10  2.19911  61.2447  7.8259
10  2.26195  25.3086  5.03077
10  2.32478  0.352734  0.593914
10  2.38761  0  0
10  2.45044  0  0
10  2.51327  0.342466  0.585206
10  2.57611  0  0
10  2.63894  0  0
10  2.70177  0  0
10  2.7646  0  0
10  2.82743  0  0
10  2.89027  0  0
10  2.9531  0  0
10  3.01593  0  0
10  3.07876  0  0
10.5  0  0  0
10.5  0.0628319  0  0
10.5  0.125664  0  0
10.5  0.188496  0  0
10.5  0.251327  0  0
10.5  0.314159  0  0
10.5  0.376991  0  0
10.5  0.439823  0  0
10.5  0.502655  0  0
10.5  0.565487  0  0
10.5  0.628319  0  0
10.5  0.69115  0  0
10.5  0.753982  24.4403  4.94371
10.5  0.816814  62.5839  7.911
10.5  0.879646  66.3623  8.1463
10.5  0.942478  68.5446  8.27917
10.5  1.00531  67.5485  8.21879
10.5  1.06814  73.4615  8.57097
10.5  1.13097  70.0787  8.3713
10.5  1.19381  74.4094  8.62609
10.5  1.25664  75.5556  8.69227
10.5  1.31947  77.6087  8.80958
10.5  1.3823  75.7322  8.70243
10.5  1.44513  79.7959  8.93286
10.5  1.50796  80.8314  8.99063
10.5  1.5708  78.2705  8.84706
10.5  1.63363  75.8475  8.70904
10.5  1.69646  77.8234  8.82176
10.5  1.75929  78.4431  8.85681
10.5  1.82212  74.8571  8.652
10.5  1.88496  75.2809  8.67646
10.5  1.94779  73.5632  8.5769
10.5  2.01062  70.5441  8.39905
10.5  2.07345  72.069  8.48934
10.5  2.13628  63.535  7.97089
10.5  2.19911  67.3499  8.2067
10.5  2.26195  59.8187  7.73426
10.5  2.32478  21.4047  4.62652
10.5  2.38761  0  0
10.5  2.45044  0  0
10.5  2.51327  0  0
10.5  2.57611  0  0
10.5  2.63894  0  0
10.5  2.70177  0  0
10.5  2.7646  0  0
10.5  2.82743  0  0
10.5  2.89027  0  0
10.5  2.9531  0  0
10.5  3.01593  0  0
10.5  3.07876  0  0
11  0  0  0
11  0.0628319  0  0
11  0.125664  0  0
11  0.188496  0  0
11  0.251327  0  0
11  0.314159  0  0
11  0.376991  0  0
11  0.439823  0  0
11  0.502655  0  0
11  0.565487  0  0
11  0.628319  0  0
11  0.69115  10.6383  3.26164
11  0.753982  58.9189  7.67587
11  0.816814  65.8133  8.11254
11  0.879646  68.2891  8.26372
11  0.942478  67.033  8.18737
11  1.00531  69.4118  8.33137
11  1.06814  70.1275  8.37422
11  1.13097  73.3459  8.56422
11  1.19381  78.2609  8.84652
11  1.25664  76.9723  8.77338
11  1.31947  75.3479  8.68032
11  1.3823  75.7764  8.70496
11  1.44513  80.1743  8.95401
11  1.50796  77.4678  8.80158
11  1.5708  76.4172  8.7417
11  1.63363  77.7778  8.81917
11  1.69646  74.7881  8.64801
11  1.75929  76.6529  8.75516
11  1.82212  78.125  8.83883
11  1.88496  72  8.48528
11  1.94779  74.5247  8.63277
11  2.01062  73.7649  8.58865
11  2.07345  70.4319  8.39237
11  2.13628  72.6979  8.52631
11  2.19911  66.4596  8.15228
11  2.26195  61.743  7.85767
11  2.32478  56.6914  7.52937
11  2.38761  11.3586  3.37025
11  2.45044  0  0
11  2.51327  0  0
11  2.57611  0  0
11  2.63894  0  0
11  2.70177  0  0
11  2.7646  0  0
11  2.82743  0  0
11  2.89027  0  0
11  2.9531  0  0
11  3.01593  0  0
11  3.07876  0  0
11.5  0  0  0
11.5  0.0628319  0  0
11.5  0.125664  0  0
11.5  0.188496  0  0
11.5  0.251327  0  0
11.5  0.314159  0  0
11.5  0.376991  0  0
11.5  0.439823  0  0
11.5  0.502655  0  0
11.5  0.565487  0  0
11.5  0.628319  0.60241  0.776151
11.5  0.69115  43.7367  6.61338
11.5  0.753982  63.5727  7.97325
11.5  0.816814  64  8
11.5  0.879646  66.419  8.14979
11.5  0.942478  65.7784  8.11039
11.5  1.00531  69.9664  8.36459
11.5  1.06814  71.0952  8.43179
11.5  1.13097  73.7903  8.59013
11.5  1.19381  71.1799  8.43682
11.5  1.25664  73.4694  8.57143
11.5  1.31947  77.5828  8.80811
11.5  1.3823  76.6204  8.75331
11.5  1.44513  77.4468  8.80039
11.5  1.50796  78.6813  8.87025
11.5  1.5708  78.678  8.87006
11.5  1.63363  76.6807  8.75675
11.5  1.69646  76.9912  8.77446
11.5  1.75929  76.3514  8.73793
11.5  1.82212  71.4286  8.45154
11.5  1.88496  73.6527  8.58211
11.5  1.94779  75.4826  8.68807
11.5  2.01062  74.0741  8.60663
11.5  2.07345  70.5244  8.39788
11.5  2.13628  67.075  8.18994
11.5  2.19911  68.9088  8.30113
11.5  2.26195  67.2231  8.19897
11.5  2.32478  63.8889  7.99305
11.5  2.38761  40.3587  6.35285
11.5  2.45044  3.46821  1.86231
11.5  2.51327  0  0
11.5  2.57611  0  0
11.5  2.63894  0  0
11.5  2.70177  0  0
11.5  2.7646  0  0
11.5  2.82743  0  0
11.5  2.89027  0  0
11.5  2.9531  0  0
11.5  3.01593  0  0
11.5  3.07876  0  0
12  0  0  0
12  0.0628319  0  0
12  0.125664  0  0
12  0.188496  0  0
12  0.251327  0  0
12  0.314159  0  0
12  0.376991  0  0
12  0.439823  0  0
12  0.502655  0  0
12  0.565487  0  0
12  0.628319  23.6842  4.86664
12  0.69115  58.0275  7.61758
12  0.753982  60.6007  7.78465
12  0.816814  64.8844  8.05508
12  0.879646  66.055  8.12743
12  0.942478  67.9675  8.24424
12  1.00531  71.3799  8.44866
12  1.06814  72.3592  8.50642
12  1.13097  75.4352  8.68534
12  1.19381  75.1527  8.66907
12  1.25664  74.6237  8.6385
12  1.31947  72.9977  8.54387
12  1.3823  75.0538  8.66336
12  1.44513  77.2727  8.79049
12  1.50796  80.4721  8.97062
12  1.5708  80.137  8.95193
12  1.63363  82.1853  9.06561
12  1.69646  79.6178  8.92288
12  1.75929  78.5558  8.86317
12  1.82212  75.8993  8.71202
12  1.88496  72.0307  8.48709
12  1.94779  74.9503  8.65738
12  2.01062  71.3274  8.44556
12  2.07345  72.4786  8.51344
12  2.13628  68.1319  8.2542
12  2.19911  64.058  8.00362
12  2.26195  66.7717  8.17139
12  2.32478  62.8829  7.92987
12  2.38761  56.2642  7.50095
12  2.45044  23.7681  4.87526
12  2.51327  0  0
12  2.57611  0  0
12  2.63894  0  0
12  2.70177  0  0
12  2.7646  0  0
12  2.82743  0  0
12  2.89027  0  0
12  2.9531  0  0
12  3.01593  0  0
12  3.07876  0  0
12.5  0  0  0
12.5  0.0628319  0  0
12.5  0.125664  0  0
12.5  0.188496  0  0
12.5  0.251327  0  0
12.5  0.314159  0  0
12.5  0.376991  0  0
12.5  0.439823  0  0
12.5  0.502655  0  0
12.5  0.565487  2.33333  1.52753
12.5  0.628319  49.3369  7.02402
12.5  0.69115  58.5366  7.65092
12.5  0.753982  59.0909  7.68706
12.5  0.816814  65.1562  8.07194
12.5  0.879646  65.1786  8.07332
12.5  0.942478  68.241  8.26081
12.5  1.00531  69.3241  8.32611
12.5  1.06814  72.1631  8.49489
12.5  1.13097  74.0206  8.60352
12.5  1.19381  74.5631  8.63499
12.5  1.25664  75.7455  8.70319
12.5  1.31947  76.7338  8.75978
12.5  1.3823  77.1186  8.78172
12.5  1.44513  74.6667  8.64099
12.5  1.50796  79.1139  8.8946
12.5  1.5708  81.441  9.02447
12.5  1.63363  79.6499  8.92468
12.5  1.69646  77.4892  8.80279
12.5  1.75929  73.1656  8.55369
12.5  1.82212  73.8523  8.59374
12.5  1.88496  77.9352  8.82809
12.5  1.94779  69.8842  8.35968
12.5  2.01062  75.0449  8.66284
12.5  2.07345  71.2605  8.44159
12.5  2.13628  71.7011  8.46765
12.5  2.19911  69.4969  8.33648
12.5  2.26195  65.6581  8.10297
12.5  2.32478  64.539  8.03362
12.5  2.38761  57.9812  7.61454
12.5  2.45044  47.8022  6.91391
12.5  2.51327  4.59364  2.14328
12.5  2.57611  0  0
12.5  2.63894  0  0
12.5  2.70177  0  0
12.5  2.7646  0  0
12.5  2.82743  0  0
12.5  2.89027  0  0
12.5  2.9531  0  0
12.5  3.01593  0  0
12.5  3.07876  0  0
13  0  0  0
13  0.0628319  0  0
13  0.125664  0  0
13  0.188496  0  0
13  0.251327  0  0
13  0.314159  0  0
13  0.376991  0  0
13  0.439823  0  0
13  0.502655  0  0
13  0.565487  18.3206  4.28026
13  0.628319  52.957  7.27716
13  0.69115  61.036  7.81256
13  0.753982  62.1908  7.88612
13  0.816814  65.3001  8.08085
13  0.879646  65.105  8.06877
13  0.942478  69.6063  8.34304
13  1.00531  70.8141  8.41511
13  1.06814  72.1022  8.4913
13  1.13097  74.0602  8.60582
13  1.19381  78.0992  8.83737
13  1.25664  76.5458  8.74905
13  1.31947  77.5934  8.80871
13  1.3823  79.5964  8.92168
13  1.44513  79.3991  8.91062
13  1.50796  83.4884  9.1372
13  1.5708  82.0926  9.06049
13  1.63363  79.4486  8.9134
13  1.69646  81.2245  9.01246
13  1.75929  75.2155  8.67269
13  1.82212  76.5823  8.75113
13  1.88496  76.1996  8.72924
13  1.94779  74.1803  8.6128
13  2.01062  73.6746  8.58339
13  2.07345  73.951  8.59948
13  2.13628  69.3312  8.32653
13  2.19911  68.2965  8.26417
13  2.26195  63.7313  7.98319
13  2.32478  61.3288  7.83127
13  2.38761  60.1732  7.75714
13  2.45044  54.1033  7.3555
13  2.51327  20.6642  4.54579
13  2.57611  0  0
13  2.63894  0  0
13  2.70177  0  0
13  2.7646  0  0
13  2.82743  0  0
13  2.89027  0  0
13  2.9531  0  0
13  3.01593  0  0
13  3.07876  0  0
13.5  0  0  0
13.5  0.0628319  0  0
13.5  0.125664  0  0
13.5  0.188496  0  0
13.5  0.251327  0  0
13.5  0.314159  0  0
13.5  0.376991  0  0
13.5  0.439823  0  0
13.5  0.502655  0  0
13.5  0.565487  38.4083  6.19744
13.5  0.628319  57.7713  7.60074
13.5  0.69115  58.1197  7.62362
13.5  0.753982  66.2692  8.14059
13.5  0.816814  67.4884  8.21514
13.5  0.879646  68.8427  8.29715
13.5  0.942478  69.9538  8.36384
13.5  1.00531  68.4034  8.27063
13.5  1.06814  71.9852  8.48441
13.5  1.13097  73.1397  8.55218
13.5  1.19381  76.5784  8.75091
13.5  1.25664  78.4897  8.85944
13.5  1.31947  81.0185  9.00103
13.5  1.3823  77.9221  8.82735
13.5  1.44513  79.3522  8.90799
13.5  1.50796  83.7607  9.15209
13.5  1.5708  79.6296  8.92354
13.5  1.63363  81.6193  9.03434
13.5  1.69646  80.042  8.94662
13.5  1.75929  78.7149  8.87214
13.5  1.82212  78.0335  8.83366
13.5  1.88496  77.4757  8.80203
13.5  1.94779  73.3209  8.56276
13.5  2.01062  71.3504  8.44691
13.5  2.07345  70.489  8.39578
13.5  2.13628  69.1223  8.31398
13.5  2.19911  64.5495  8.03427
13.5  2.26195  64.6967  8.04343
13.5  2.32478  64.716  8.04463
13.5  2.38761  60.8108  7.79813
13.5  2.45044  54.5977  7.38903
13.5  2.51327  31.7518  5.63488
13.5  2.57611  0.518135  0.719816
13.5  2.63894  0  0
13.5  2.70177  0  0
13.5  2.7646  0  0
13.5  2.82743  0  0
13.5  2.89027  0  0
13.5  2.9531  0  0
13.5  3.01593  0  0
13.5  3.07876  0  0
14  0  0  0
14  0.0628319  0  0
14  0.125664  0  0
14  0.188496  0  0
14  0.251327  0  0
14  0.314159  0  0
14  0.376991  0.854701  0.9245
14  0.439823  0  0
14  0.502655  5.15021  2.26941
14  0.565487  50.3597  7.09646
14  0.628319  57.622  7.59091
14  0.69115  62.181  7.88549
14  0.753982  60.424  7.77329
14  0.816814  65.8023  8.11186
14  0.879646  69.9713  8.36488
14  0.942478  70.3077  8.38497
14  1.00531  71.5421  8.45826
14  1.06814  70.8571  8.41767
14  1.13097  75.8491  8.70914
14  1.19381  78.6916  8.87083
14  1.25664  78.7449  8.87383
14  1.31947  75.2599  8.67524
14  1.3823  79.6909  8.92698
14  1.44513  82.377  9.07618
14  1.50796  79.085  8.89297
14  1.5708  79.0598  8.89156
14  1.63363  78.0928  8.83701
14  1.69646  80.3419  8.96336
14  1.75929  80.2174  8.95642
14  1.82212  77.5769  8.80777
14  1.88496  76.6337  8.75407
14  1.94779  74.053  8.60541
14  2.01062  75  8.66025
14  2.07345  70.2797  8.3833
14  2.13628  71.4499  8.45281
14  2.19911  66.9316  8.18118
14  2.26195  66.0317  8.12599
14  2.32478  63.2479  7.95285
14  2.38761  60.5322  7.78024
14  2.45044  57.9387  7.61175
14  2.51327  50.9434  7.13746
14  2.57611  6.57277  2.56374
14  2.63894  0  0
14  2.70177  0  0
14  2.7646  0  0
14  2.82743  0  0
14  2.89027  0  0
14  2.9531  0  0
14  3.01593  0  0
14  3.07876  0  0
14.5  0  0  0
14.5  0.0628319  0  0
14.5  0.125664  0  0
14.5  0.188496  0  0
14.5  0.251327  0  0
14.5  0.314159  0  0
14.5  0.376991  0  0
14.5  0.439823  0  0
14.5  0.502655  19.1176  4.37237
14.5  0.565487  53.9033  7.34189
14.5  0.628319  58.5586  7.65236
14.5  0.69115  58.8486  7.67129
14.5  0.753982  63.5379  7.97107
14.5  0.816814  66.468  8.15279
14.5  0.879646  68.8103  8.2952
14.5  0.942478  71.0265  8.42772
14.5  1.00531  71.1375  8.43431
14.5  1.06814  72.9981  8.54389
14.5  1.13097  77.2887  8.7914
14.5  1.19381  74.8  8.6487
14.5  1.25664  79.4118  8.91133
14.5  1.31947  79.0254  8.88962
14.5  1.3823  78.4188  8.85544
14.5  1.44513  81.3901  9.02165
14.5  1.50796  83.2215  9.12258
14.5  1.5708  81.0384  9.00213
14.5  1.63363  81.2217  9.01231
14.5  1.69646  82.505  9.08322
14.5  1.75929  80.3347  8.96296
14.5  1.82212  80.5274  8.97371
14.5  1.88496  77.4809  8.80232
14.5  1.94779  76.3636  8.73863
14.5  2.01062  73.1183  8.55092
14.5  2.07345  73.9274  8.5981
14.5  2.13628  72.4194  8.50996
14.5  2.19911  70.8271  8.41588
14.5  2.26195  65.1363  8.07071
14.5  2.32478  64.8601  8.05358
14.5  2.38761  58.125  7.62398
14.5  2.45044  58.3832  7.64089
14.5  2.51327  54.2254  7.36379
14.5  2.57611  17.7885  4.21764
14.5  2.63894  0  0
14.5  2.70177  0  0
14.5  2.7646  0  0
14.5  2.82743  0  0
14.5  2.89027  0  0
14.5  2.9531  0  0
14.5  3.01593  0  0
14.5  3.07876  0  0
15  0  0  0
15  0.0628319  0  0
15  0.125664  0  0
15  0.188496  0  0
15  0.251327  0  0
15  0.314159  0  0
15  0.376991  0  0
15  0.439823  0  0
15  0.502655  32.7731  5.72478
15  0.565487  53.7906  7.33421
15  0.628319  60  7.74597
15  0.69115  60.8879  7.80307
15  0.753982  66.5557  8.15817
15  0.816814  70.9208  8.42145
15  0.879646  70.9402  8.4226
15  0.942478  67.6236  8.22336
15  1.00531  73.8053  8.591
15  1.06814  72.619  8.52168
15  1.13097  74.9084  8.65497
15  1.19381  78.245  8.84562
15  1.25664  79.6218  8.92311
15  1.31947  78.678  8.87006
15  1.3823  83.0233  9.11171
15  1.44513  82.8375  9.10151
15  1.50796  83.2661  9.12503
15  1.5708  82.4719  9.0814
15  1.63363  83.9056  9.16
15  1.69646  79.8319  8.93487
15  1.75929  77.9352  8.82809
15  1.82212  78.2353  8.84507
15  1.88496  80.3119  8.96169
15  1.94779  73.1261  8.55138
15  2.01062  73.2984  8.56145
15  2.07345  73.3444  8.56413
15  2.13628  72.605  8.52086
15  2.19911  73.2836  8.56058
15  2.26195  67.2986  8.20357
15  2.32478  64.1286  8.00803
15  2.38761  58.6279  7.65688
15  2.45044  61.3772  7.83436
15  2.51327  57.5342  7.58513
15  2.57611  28.3333  5.32291
15  2.63894  0.552486  0.743294
15  2.70177  0  0
15  2.7646  0  0
15  2.82743  0  0
15  2.89027  0  0
15  2.9531  0  0
15  3.01593  0  0
15  3.07876  0  0
15.5  0  0  0
15.5  0.0628319  0  0
15.5  0.125664  0  0
15.5  0.188496  0  0
15.5  0.251327  0  0
15.5  0.314159  0  0
15.5  0.376991  0  0
15.5  0.439823  2.53165  1.59111
15.5  0.502655  45.9459  6.77834
15.5  0.565487  53.0075  7.28063
15.5  0.628319  56.383  7.50886
15.5  0.69115  64.7436  8.04634
15.5  0.753982  66.4855  8.15386
15.5  0.816814  65.5008  8.09326
15.5  0.879646  70.1113  8.37325
15.5  0.942478  71.9807  8.48414
15.5  1.00531  75.2669  8.67565
15.5  1.06814  72.2121  8.49777
15.5  1.13097  78.9366  8.88463
15.5  1.19381  76.7717  8.76194
15.5  1.25664  78.5171  8.86099
15.5  1.31947  79.4816  8.91525
15.5  1.3823  82.438  9.07954
15.5  1.44513  82.7004  9.09398
15.5  1.50796  82.3529  9.07485
15.5  1.5708  82.9374  9.107
15.5  1.63363  85.514  9.24738
15.5  1.69646  80.1325  8.95167
15.5  1.75929  80.9717  8.99843
15.5  1.82212  79.6334  8.92375
15.5  1.88496  78.6853  8.87047
15.5  1.94779  78.7321  8.87311
15.5  2.01062  74.4147  8.6264
15.5  2.07345  72.6351  8.52262
15.5  2.13628  67.2956  8.20339
15.5  2.19911  67.2965  8.20345
15.5  2.26195  66.1743  8.13476
15.5  2.32478  65.9722  8.12233
15.5  2.38761  57.1429  7.55929
15.5  2.45044  56.0773  7.48848
15.5  2.51327  54.1254  7.357
15.5  2.57611  42.3581  6.50831
15.5  2.63894  1.5873  1.25988
15.5  2.70177  0  0
15.5  2.7646  0  0
15.5  2.82743  0  0
15.5  2.89027  0  0
15.5  2.9531  0  0
15.5  3.01593  0  0
15.5  3.07876  0  0
16  0  0  0
16  0.0628319  0  0
16  0.125664  0  0
16  0.188496  0  0
16  0.251327  0  0
16  0.314159  0  0
16  0.376991  0  0
16  0.439823  4.4586  2.11154
16  0.502655  48  6.9282
16  0.565487  51.2281  7.15738
16  0.628319  59.6439  7.72295
16  0.69115  59.6372  7.72251
16  0.753982  66.1642  8.13414
16  0.816814  66.388  8.14788
16  0.879646  73.0159  8.54493
16  0.942478  72.7692  8.53049
16  1.00531  71.7138  8.4684
16  1.06814  74.0876  8.60741
16  1.13097  76.8627  8.76714
16  1.19381  78.5992  8.86562
16  1.25664  83.1984  9.12131
16  1.31947  82.4561  9.08054
16  1.3823  85.2248  9.23173
16  1.44513  84.4749  9.19102
16  1.50796  85.3147  9.23659
16  1.5708  84.0959  9.17038
16  1.63363  83.8269  9.1557
16  1.69646  79.4055  8.91098
16  1.75929  80.9628  8.99793
16  1.82212  83.6283  9.14485
16  1.88496  81.8725  9.04834
16  1.94779  77.0245  8.77636
16  2.01062  75.6184  8.69588
16  2.07345  74.4147  8.6264
16  2.13628  71.885  8.4785
16  2.19911  68.9713  8.3049
16  2.26195  71.2074  8.43845
16  2.32478  65.5574  8.09675
16  2.38761  59.7315  7.72862
16  2.45044  55.0336  7.41846
16  2.51327  50.5155  7.10742
16  2.57611  52.4793  7.24426
16  2.63894  8.04598  2.83654
16  2.70177  0  0
16  2.7646  0  0
16  2.82743  0  0
16  2.89027  0  0
16  2.9531  0  0
16  3.01593  0  0
16  3.07876  0  0
16.5  0  0  0
16.5  0.0628319  0  0
16.5  0.125664  0  0
16.5  0.188496  0  0
16.5  0.251327  0  0
16.5  0.314159  0  0
16.5  0.376991  0  0
16.5  0.439823  15.8228  3.97779
16.5  0.502655  45.1777  6.72143
16.5  0.565487  53.3101  7.30138
16.5  0.628319  59.2179  7.69532
16.5  0.69115  63.5762  7.97347
16.5  0.753982  67.053  8.18859
16.5  0.816814  69.195  8.31836
16.5  0.879646  68.3333  8.2664
16.5  0.942478  65.6616  8.10319
16.5  1.00531  74.3945  8.62522
16.5  1.06814  78.853  8.87992
16.5  1.13097  79.8077  8.93352
16.5  1.19381  77.6471  8.81176
16.5  1.25664  76.749  8.76065
16.5  1.31947  83.7553  9.15179
16.5  1.3823  84.6983  9.20317
16.5  1.44513  85.2295  9.23198
16.5  1.50796  86.5424  9.30282
16.5  1.5708  88.785  9.42258
16.5  1.63363  81.5574  9.03091
16.5  1.69646  83.57  9.14166
16.5  1.75929  79.4989  8.91621
16.5  1.82212  79.7872  8.93237
16.5  1.88496  77.3707  8.79606
16.5  1.94779  77.8182  8.82146
16.5  2.01062  77.5401  8.80569
16.5  2.07345  75.2475  8.67453
16.5  2.13628  72.4085  8.50932
16.5  2.19911  67.5  8.21584
16.5  2.26195  67.8344  8.23616
16.5  2.32478  64.5439  8.03392
16.5  2.38761  66.3736  8.147
16.5  2.45044  60.114  7.75332
16.5  2.51327  56.0976  7.48983
16.5  2.57611  52.4  7.23878
16.5  2.63894  15.873  3.9841
16.5  2.70177  0  0
16.5  2.7646  0  0
16.5  2.82743  0  0
16.5  2.89027  0  0
16.5  2.9531  0  0
16.5  3.01593  0  0
16.5  3.07876  0  0
17  0  0  0
17  0.0628319  0  0
17  0.125664  0  0
17  0.188496  0  0
17  0.251327  0  0
17  0.314159  0  0
17  0.376991  0  0
17  0.439823  18.0412  4.2475
17  0.502655  54.6296  7.39119
17  0.565487  60.2273  7.76062
17  0.628319  58.8957  7.67435
17  0.69115  61.6505  7.85178
17  0.753982  63.2013  7.94993
17  0.816814  65.9159  8.11886
17  0.879646  70.092  8.3721
17  0.942478  75.4335  8.68525
17  1.00531  74.4068  8.62594
17  1.06814  79.0894  8.89322
17  1.13097  80.6391  8.97993
17  1.19381  79.1498  8.89662
17  1.25664  85.3175  9.23675
17  1.31947  87.0103  9.32793
17  1.3823  88.1497  9.38881
17  1.44513  90.4232  9.50911
17  1.50796  90.2083  9.49781
17  1.5708  86.637  9.3079
17  1.63363  86.6255  9.30728
17  1.69646  85.0746  9.22359
17  1.75929  85.078  9.22377
17  1.82212  83.8403  9.15644
17  1.88496  82.6772  9.0927
17  1.94779  80.4305  8.96831
17  2.01062  75.1361  8.66811
17  2.07345  75.2595  8.67522
17  2.13628  72.408  8.50929
17  2.19911  71.9653  8.48324
17  2.26195  69.6784  8.34736
17  2.32478  65.3779  8.08566
17  2.38761  62.2472  7.88969
17  2.45044  60  7.74597
17  2.51327  51.8828  7.20297
17  2.57611  48.8152  6.98679
17  2.63894  24.1758  4.91689
17  2.70177  0  0
17  2.7646  0  0
17  2.82743  0  0
17  2.89027  0  0
17  2.9531  0  0
17  3.01593  0  0
17  3.07876  0  0
17.5  0  0  0
17.5  0.0628319  0  0
17.5  0.125664  0  0
17.5  0.188496  0  0
17.5  0.251327  0  0
17.5  0.314159  0  0
17.5  0.376991  0.769231  0.877058
17.5  0.439823  32.5444  5.70477
17.5  0.502655  46.4115  6.8126
17.5  0.565487  53.8983  7.34155
17.5  0.628319  61.1111  7.81736
17.5  0.69115  63.1929  7.9494
17.5  0.753982  66.1238  8.13165
17.5  0.816814  72.0706  8.48944
17.5  0.879646  75.1903  8.67123
17.5  0.942478  77.7778  8.81917
17.5  1.00531  75  8.66025
17.5  1.06814  72.963  8.54184
17.5  1.13097  80.9793  8.99885
17.5  1.19381  79.3561  8.9082
17.5  1.25664  80.5383  8.97431
17.5  1.31947  83.2215  9.12258
17.5  1.3823  85.9213  9.26938
17.5  1.44513  90.6393  9.52047
17.5  1.50796  89.0476  9.4365
17.5  1.5708  85.1016  9.22505
17.5  1.63363  87.9271  9.37695
17.5  1.69646  87.8049  9.37043
17.5  1.75929  84.186  9.1753
17.5  1.82212  84.2213  9.17722
17.5  1.88496  83.6978  9.14865
17.5  1.94779  83.0601  9.11373
17.5  2.01062  75.5672  8.69294
17.5  2.07345  76.9363  8.77133
17.5  2.13628  75.5408  8.69142
17.5  2.19911  75.9259  8.71355
17.5  2.26195  68.8679  8.29867
17.5  2.32478  64.8506  8.05299
17.5  2.38761  67.0534  8.18861
17.5  2.45044  56.5333  7.51887
17.5  2.51327  61.3139  7.83032
17.5  2.57611  43.5685  6.60064
17.5  2.63894  33.3333  5.7735
17.5  2.70177  0  0
17.5  2.7646  0  0
17.5  2.82743  0  0
17.5  2.89027  0  0
17.5  2.9531  0  0
17.5  3.01593  0  0
17.5  3.07876  0  0
18  0  0  0
18  0.0628319  0  0
18  0.125664  0  0
18  0.188496  0  0
18  0.251327  0  0
18  0.314159  0  0
18  0.376991  0  0
18  0.439823  30.1136  5.48759
18  0.502655  44.8133  6.69427
18  0.565487  59.3625  7.70471
18  0.628319  57.9545  7.61279
18  0.69115  59.2677  7.69855
18  0.753982  68.1742  8.25677
18  0.816814  69.3816  8.32956
18  0.879646  71.4286  8.45154
18  0.942478  74.184  8.61301
18  1.00531  80.363  8.96454
18  1.06814  78.0105  8.83235
18  1.13097  81.9473  9.05247
18  1.19381  84.7826  9.20775
18  1.25664  84.8156  9.20954
18  1.31947  86.7769  9.31541
18  1.3823  85.4806  9.24557
18  1.44513  89.8876  9.48091
18  1.50796  91.7197  9.57704
18  1.5708  91.9831  9.59078
18  1.63363  93.4394  9.6664
18  1.69646  91.5789  9.56969
18  1.75929  88.1423  9.38841
18  1.82212  85.3955  9.24097
18  1.88496  83.0189  9.11147
18  1.94779  80.315  8.96186
18  2.01062  79.3594  8.90839
18  2.07345  76.5176  8.74743
18  2.13628  71.9697  8.4835
18  2.19911  73.8998  8.5965
18  2.26195  72.5203  8.51589
18  2.32478  63.4975  7.96853
18  2.38761  64.1379  8.00862
18  2.45044  59.882  7.73835
18  2.51327  54.0146  7.34946
18  2.57611  40.4444  6.35959
18  2.63894  41.2587  6.4233
18  2.70177  0  0
18  2.7646  0  0
18  2.82743  0  0
18  2.89027  0  0
18  2.9531  0  0
18  3.01593  0  0
18  3.07876  0  0
18.5  0  0  0
18.5  0.0628319  0  0
18.5  0.125664  0  0
18.5  0.188496  0  0
18.5  0.251327  0  0
18.5  0.314159  0  0
18.5  0.376991  2.77778  1.66667
18.5  0.439823  31.5476  5.61673
18.5  0.502655  46.0094  6.78302
18.5  0.565487  57.5646  7.58713
18.5  0.628319  63.3136  7.95698
18.5  0.69115  67.0282  8.18708
18.5  0.753982  68.6985  8.28846
18.5  0.816814  70.1828  8.37752
18.5  0.879646  75.6598  8.69827
18.5  0.942478  76.7123  8.75856
18.5  1.00531  77.9461  8.82871
18.5  1.06814  80.8349  8.99082
18.5  1.13097  85.7143  9.2582
18.5  1.19381  84.0951  9.17034
18.5  1.25664  88.9117  9.4293
18.5  1.31947  90.9871  9.53872
18.5  1.3823  92.7632  9.63136
18.5  1.44513  94.3662  9.71423
18.5  1.50796  95.5257  9.77373
18.5  1.5708  95.8785  9.79176
18.5  1.63363  94.4072  9.71633
18.5  1.69646  92.735  9.6299
18.5  1.75929  93.2653  9.6574
18.5  1.82212  87.2137  9.33883
18.5  1.88496  84.13  9.17224
18.5  1.94779  82.7586  9.09718
18.5  2.01062  81.9521  9.05274
18.5  2.07345  78.88  8.88144
18.5  2.13628  76.5472  8.74913
18.5  2.19911  73.4104  8.56799
18.5  2.26195  70.2128  8.37931
18.5  2.32478  71.4777  8.45445
18.5  2.38761  69.7826  8.3536
18.5  2.45044  63.8629  7.99143
18.5  2.51327  57.1942  7.56269
18.5  2.57611  47.549  6.89558
18.5  2.63894  32.5  5.70088
18.5  2.70177  2.20588  1.48522
18.5  2.7646  0  0
18.5  2.82743  0  0
18.5  2.89027  0  0
18.5  2.9531  0  0
18.5  3.01593  0  0
18.5  3.07876  0  0
19  0  0  0
19  0.0628319  0  0
19  0.125664  0  0
19  0.188496  0  0
19  0.251327  0  0
19  0.314159  0  0
19  0.376991  9.77444  3.12641
19  0.439823  40.5882  6.37089
19  0.502655  48.2456  6.94591
19  0.565487  55.8304  7.47197
19  0.628319  59.8361  7.73538
19  0.69115  67.5556  8.21922
19  0.753982  66.8908  8.17868
19  0.816814  73.4783  8.57195
19  0.879646  71.4286  8.45154
19  0.942478  76.1905  8.72872
19  1.00531  76.7986  8.76348
19  1.06814  82.6087  9.08893
19  1.13097  82.3529  9.07485
19  1.19381  89.9796  9.48576
19  1.25664  90.2335  9.49913
19  1.31947  95.5947  9.77725
19  1.3823  96.1145  9.8038
19  1.44513  97.0917  9.85351
19  1.50796  97.3034  9.86425
19  1.5708  97.6247  9.88052
19  1.63363  97.4026  9.86928
19  1.69646  95.7871  9.78709
19  1.75929  93.9759  9.69412
19  1.82212  93.7639  9.68318
19  1.88496  88.9558  9.43164
19  1.94779  86.4078  9.29558
19  2.01062  79.7491  8.93024
19  2.07345  83.1974  9.12126
19  2.13628  76.4228  8.74201
19  2.19911  73.6177  8.58008
19  2.26195  70.9581  8.42366
19  2.32478  65.0647  8.06627
19  2.38761  65.9436  8.12057
19  2.45044  58.0175  7.61692
19  2.51327  57.2549  7.5667
19  2.57611  46.6346  6.82895
19  2.63894  37.8205  6.14984
19  2.70177  8.90411  2.98398
19  2.7646  0  0
19  2.82743  0  0
19  2.89027  0  0
19  2.9531  0  0
19  3.01593  0  0
19  3.07876  0  0
19.5  0  0  0
19.5  0.0628319  0  0
19.5  0.125664  0  0
19.5  0.188496  0  0
19.5  0.251327  0  0
19.5  0.314159  0  0
19.5  0.376991  8.62069  2.9361
19.5  0.439823  46.3087  6.80505
19.5  0.502655  49.7738  7.05505
19.5  0.565487  53.0466  7.28331
19.5  0.628319  58.8398  7.67071
19.5  0.69115  64.7856  8.04895
19.5  0.753982  71.9298  8.48115
19.5  0.816814  73.2719  8.5599
19.5  0.879646  75.8273  8.70789
19.5  0.942478  78.9474  8.88523
19.5  1.00531  80.3487  8.96374
19.5  1.06814  84.0067  9.16552
19.5  1.13097  91.5851  9.57001
19.5  1.19381  93.6508  9.67733
19.5  1.25664  94.9153  9.74245
19.5  1.31947  94.3529  9.71354
19.5  1.3823  96  9.79796
19.5  1.44513  96.5665  9.82683
19.5  1.50796  97.9167  9.89529
19.5  1.5708  98.4199  9.92068
19.5  1.63363  96.6063  9.82885
19.5  1.69646  97.6959  9.88412
19.5  1.75929  93.75  9.68246
19.5  1.82212  94.5534  9.72386
19.5  1.88496  90.8411  9.53106
19.5  1.94779  90.3922  9.50748
19.5  2.01062  84.2932  9.18113
19.5  2.07345  84.2924  9.18109
19.5  2.13628  78.8069  8.87733
19.5  2.19911  72.8595  8.53577
19.5  2.26195  69.2557  8.322
19.5  2.32478  69.2434  8.32126
19.5  2.38761  68.8995  8.30057
19.5  2.45044  65.2661  8.07874
19.5  2.51327  53.4247  7.30922
19.5  2.57611  50  7.07107
19.5  2.63894  40  6.32456
19.5  2.70177  11.2  3.34664
19.5  2.7646  0  0
19.5  2.82743  0  0
19.5  2.89027  0  0
19.5  2.9531  0  0
19.5  3.01593  0  0
19.5  3.07876  0  0
20  0  0  0
20  0.0628319  0  0
20  0.125664  0  0
20  0.188496  0  0
20  0.251327  0  0
20  0.314159  0  0
20  0.376991  14.9351  3.86459
20  0.439823  42.3077  6.50444
20  0.502655  55.042  7.41903
20  0.565487  59.5819  7.71893
20  0.628319  61.8037  7.86153
20  0.69115  67.7618  8.23176
20  0.753982  68.4669  8.27447
20  0.816814  73.5166  8.57418
20  0.879646  76.6154  8.75302
20  0.942478  78.7234  8.87262
20  1.00531  84.6543  9.20078
20  1.06814  84.6011  9.19789
20  1.13097  90.7547  9.52653
20  1.19381  93.1774  9.65284
20  1.25664  90.1919  9.49694
20  1.31947  93.6992  9.67983
20  1.3823  96.3597  9.8163
20  1.44513  96.2963  9.81307
20  1.50796  97.9955  9.89927
20  1.5708  99.3603  9.96797
20  1.63363  95.8242  9.78898
20  1.69646  94.9791  9.74572
20  1.75929  93.8819  9.68927
20  1.82212  92.7195  9.6291
20  1.88496  93.8689  9.6886
20  1.94779  90.3774  9.5067
20  2.01062  88.7097  9.41858
20  2.07345  82.8231  9.10072
20  2.13628  79.4872  8.91556
20  2.19911  77.7448  8.8173
20  2.26195  75.4386  8.68554
20  2.32478  71.3799  8.44866
20  2.38761  67.1642  8.19538
20  2.45044  67.59  8.22132
20  2.51327  60.5263  7.77987
20  2.57611  53.0303  7.28219
20  2.63894  45.2381  6.72593
20  2.70177  18.9189  4.34959
20  2.7646  0  0
20  2.82743  0  0
20  2.89027  0  0
20  2.9531  0  0
20  3.01593  0  0
20  3.07876  0  0
20.5  0  0  0
20.5  0.0628319  0  0
20.5  0.125664  0  0
20.5  0.188496  0  0
20.5  0.251327  0  0
20.5  0.314159  0  0
20.5  0.376991  16.7939  4.09804
20.5  0.439823  46.7033  6.83398
20.5  0.502655  53.913  7.34255
20.5  0.565487  62.7178  7.91946
20.5  0.628319  61.0028  7.81043
20.5  0.69115  65.5532  8.0965
20.5  0.753982  65.313  8.08165
20.5  0.816814  73.4628  8.57104
20.5  0.879646  76.9953  8.7747
20.5  0.942478  79.1367  8.89588
20.5  1.00531  84.658  9.20098
20.5  1.06814  88.2246  9.3928
20.5  1.13097  91.9776  9.5905
20.5  1.19381  93.6  9.67471
20.5  1.25664  93.5614  9.67271
20.5  1.31947  95.4274  9.7687
20.5  1.3823  96.1207  9.80412
20.5  1.44513  98.0973  9.90441
20.5  1.50796  97.6891  9.88378
20.5  1.5708  97.4082  9.86956
20.5  1.63363  98.0728  9.90317
20.5  1.69646  96.5385  9.8254
20.5  1.75929  95.3291  9.76366
20.5  1.82212  95.1111  9.75249
20.5  1.88496  91.7647  9.57939
20.5  1.94779  90.9457  9.53654
20.5  2.01062  88.6447  9.41513
20.5  2.07345  85.7627  9.26082
20.5  2.13628  80.5556  8.97527
20.5  2.19911  76.252  8.73224
20.5  2.26195  74.3704  8.62383
20.5  2.32478  71.3787  8.44859
20.5  2.38761  63.785  7.98655
20.5  2.45044  64.4172  8.02603
20.5  2.51327  56.044  7.48625
20.5  2.57611  51.9481  7.2075
20.5  2.63894  41.8994  6.47298
20.5  2.70177  17.6056  4.19591
20.5  2.7646  0  0
20.5  2.82743  0  0
20.5  2.89027  0  0
20.5  2.9531  0  0
20.5  3.01593  0  0
20.5  3.07876  0  0
21  0  0  0
21  0.0628319  0  0
21  0.125664  0  0
21  0.188496  0  0
21  0.251327  0  0
21  0.314159  0  0
21  0.376991  18.9781  4.35639
21  0.439823  48.9362  6.99544
21  0.502655  52.1127  7.21891
21  0.565487  58.2031  7.6291
21  0.628319  64.1457  8.0091
21  0.69115  65.1481  8.07144
21  0.753982  73.0903  8.54929
21  0.816814  72.4242  8.51024
21  0.879646  81.4815  9.02671
21  0.942478  85.7595  9.26064
21  1.00531  87.8333  9.37194
21  1.06814  88.9535  9.43152
21  1.13097  90.3042  9.50285
21  1.19381  92.0245  9.59294
21  1.25664  93.5345  9.67132
21  1.31947  96.5235  9.82464
21  1.3823  96.9072  9.84415
21  1.44513  96.1883  9.80757
21  1.50796  96.8317  9.84031
21  1.5708  97.2163  9.85983
21  1.63363  96.7871  9.83805
21  1.69646  94.8347  9.73831
21  1.75929  94.433  9.71766
21  1.82212  93.9689  9.69375
21  1.88496  94.6565  9.72916
21  1.94779  91.2886  9.55451
21  2.01062  90.7273  9.52509
21  2.07345  91.6264  9.57217
21  2.13628  82.6284  9.09002
21  2.19911  79.6296  8.92354
21  2.26195  76.6556  8.75532
21  2.32478  70.3151  8.38541
21  2.38761  66.0592  8.12768
21  2.45044  62.8931  7.93052
21  2.51327  56.8773  7.54171
21  2.57611  53.1401  7.28973
21  2.63894  45.6647  6.75757
21  2.70177  27.3438  5.22913
21  2.7646  0  0
21  2.82743  0  0
21  2.89027  0  0
21  2.9531  0  0
21  3.01593  0  0
21  3.07876  0  0
21.5  0  0  0
21.5  0.0628319  0  0
21.5  0.125664  0  0
21.5  0.188496  0  0
21.5  0.251327  0  0
21.5  0.314159  1.03093  1.01535
21.5  0.376991  26.0563  5.10454
21.5  0.439823  45.0867  6.71466
21.5  0.502655  50  7.07107
21.5  0.565487  59.8566  7.73671
21.5  0.628319  63.9535  7.99709
21.5  0.69115  68.1093  8.25284
21.5  0.753982  72.5217  8.51597
21.5  0.816814  77.7946  8.82012
21.5  0.879646  82.6866  9.09322
21.5  0.942478  82.1656  9.06452
21.5  1.00531  90.404  9.5081
21.5  1.06814  90.6306  9.52001
21.5  1.13097  90.7749  9.52759
21.5  1.19381  93.5551  9.67239
21.5  1.25664  93.7751  9.68375
21.5  1.31947  94.8827  9.74078
21.5  1.3823  94.5565  9.72401
21.5  1.44513  95.3975  9.76716
21.5  1.50796  98.0892  9.904
21.5  1.5708  98.2036  9.90977
21.5  1.63363  97.235  9.86078
21.5  1.69646  95.8242  9.78898
21.5  1.75929  95.6522  9.78019
21.5  1.82212  93.1416  9.65099
21.5  1.88496  92.5197  9.61872
21.5  1.94779  91.8519  9.58394
21.5  2.01062  91.2381  9.55186
21.5  2.07345  89.7561  9.47397
21.5  2.13628  84.0183  9.16615
21.5  2.19911  83.0357  9.11239
21.5  2.26195  77.5385  8.80559
21.5  2.32478  74.9556  8.65769
21.5  2.38761  68.5225  8.27783
21.5  2.45044  63.8021  7.98762
21.5  2.51327  60.2524  7.76224
21.5  2.57611  53.9749  7.34676
21.5  2.63894  38.1443  6.17611
21.5  2.70177  33.3333  5.7735
21.5  2.7646  0  0
21.5  2.82743  0  0
21.5  2.89027  0  0
21.5  2.9531  0  0
21.5  3.01593  0  0
21.5  3.07876  0  0
22  0  0  0
22  0.0628319  0  0
22  0.125664  0  0
22  0.188496  0  0
22  0.251327  0  0
22  0.314159  0  0
22  0.376991  23.0088  4.79675
22  0.439823  42.1622  6.49324
22  0.502655  52.9167  7.27438
22  0.565487  56.9966  7.54961
22  0.628319  66.1342  8.13229
22  0.69115  69.5842  8.34172
22  0.753982  71.4549  8.4531
22  0.816814  80.6213  8.97894
22  0.879646  84.3023  9.18163
22  0.942478  86.7868  9.31594
22  1.00531  85.6661  9.2556
22  1.06814  90.5188  9.51414
22  1.13097  89.0909  9.4388
22  1.19381  95.9144  9.79359
22  1.25664  92.7984  9.63319
22  1.31947  95.1983  9.75696
22  1.3823  96.6667  9.83192
22  1.44513  98.022  9.9006
22  1.50796  98.3945  9.9194
22  1.5708  97.7679  9.88776
22  1.63363  97.4843  9.87341
22  1.69646  95.9746  9.79666
22  1.75929  95.5056  9.7727
22  1.82212  94.1296  9.70204
22  1.88496  92.3954  9.61225
22  1.94779  91.2656  9.5533
22  2.01062  88.4544  9.40502
22  2.07345  88.3978  9.40201
22  2.13628  86.9565  9.32505
22  2.19911  85.8679  9.26649
22  2.26195  80.9748  8.9986
22  2.32478  76.7101  8.75843
22  2.38761  68.9888  8.30595
22  2.45044  59.5989  7.72003
22  2.51327  61.3475  7.83247
22  2.57611  49.0566  7.00404
22  2.63894  46.7836  6.83986
22  2.70177  34.375  5.86302
22  2.7646  1  1
22  2.82743  0  0
22  2.89027  0  0
22  2.9531  0  0
22  3.01593  0  0
22  3.07876  0  0
22.5  0  0  0
22.5  0.0628319  0  0
22.5  0.125664  0  0
22.5  0.188496  0  0
22.5  0.251327  0  0
22.5  0.314159  0  0
22.5  0.376991  32.1168  5.66717
22.5  0.439823  44.6667  6.68331
22.5  0.502655  53.6481  7.32448
22.5  0.565487  63.5739  7.97332
22.5  0.628319  60.9065  7.80426
22.5  0.69115  71.024  8.42757
22.5  0.753982  78.8151  8.87779
22.5  0.816814  80  8.94427
22.5  0.879646  83.2248  9.12276
22.5  0.942478  86.2442  9.28678
22.5  1.00531  89.0203  9.43506
22.5  1.06814  88.7814  9.42239
22.5  1.13097  90.7869  9.52822
22.5  1.19381  93.1393  9.65087
22.5  1.25664  95.8848  9.79208
22.5  1.31947  94.8669  9.73997
22.5  1.3823  95.914  9.79357
22.5  1.44513  96.7603  9.83668
22.5  1.50796  96.6587  9.83152
22.5  1.5708  97.8355  9.89118
22.5  1.63363  96.788  9.83809
22.5  1.69646  95.2278  9.75847
22.5  1.75929  94.1909  9.7052
22.5  1.82212  93.9394  9.69223
22.5  1.88496  94.3844  9.71517
22.5  1.94779  93.1481  9.65133
22.5  2.01062  88.6654  9.41623
22.5  2.07345  90.3448  9.50499
22.5  2.13628  87.1069  9.33311
22.5  2.19911  85.3503  9.23852
22.5  2.26195  80.2632  8.95897
22.5  2.32478  74.4898  8.63075
22.5  2.38761  69.8514  8.35771
22.5  2.45044  59.7523  7.72996
22.5  2.51327  56.1837  7.49558
22.5  2.57611  48.9177  6.99412
22.5  2.63894  47.093  6.86244
22.5  2.70177  29.1971  5.40343
22.5  2.7646  0.934579  0.966736
22.5  2.82743  0  0
22.5  2.89027  0  0
22.5  2.9531  0  0
22.5  3.01593  0  0
22.5  3.07876  0  0
23  0  0  0
23  0.0628319  0  0
23  0.125664  0  0
23  0.188496  0  0
23  0.251327  0  0
23  0.314159  2.94118  1.71499
23  0.376991  37.8378  6.15125
23  0.439823  45.509  6.74603
23  0.502655  54  7.34847
23  0.565487  58.8448  7.67103
23  0.628319  68.7151  8.28946
23  0.69115  71.855  8.47673
23  0.753982  72.8223  8.5336
23  0.816814  83.6735  9.14732
23  0.879646  86.3905  9.29465
23  0.942478  88.3446  9.39918
23  1.00531  90.2156  9.49819
23  1.06814  90.1852  9.49659
23  1.13097  91.7625  9.57927
23  1.19381  92.4125  9.61314
23  1.25664  92.8118  9.63389
23  1.31947  94.2149  9.70643
23  1.3823  95.8838  9.79203
23  1.44513  96.9171  9.84465
23  1.50796  98.1781  9.90849
23  1.5708  97.9775  9.89836
23  1.63363  97.2103  9.85953
23  1.69646  96.3283  9.8147
23  1.75929  95  9.74679
23  1.82212  94.1432  9.70274
23  1.88496  93.499  9.66949
23  1.94779  90.4494  9.51049
23  2.01062  90.8146  9.52967
23  2.07345  90.7718  9.52742
23  2.13628  86.4198  9.29622
23  2.19911  84.7793  9.20757
23  2.26195  80.7812  8.98784
23  2.32478  78.4247  8.85577
23  2.38761  74.1339  8.61011
23  2.45044  69.146  8.31541
23  2.51327  57.2881  7.56889
23  2.57611  54.0404  7.35122
23  2.63894  50.8571  7.13142
23  2.70177  33.3333  5.7735
23  2.7646  1.08696  1.04257
23  2.82743  0  0
23  2.89027  0  0
23  2.9531  0  0
23  3.01593  0  0
23  3.07876  0  0
23.5  0  0  0
23.5  0.0628319  0  0
23.5  0.125664  0  0
23.5  0.188496  0  0
23.5  0.251327  0  0
23.5  0.314159  2.29885  1.5162
23.5  0.376991  34.9206  5.90937
23.5  0.439823  44.186  6.64726
23.5  0.502655  51.6129  7.18421
23.5  0.565487  58.6614  7.65907
23.5  0.628319  70.339  8.38683
23.5  0.69115  70.7483  8.4112
23.5  0.753982  81.2174  9.01207
23.5  0.816814  83.8969  9.15953
23.5  0.879646  87.1148  9.33353
23.5  0.942478  87.5591  9.3573
23.5  1.00531  90.2156  9.49819
23.5  1.06814  89.7306  9.47263
23.5  1.13097  91.7254  9.57734
23.5  1.19381  94.3888  9.71539
23.5  1.25664  94.2094  9.70615
23.5  1.31947  95.5257  9.77373
23.5  1.3823  95.2915  9.76174
23.5  1.44513  96.4948  9.82318
23.5  1.50796  97.254  9.86174
23.5  1.5708  98.0519  9.90212
23.5  1.63363  98.4199  9.92068
23.5  1.69646  96.0499  9.8005
23.5  1.75929  95.3488  9.76467
23.5  1.82212  94.165  9.70386
23.5  1.88496  93.1641  9.65215
23.5  1.94779  93.2727  9.65778
23.5  2.01062  89.7213  9.47213
23.5  2.07345  88.9643  9.43209
23.5  2.13628  88.1686  9.38981
23.5  2.19911  84.3455  9.18398
23.5  2.26195  83.9062  9.16004
23.5  2.32478  77.2085  8.78684
23.5  2.38761  74.8373  8.65086
23.5  2.45044  66.6667  8.16497
23.5  2.51327  59.8616  7.73703
23.5  2.57611  54.3103  7.36956
23.5  2.63894  50  7.07107
23.5  2.70177  36.6906  6.05728
23.5  2.7646  5.15464  2.27038
23.5  2.82743  0  0
23.5  2.89027  0  0
23.5  2.9531  0  0
23.5  3.01593  0  0
23.5  3.07876  0  0
24  0  0  0
24  0.0628319  0  0
24  0.125664  0  0
24  0.188496  0  0
24  0.251327  0  0
24  0.314159  5.71429  2.39046
24  0.376991  35.3741  5.94762
24  0.439823  58.75  7.66485
24  0.502655  52.9412  7.27607
24  0.565487  60.0707  7.75053
24  0.628319  67.0391  8.18774
24  0.69115  71.7105  8.46821
24  0.753982  80.3787  8.96541
24  0.816814  84.3505  9.18426
24  0.879646  83.5211  9.13899
24  0.942478  85.626  9.25343
24  1.00531  90.5009  9.51319
24  1.06814  91.0134  9.54009
24  1.13097  92.4296  9.61403
24  1.19381  92.5253  9.619
24  1.25664  93.5818  9.67377
24  1.31947  94.6695  9.72983
24  1.3823  96.0251  9.79924
24  1.44513  97.9866  9.89882
24  1.50796  97.9757  9.89827
24  1.5708  98.9247  9.94609
24  1.63363  97.7366  9.88618
24  1.69646  96.2637  9.81141
24  1.75929  95.6616  9.78068
24  1.82212  94.8  9.73653
24  1.88496  93.1166  9.6497
24  1.94779  90.4936  9.51281
24  2.01062  89.5652  9.46389
24  2.07345  88.2258  9.39286
24  2.13628  87.3016  9.34353
24  2.19911  86.6959  9.31106
24  2.26195  82.3034  9.07212
24  2.32478  84.5173  9.19333
24  2.38761  75.4762  8.6877
24  2.45044  68.2927  8.26394
24  2.51327  61.7761  7.85977
24  2.57611  58.6364  7.65744
24  2.63894  46.7337  6.8362
24  2.70177  37.9747  6.16236
24  2.7646  8.08081  2.84268
24  2.82743  0  0
24  2.89027  0  0
24  2.9531  0  0
24  3.01593  0  0
24  3.07876  0  0
24.5  0  0  0
24.5  0.0628319  0  0
24.5  0.125664  0  0
24.5  0.188496  0  0
24.5  0.251327  0  0
24.5  0.314159  6.19469  2.48891
24.5  0.376991  38.8889  6.2361
24.5  0.439823  50.8982  7.1343
24.5  0.502655  59.4595  7.711
24.5  0.565487  64.6154  8.03837
24.5  0.628319  72.5849  8.51967
24.5  0.69115  76.5586  8.74978
24.5  0.753982  79.0614  8.89165
24.5  0.816814  80.8036  8.98908
24.5  0.879646  85.7759  9.26153
24.5  0.942478  89.8911  9.48109
24.5  1.00531  88.075  9.38483
24.5  1.06814  89.8734  9.48016
24.5  1.13097  93.6255  9.67603
24.5  1.19381  93.4109  9.66493
24.5  1.25664  93.9076  9.69059
24.5  1.31947  94.3277  9.71225
24.5  1.3823  96.4059  9.81865
24.5  1.44513  97.1014  9.85401
24.5  1.50796  98.4783  9.92362
24.5  1.5708  99.1597  9.95789
24.5  1.63363  97.3333  9.86577
24.5  1.69646  96.0557  9.8008
24.5  1.75929  95.935  9.79464
24.5  1.82212  95.8724  9.79145
24.5  1.88496  94.1061  9.70083
24.5  1.94779  90.7919  9.52848
24.5  2.01062  89.8855  9.4808
24.5  2.07345  85.7391  9.25954
24.5  2.13628  88.2353  9.39336
24.5  2.19911  85.1515  9.22776
24.5  2.26195  84.5255  9.19378
24.5  2.32478  83.4254  9.13375
24.5  2.38761  76.6376  8.75429
24.5  2.45044  68.4814  8.27535
24.5  2.51327  66.6667  8.16497
24.5  2.57611  55.5  7.44983
24.5  2.63894  46.5909  6.82575
24.5  2.70177  33.8843  5.82102
24.5  2.7646  6.19469  2.48891
24.5  2.82743  0  0
24.5  2.89027  2.38095  1.54303
24.5  2.9531  0  0
24.5  3.01593  0  0
24.5  3.07876  0  0
