2  0  0  0
2  0.0628319  0  0
2  0.125664  0  0
2  0.188496  0  0
2  0.251327  0  0
2  0.314159  0  0
2  0.376991  0  0
2  0.439823  0  0
2  0.502655  0  0
2  0.565487  0  0
2  0.628319  0  0
2  0.69115  0  0
2  0.753982  0  0
2  0.816814  0  0
2  0.879646  0  0
2  0.942478  0  0
2  1.00531  0  0
2  1.06814  0  0
2  1.13097  0  0
2  1.19381  0  0
2  1.25664  0  0
2  1.31947  0  0
2  1.3823  0  0
2  1.44513  0  0
2  1.50796  0  0
2  1.5708  0  0
2  1.63363  0  0
2  1.69646  0  0
2  1.75929  0  0
2  1.82212  0  0
2  1.88496  0  0
2  1.94779  0  0
2  2.01062  0  0
2  2.07345  0  0
2  2.13628  0  0
2  2.19911  0  0
2  2.26195  0  0
2  2.32478  0  0
2  2.38761  0  0
2  2.45044  0  0
2  2.51327  0  0
2  2.57611  0  0
2  2.63894  0  0
2  2.70177  0  0
2  2.7646  0  0
2  2.82743  0  0
2  2.89027  0  0
2  2.9531  0  0
2  3.01593  0  0
2  3.07876  0  0
2.5  0  0  0
2.5  0.0628319  0  0
2.5  0.125664  0  0
2.5  0.188496  0  0
2.5  0.251327  0  0
2.5  0.314159  0  0
2.5  0.376991  0  0
2.5  0.439823  0  0
2.5  0.502655  0  0
2.5  0.565487  0  0
2.5  0.628319  0  0
2.5  0.69115  0  0
2.5  0.753982  0  0
2.5  0.816814  0  0
2.5  0.879646  0  0
2.5  0.942478  0  0
2.5  1.00531  0  0
2.5  1.06814  0  0
2.5  1.13097  0  0
2.5  1.19381  0  0
2.5  1.25664  0  0
2.5  1.31947  0  0
2.5  1.3823  0  0
2.5  1.44513  0  0
2.5  1.50796  0  0
2.5  1.5708  0  0
2.5  1.63363  0  0
2.5  1.69646  0  0
2.5  1.75929  0  0
2.5  1.82212  0  0
2.5  1.88496  0  0
2.5  1.94779  0  0
2.5  2.01062  0  0
2.5  2.07345  0  0
2.5  2.13628  0  0
2.5  2.19911  0  0
2.5  2.26195  0  0
2.5  2.32478  0  0
2.5  2.38761  0  0
2.5  2.45044  0  0
2.5  2.51327  0  0
2.5  2.57611  0  0
2.5  2.63894  0  0
2.5  2.70177  0  0
2.5  2.7646  0  0
2.5  2.82743  0  0
2.5  2.89027  0  0
2.5  2.9531  0  0
2.5  3.01593  0  0
2.5  3.07876  0  0
3  0  0  0
3  0.0628319  0  0
3  0.125664  0  0
3  0.188496  0  0
3  0.251327  0  0
3  0.314159  0  0
3  0.376991  0  0
3  0.439823  0  0
3  0.502655  0  0
3  0.565487  0  0
3  0.628319  0  0
3  0.69115  0  0
3  0.753982  0  0
3  0.816814  0  0
3  0.879646  0  0
3  0.942478  0  0
3  1.00531  0  0
3  1.06814  0  0
3  1.13097  0  0
3  1.19381  0  0
3  1.25664  0  0
3  1.31947  0  0
3  1.3823  0  0
3  1.44513  0  0
3  1.50796  0  0
3  1.5708  0  0
3  1.63363  0  0
3  1.69646  0  0
3  1.75929  0  0
3  1.82212  0  0
3  1.88496  0  0
3  1.94779  0  0
3  2.01062  0  0
3  2.07345  0  0
3  2.13628  0  0
3  2.19911  0  0
3  2.26195  0  0
3  2.32478  0  0
3  2.38761  0  0
3  2.45044  0  0
3  2.51327  0  0
3  2.57611  0  0
3  2.63894  0  0
3  2.70177  0  0
3  2.7646  0  0
3  2.82743  0  0
3  2.89027  0  0
3  2.9531  0  0
3  3.01593  0  0
3  3.07876  0  0
3.5  0  0  0
3.5  0.0628319  0  0
3.5  0.125664  0  0
3.5  0.188496  0  0
3.5  0.251327  0  0
3.5  0.314159  0  0
3.5  0.376991  0  0
3.5  0.439823  0  0
3.5  0.502655  0  0
3.5  0.565487  0  0
3.5  0.628319  0  0
3.5  0.69115  0  0
3.5  0.753982  0  0
3.5  0.816814  0  0
3.5  0.879646  0  0
3.5  0.942478  0  0
3.5  1.00531  0  0
3.5  1.06814  0  0
3.5  1.13097  0  0
3.5  1.19381  0  0
3.5  1.25664  0  0
3.5  1.31947  0  0
3.5  1.3823  0  0
3.5  1.44513  0  0
3.5  1.50796  0  0
3.5  1.5708  0  0
3.5  1.63363  0  0
3.5  1.69646  0  0
3.5  1.75929  0  0
3.5  1.82212  0  0
3.5  1.88496  0  0
3.5  1.94779  0  0
3.5  2.01062  0  0
3.5  2.07345  0  0
3.5  2.13628  0  0
3.5  2.19911  0  0
3.5  2.26195  0  0
3.5  2.32478  0  0
3.5  2.38761  0  0
3.5  2.45044  0  0
3.5  2.51327  0  0
3.5  2.57611  0  0
3.5  2.63894  0  0
3.5  2.70177  0  0
3.5  2.7646  0  0
3.5  2.82743  0  0
3.5  2.89027  0  0
3.5  2.9531  0  0
3.5  3.01593  0  0
3.5  3.07876  0  0
4  0  0  0
4  0.0628319  0  0
4  0.125664  0  0
4  0.188496  0  0
4  0.251327  0  0
4  0.314159  0  0
4  0.376991  0  0
4  0.439823  0  0
4  0.502655  0  0
4  0.565487  0  0
4  0.628319  0  0
4  0.69115  0  0
4  0.753982  0  0
4  0.816814  0  0
4  0.879646  0  0
4  0.942478  0  0
4  1.00531  0  0
4  1.06814  0  0
4  1.13097  0  0
4  1.19381  0  0
4  1.25664  0  0
4  1.31947  0  0
4  1.3823  0  0
4  1.44513  0  0
4  1.50796  0  0
4  1.5708  0  0
4  1.63363  0  0
4  1.69646  0  0
4  1.75929  0  0
4  1.82212  0  0
4  1.88496  0  0
4  1.94779  0  0
4  2.01062  0  0
4  2.07345  0  0
4  2.13628  0  0
4  2.19911  0  0
4  2.26195  0  0
4  2.32478  0  0
4  2.38761  0  0
4  2.45044  0  0
4  2.51327  0  0
4  2.57611  0  0
4  2.63894  0  0
4  2.70177  0  0
4  2.7646  0  0
4  2.82743  0  0
4  2.89027  0  0
4  2.9531  0  0
4  3.01593  0  0
4  3.07876  0  0
4.5  0  0  0
4.5  0.0628319  0  0
4.5  0.125664  0  0
4.5  0.188496  0  0
4.5  0.251327  0  0
4.5  0.314159  0  0
4.5  0.376991  0  0
4.5  0.439823  0  0
4.5  0.502655  0  0
4.5  0.565487  0  0
4.5  0.628319  0  0
4.5  0.69115  0  0
4.5  0.753982  0  0
4.5  0.816814  0  0
4.5  0.879646  0  0
4.5  0.942478  0  0
4.5  1.00531  0  0
4.5  1.06814  0  0
4.5  1.13097  0  0
4.5  1.19381  0  0
4.5  1.25664  0  0
4.5  1.31947  0  0
4.5  1.3823  0  0
4.5  1.44513  0  0
4.5  1.50796  0  0
4.5  1.5708  0  0
4.5  1.63363  0  0
4.5  1.69646  0  0
4.5  1.75929  0  0
4.5  1.82212  0  0
4.5  1.88496  0  0
4.5  1.94779  0  0
4.5  2.01062  0  0
4.5  2.07345  0  0
4.5  2.13628  0  0
4.5  2.19911  0  0
4.5  2.26195  0  0
4.5  2.32478  0  0
4.5  2.38761  0  0
4.5  2.45044  0  0
4.5  2.51327  0  0
4.5  2.57611  0  0
4.5  2.63894  0  0
4.5  2.70177  0  0
4.5  2.7646  0  0
4.5  2.82743  0  0
4.5  2.89027  0  0
4.5  2.9531  0  0
4.5  3.01593  0  0
4.5  3.07876  0  0
5  0  0  0
5  0.0628319  0  0
5  0.125664  0  0
5  0.188496  0  0
5  0.251327  0  0
5  0.314159  0  0
5  0.376991  0  0
5  0.439823  0  0
5  0.502655  0  0
5  0.565487  0  0
5  0.628319  0  0
5  0.69115  0  0
5  0.753982  0  0
5  0.816814  0  0
5  0.879646  0  0
5  0.942478  0  0
5  1.00531  0  0
5  1.06814  0  0
5  1.13097  0  0
5  1.19381  0  0
5  1.25664  0  0
5  1.31947  0  0
5  1.3823  0  0
5  1.44513  0  0
5  1.50796  0  0
5  1.5708  0  0
5  1.63363  0  0
5  1.69646  0  0
5  1.75929  0  0
5  1.82212  0  0
5  1.88496  0  0
5  1.94779  0  0
5  2.01062  0  0
5  2.07345  0  0
5  2.13628  0  0
5  2.19911  0  0
5  2.26195  0  0
5  2.32478  0  0
5  2.38761  0  0
5  2.45044  0  0
5  2.51327  0  0
5  2.57611  0  0
5  2.63894  0  0
5  2.70177  0  0
5  2.7646  0  0
5  2.82743  0  0
5  2.89027  0  0
5  2.9531  0  0
5  3.01593  0  0
5  3.07876  0  0
5.5  0  0  0
5.5  0.0628319  0  0
5.5  0.125664  0  0
5.5  0.188496  0  0
5.5  0.251327  0  0
5.5  0.314159  0  0
5.5  0.376991  0  0
5.5  0.439823  0  0
5.5  0.502655  0  0
5.5  0.565487  0  0
5.5  0.628319  0  0
5.5  0.69115  0  0
5.5  0.753982  0  0
5.5  0.816814  0  0
5.5  0.879646  0  0
5.5  0.942478  0  0
5.5  1.00531  0  0
5.5  1.06814  0  0
5.5  1.13097  0  0
5.5  1.19381  0  0
5.5  1.25664  0  0
5.5  1.31947  0  0
5.5  1.3823  0  0
5.5  1.44513  0  0
5.5  1.50796  0  0
5.5  1.5708  0  0
5.5  1.63363  0  0
5.5  1.69646  0  0
5.5  1.75929  0  0
5.5  1.82212  0  0
5.5  1.88496  0  0
5.5  1.94779  0  0
5.5  2.01062  0  0
5.5  2.07345  0  0
5.5  2.13628  0  0
5.5  2.19911  0  0
5.5  2.26195  0  0
5.5  2.32478  0  0
5.5  2.38761  0  0
5.5  2.45044  0  0
5.5  2.51327  0  0
5.5  2.57611  0  0
5.5  2.63894  0  0
5.5  2.70177  0  0
5.5  2.7646  0  0
5.5  2.82743  0  0
5.5  2.89027  0  0
5.5  2.9531  0  0
5.5  3.01593  0  0
5.5  3.07876  0  0
6  0  0  0
6  0.0628319  0  0
6  0.125664  0  0
6  0.188496  0  0
6  0.251327  0  0
6  0.314159  0  0
6  0.376991  0  0
6  0.439823  0  0
6  0.502655  0  0
6  0.565487  0  0
6  0.628319  0  0
6  0.69115  0  0
6  0.753982  0  0
6  0.816814  0  0
6  0.879646  0  0
6  0.942478  0  0
6  1.00531  0  0
6  1.06814  0  0
6  1.13097  0  0
6  1.19381  0  0
6  1.25664  0  0
6  1.31947  0  0
6  1.3823  0  0
6  1.44513  0  0
6  1.50796  0  0
6  1.5708  0  0
6  1.63363  0  0
6  1.69646  0  0
6  1.75929  0  0
6  1.82212  0  0
6  1.88496  0  0
6  1.94779  0  0
6  2.01062  0  0
6  2.07345  0  0
6  2.13628  0  0
6  2.19911  0  0
6  2.26195  0  0
6  2.32478  0  0
6  2.38761  0  0
6  2.45044  0  0
6  2.51327  0  0
6  2.57611  0  0
6  2.63894  0  0
6  2.70177  0  0
6  2.7646  0  0
6  2.82743  0  0
6  2.89027  0  0
6  2.9531  0  0
6  3.01593  0  0
6  3.07876  0  0
6.5  0  0  0
6.5  0.0628319  0  0
6.5  0.125664  0  0
6.5  0.188496  0  0
6.5  0.251327  0  0
6.5  0.314159  0  0
6.5  0.376991  0  0
6.5  0.439823  0  0
6.5  0.502655  0  0
6.5  0.565487  0  0
6.5  0.628319  0  0
6.5  0.69115  0  0
6.5  0.753982  0  0
6.5  0.816814  0  0
6.5  0.879646  0  0
6.5  0.942478  0  0
6.5  1.00531  0  0
6.5  1.06814  0  0
6.5  1.13097  0  0
6.5  1.19381  0  0
6.5  1.25664  0  0
6.5  1.31947  0  0
6.5  1.3823  0  0
6.5  1.44513  0  0
6.5  1.50796  0  0
6.5  1.5708  0  0
6.5  1.63363  0  0
6.5  1.69646  0  0
6.5  1.75929  0  0
6.5  1.82212  0  0
6.5  1.88496  0  0
6.5  1.94779  0  0
6.5  2.01062  0  0
6.5  2.07345  0  0
6.5  2.13628  0  0
6.5  2.19911  0  0
6.5  2.26195  0  0
6.5  2.32478  0  0
6.5  2.38761  0  0
6.5  2.45044  0  0
6.5  2.51327  0  0
6.5  2.57611  0  0
6.5  2.63894  0  0
6.5  2.70177  0  0
6.5  2.7646  0  0
6.5  2.82743  0  0
6.5  2.89027  0  0
6.5  2.9531  0  0
6.5  3.01593  0  0
6.5  3.07876  0  0
7  0  0  0
7  0.0628319  0  0
7  0.125664  0  0
7  0.188496  0  0
7  0.251327  0  0
7  0.314159  0  0
7  0.376991  0  0
7  0.439823  0  0
7  0.502655  0  0
7  0.565487  0  0
7  0.628319  0  0
7  0.69115  0  0
7  0.753982  0  0
7  0.816814  0  0
7  0.879646  0  0
7  0.942478  0  0
7  1.00531  0  0
7  1.06814  0  0
7  1.13097  0  0
7  1.19381  0  0
7  1.25664  0  0
7  1.31947  0  0
7  1.3823  0  0
7  1.44513  0  0
7  1.50796  0  0
7  1.5708  0  0
7  1.63363  0  0
7  1.69646  0  0
7  1.75929  0  0
7  1.82212  0  0
7  1.88496  0  0
7  1.94779  0  0
7  2.01062  0  0
7  2.07345  0  0
7  2.13628  0  0
7  2.19911  0  0
7  2.26195  0  0
7  2.32478  0  0
7  2.38761  0  0
7  2.45044  0  0
7  2.51327  0  0
7  2.57611  0  0
7  2.63894  0  0
7  2.70177  0  0
7  2.7646  0  0
7  2.82743  0  0
7  2.89027  0  0
7  2.9531  0  0
7  3.01593  0  0
7  3.07876  0  0
7.5  0  0  0
7.5  0.0628319  0  0
7.5  0.125664  0  0
7.5  0.188496  0  0
7.5  0.251327  0  0
7.5  0.314159  0  0
7.5  0.376991  0  0
7.5  0.439823  0  0
7.5  0.502655  0  0
7.5  0.565487  0  0
7.5  0.628319  0  0
7.5  0.69115  0  0
7.5  0.753982  0  0
7.5  0.816814  0  0
7.5  0.879646  0  0
7.5  0.942478  0  0
7.5  1.00531  0  0
7.5  1.06814  0  0
7.5  1.13097  0  0
7.5  1.19381  0.258759  1.70226
7.5  1.25664  0.435545  0.374102
7.5  1.31947  0.373452  0.371632
7.5  1.3823  0.118671  0.109552
7.5  1.44513  0.164749  0.263519
7.5  1.50796  0.243692  0.242937
7.5  1.5708  0.197396  0.252013
7.5  1.63363  0.354706  0.29236
7.5  1.69646  0.132276  0.114658
7.5  1.75929  0.418943  0.369126
7.5  1.82212  0.266438  0.253646
7.5  1.88496  0  0
7.5  1.94779  0  0
7.5  2.01062  0  0
7.5  2.07345  0  0
7.5  2.13628  0  0
7.5  2.19911  0  0
7.5  2.26195  0  0
7.5  2.32478  0  0
7.5  2.38761  0  0
7.5  2.45044  0  0
7.5  2.51327  0  0
7.5  2.57611  0  0
7.5  2.63894  0  0
7.5  2.70177  0  0
7.5  2.7646  0  0
7.5  2.82743  0  0
7.5  2.89027  0  0
7.5  2.9531  0  0
7.5  3.01593  0  0
7.5  3.07876  0  0
8  0  0  0
8  0.0628319  0  0
8  0.125664  0  0
8  0.188496  0  0
8  0.251327  0  0
8  0.314159  0  0
8  0.376991  0  0
8  0.439823  0  0
8  0.502655  0  0
8  0.565487  0  0
8  0.628319  0  0
8  0.69115  0  0
8  0.753982  0  0
8  0.816814  0  0
8  0.879646  0  0
8  0.942478  0  0
8  1.00531  0  0
8  1.06814  0.168233  0.142657
8  1.13097  0.114071  0.118926
8  1.19381  0.116604  0.061054
8  1.25664  0.191591  0.278471
8  1.31947  0.0995605  0.0399988
8  1.3823  0.100657  0.038338
8  1.44513  0.11598  0.0514401
8  1.50796  0.108438  0.051478
8  1.5708  0.12479  0.0631573
8  1.63363  0.110453  0.0443131
8  1.69646  0.0976461  0.0386032
8  1.75929  0.100806  0.0383985
8  1.82212  0.106493  0.0477264
8  1.88496  0.160361  0.143635
8  1.94779  0.119654  0.205501
8  2.01062  0.394422  0.389578
8  2.07345  0  0
8  2.13628  0  0
8  2.19911  0  0
8  2.26195  0  0
8  2.32478  0  0
8  2.38761  0  0
8  2.45044  0  0
8  2.51327  0  0
8  2.57611  0  0
8  2.63894  0  0
8  2.70177  0  0
8  2.7646  0  0
8  2.82743  0  0
8  2.89027  0  0
8  2.9531  0  0
8  3.01593  0  0
8  3.07876  0  0
8.5  0  0  0
8.5  0.0628319  0  0
8.5  0.125664  0  0
8.5  0.188496  0  0
8.5  0.251327  0  0
8.5  0.314159  0  0
8.5  0.376991  0  0
8.5  0.439823  0  0
8.5  0.502655  0  0
8.5  0.565487  0  0
8.5  0.628319  0  0
8.5  0.69115  0  0
8.5  0.753982  0  0
8.5  0.816814  0  0
8.5  0.879646  0  0
8.5  0.942478  0.302877  0.274822
8.5  1.00531  0.141825  0.223537
8.5  1.06814  0.09154  0.0344968
8.5  1.13097  0.0860931  0.030795
8.5  1.19381  0.092459  0.0298577
8.5  1.25664  0.0918409  0.0291144
8.5  1.31947  0.106452  0.0460592
8.5  1.3823  0.110022  0.0460235
8.5  1.44513  0.10639  0.043705
8.5  1.50796  0.124984  0.0599987
8.5  1.5708  0.103086  0.041829
8.5  1.63363  0.131929  0.0674489
8.5  1.69646  0.104365  0.0397567
8.5  1.75929  0.100601  0.0405223
8.5  1.82212  0.0931299  0.0317294
8.5  1.88496  0.1059  0.0433681
8.5  1.94779  0.105544  0.0464611
8.5  2.01062  0.10189  0.0422569
8.5  2.07345  0.126898  0.21468
8.5  2.13628  0.333518  0.166973
8.5  2.19911  0  0
8.5  2.26195  0  0
8.5  2.32478  0  0
8.5  2.38761  0  0
8.5  2.45044  0  0
8.5  2.51327  0  0
8.5  2.57611  0  0
8.5  2.63894  0  0
8.5  2.70177  0  0
8.5  2.7646  0  0
8.5  2.82743  0  0
8.5  2.89027  0  0
8.5  2.9531  0  0
8.5  3.01593  0  0
8.5  3.07876  0  0
9  0  0  0
9  0.0628319  0  0
9  0.125664  0  0
9  0.188496  0  0
9  0.251327  0  0
9  0.314159  0  0
9  0.376991  0  0
9  0.439823  0  0
9  0.502655  0  0
9  0.565487  0  0
9  0.628319  0  0
9  0.69115  0  0
9  0.753982  0  0
9  0.816814  0  0
9  0.879646  0.325298  0.322578
9  0.942478  0.0872564  0.0397273
9  1.00531  0.0807918  0.0247635
9  1.06814  0.0914497  0.0358929
9  1.13097  0.0918306  0.0346343
9  1.19381  0.12828  0.0710693
9  1.25664  0.125858  0.0688171
9  1.31947  0.104617  0.0428946
9  1.3823  0.108885  0.043918
9  1.44513  0.107329  0.0409514
9  1.50796  0.122337  0.0611579
9  1.5708  0.10787  0.0394373
9  1.63363  0.151959  0.112092
9  1.69646  0.130749  0.077059
9  1.75929  0.0977692  0.0384861
9  1.82212  0.0980248  0.0338147
9  1.88496  0.0901356  0.0313783
9  1.94779  0.0980229  0.0352093
9  2.01062  0.0814859  0.0239556
9  2.07345  0.07053  0.0182164
9  2.13628  0.112225  0.0687904
9  2.19911  0.264531  0.178795
9  2.26195  0  0
9  2.32478  0  0
9  2.38761  0  0
9  2.45044  0  0
9  2.51327  0  0
9  2.57611  0  0
9  2.63894  0  0
9  2.70177  0  0
9  2.7646  0  0
9  2.82743  0  0
9  2.89027  0  0
9  2.9531  0  0
9  3.01593  0  0
9  3.07876  0  0
9.5  0  0  0
9.5  0.0628319  0  0
9.5  0.125664  0  0
9.5  0.188496  0  0
9.5  0.251327  0  0
9.5  0.314159  0  0
9.5  0.376991  0  0
9.5  0.439823  0  0
9.5  0.502655  0  0
9.5  0.565487  0  0
9.5  0.628319  0  0
9.5  0.69115  0  0
9.5  0.753982  0  0
9.5  0.816814  0.118518  0.135031
9.5  0.879646  0.0612023  0.0166509
9.5  0.942478  0.0568055  0.0132474
9.5  1.00531  0.0804753  0.024074
9.5  1.06814  0.0746836  0.0211907
9.5  1.13097  0.0997947  0.0376851
9.5  1.19381  0.0943599  0.0394844
9.5  1.25664  0.106272  0.041428
9.5  1.31947  0.112189  0.0482011
9.5  1.3823  0.0958091  0.0339287
9.5  1.44513  0.111762  0.0469925
9.5  1.50796  0.142339  0.0851968
9.5  1.5708  0.137155  0.0817411
9.5  1.63363  0.117767  0.0565432
9.5  1.69646  0.128932  0.0701285
9.5  1.75929  0.113475  0.0545109
9.5  1.82212  0.114763  0.0486343
9.5  1.88496  0.0941769  0.0338354
9.5  1.94779  0.0816087  0.0257814
9.5  2.01062  0.0868539  0.0311501
9.5  2.07345  0.0705743  0.0157831
9.5  2.13628  0.0841983  0.0248469
9.5  2.19911  0.0683564  0.021751
9.5  2.26195  0.277077  0.14229
9.5  2.32478  0  0
9.5  2.38761  0  0
9.5  2.45044  0  0
9.5  2.51327  0  0
9.5  2.57611  0  0
9.5  2.63894  0  0
9.5  2.70177  0  0
9.5  2.7646  0  0
9.5  2.82743  0  0
9.5  2.89027  0  0
9.5  2.9531  0  0
9.5  3.01593  0  0
9.5  3.07876  0  0
10  0  0  0
10  0.0628319  0  0
10  0.125664  0  0
10  0.188496  0  0
10  0.251327  0  0
10  0.314159  0  0
10  0.376991  0  0
10  0.439823  0  0
10  0.502655  0  0
10  0.565487  0  0
10  0.628319  0  0
10  0.69115  0  0
10  0.753982  0.250746  0.232027
10  0.816814  0.0620589  0.0215952
10  0.879646  0.0626527  0.0146679
10  0.942478  0.0658804  0.0178418
10  1.00531  0.0747414  0.0184647
10  1.06814  0.0886151  0.0290874
10  1.13097  0.0888094  0.0298024
10  1.19381  0.0914206  0.0320347
10  1.25664  0.113235  0.0542578
10  1.31947  0.100559  0.0368942
10  1.3823  0.119693  0.075639
10  1.44513  0.097626  0.0299857
10  1.50796  0.109622  0.0451864
10  1.5708  0.12037  0.0530584
10  1.63363  0.108429  0.0429268
10  1.69646  0.0885028  0.0278678
10  1.75929  0.142618  0.0892362
10  1.82212  0.106811  0.0425175
10  1.88496  0.0932624  0.0305522
10  1.94779  0.102915  0.0428954
10  2.01062  0.102733  0.0466207
10  2.07345  0.079759  0.0246872
10  2.13628  0.0658292  0.0169165
10  2.19911  0.0618036  0.0133782
10  2.26195  0.0820251  0.040045
10  2.32478  0.10522  0.144558
10  2.38761  0  0
10  2.45044  0  0
10  2.51327  0  0
10  2.57611  0  0
10  2.63894  0  0
10  2.70177  0  0
10  2.7646  0  0
10  2.82743  0  0
10  2.89027  0  0
10  2.9531  0  0
10  3.01593  0  0
10  3.07876  0  0
10.5  0  0  0
10.5  0.0628319  0  0
10.5  0.125664  0  0
10.5  0.188496  0  0
10.5  0.251327  0  0
10.5  0.314159  0  0
10.5  0.376991  0  0
10.5  0.439823  0  0
10.5  0.502655  0  0
10.5  0.565487  0  0
10.5  0.628319  0  0
10.5  0.69115  0.00122211  0.00896767
10.5  0.753982  0.0596071  0.0283173
10.5  0.816814  0.0587121  0.0152801
10.5  0.879646  0.0664776  0.0178723
10.5  0.942478  0.066292  0.0154081
10.5  1.00531  0.0774476  0.0210372
10.5  1.06814  0.0976739  0.0362116
10.5  1.13097  0.0765799  0.0198184
10.5  1.19381  0.0904065  0.0311177
10.5  1.25664  0.141421  0.0891407
10.5  1.31947  0.101051  0.0376138
10.5  1.3823  0.09898  0.0332382
10.5  1.44513  0.0981543  0.0356428
10.5  1.50796  0.1096  0.0447591
10.5  1.5708  0.101504  0.0459886
10.5  1.63363  0.122836  0.0568502
10.5  1.69646  0.103673  0.0385937
10.5  1.75929  0.117802  0.0565654
10.5  1.82212  0.132858  0.0716002
10.5  1.88496  0.13986  0.0926798
10.5  1.94779  0.100774  0.0399689
10.5  2.01062  0.0982351  0.0356034
10.5  2.07345  0.0840269  0.0244163
10.5  2.13628  0.0726045  0.0200886
10.5  2.19911  0.0579098  0.011288
10.5  2.26195  0.0581468  0.0130938
10.5  2.32478  0.0722184  0.0476075
10.5  2.38761  0.123139  0.065959
10.5  2.45044  0  0
10.5  2.51327  0  0
10.5  2.57611  0  0
10.5  2.63894  0  0
10.5  2.70177  0  0
10.5  2.7646  0  0
10.5  2.82743  0  0
10.5  2.89027  0  0
10.5  2.9531  0  0
10.5  3.01593  0  0
10.5  3.07876  0  0
11  0  0  0
11  0.0628319  0  0
11  0.125664  0  0
11  0.188496  0  0
11  0.251327  0  0
11  0.314159  0  0
11  0.376991  0  0
11  0.439823  0  0
11  0.502655  0  0
11  0.565487  0  0
11  0.628319  0  0
11  0.69115  0.25623  0.194947
11  0.753982  0.0506954  0.0113382
11  0.816814  0.0534118  0.0104231
11  0.879646  0.0593888  0.011802
11  0.942478  0.062614  0.014464
11  1.00531  0.0878849  0.0294357
11  1.06814  0.090709  0.0301672
11  1.13097  0.0858714  0.0268702
11  1.19381  0.0916893  0.0312149
11  1.25664  0.10656  0.0473146
11  1.31947  0.12235  0.057165
11  1.3823  0.104499  0.0382869
11  1.44513  0.0924289  0.0280258
11  1.50796  0.108145  0.0431056
11  1.5708  0.118507  0.0602395
11  1.63363  0.103483  0.039999
11  1.69646  0.100081  0.0384542
11  1.75929  0.11314  0.0496976
11  1.82212  0.100847  0.0352789
11  1.88496  0.107822  0.0405044
11  1.94779  0.0801347  0.0222427
11  2.01062  0.0839851  0.0278688
11  2.07345  0.0727189  0.0201596
11  2.13628  0.0781817  0.0217729
11  2.19911  0.0587362  0.0114106
11  2.26195  0.0670439  0.0194106
11  2.32478  0.0613893  0.0189265
11  2.38761  0.108953  0.180481
11  2.45044  0  0
11  2.51327  0  0
11  2.57611  0  0
11  2.63894  0  0
11  2.70177  0  0
11  2.7646  0  0
11  2.82743  0  0
11  2.89027  0  0
11  2.9531  0  0
11  3.01593  0  0
11  3.07876  0  0
11.5  0  0  0
11.5  0.0628319  0  0
11.5  0.125664  0  0
11.5  0.188496  0  0
11.5  0.251327  0  0
11.5  0.314159  0  0
11.5  0.376991  0  0
11.5  0.439823  0  0
11.5  0.502655  0  0
11.5  0.565487  0  0
11.5  0.628319  0.0199029  0.146045
11.5  0.69115  0.0643059  0.042652
11.5  0.753982  0.0686167  0.0244748
11.5  0.816814  0.0654303  0.0182105
11.5  0.879646  0.0675166  0.016397
11.5  0.942478  0.0749627  0.0195456
11.5  1.00531  0.0701773  0.0170212
11.5  1.06814  0.0831706  0.024765
11.5  1.13097  0.0962873  0.0373779
11.5  1.19381  0.0880992  0.0273339
11.5  1.25664  0.0948814  0.0318319
11.5  1.31947  0.0943375  0.0316312
11.5  1.3823  0.0938234  0.0309144
11.5  1.44513  0.126761  0.0653019
11.5  1.50796  0.100518  0.034322
11.5  1.5708  0.14182  0.085601
11.5  1.63363  0.118839  0.0590374
11.5  1.69646  0.113688  0.0576539
11.5  1.75929  0.113313  0.0543848
11.5  1.82212  0.11017  0.0449935
11.5  1.88496  0.0788641  0.0216149
11.5  1.94779  0.0917173  0.029349
11.5  2.01062  0.0883381  0.032532
11.5  2.07345  0.0711671  0.0201539
11.5  2.13628  0.0687696  0.0171438
11.5  2.19911  0.0753052  0.0244104
11.5  2.26195  0.0657839  0.0185118
11.5  2.32478  0.0586415  0.0179853
11.5  2.38761  0.0862052  0.0685449
11.5  2.45044  0.258759  1.70226
11.5  2.51327  0  0
11.5  2.57611  0  0
11.5  2.63894  0  0
11.5  2.70177  0  0
11.5  2.7646  0  0
11.5  2.82743  0  0
11.5  2.89027  0  0
11.5  2.9531  0  0
11.5  3.01593  0  0
11.5  3.07876  0  0
12  0  0  0
12  0.0628319  0  0
12  0.125664  0  0
12  0.188496  0  0
12  0.251327  0  0
12  0.314159  0  0
12  0.376991  0  0
12  0.439823  0  0
12  0.502655  0  0
12  0.565487  0  0
12  0.628319  0.0974253  0.127775
12  0.69115  0.0633043  0.0276426
12  0.753982  0.0624861  0.019431
12  0.816814  0.0569417  0.0140701
12  0.879646  0.0527072  0.00996458
12  0.942478  0.07788  0.0206876
12  1.00531  0.0824787  0.0219215
12  1.06814  0.0933105  0.0339791
12  1.13097  0.0882408  0.0261252
12  1.19381  0.0983859  0.032195
12  1.25664  0.128463  0.073764
12  1.31947  0.0952127  0.0343797
12  1.3823  0.0946384  0.0297897
12  1.44513  0.114134  0.0502496
12  1.50796  0.11024  0.0456122
12  1.5708  0.0970641  0.0346151
12  1.63363  0.100378  0.0413809
12  1.69646  0.134902  0.0791243
12  1.75929  0.0997553  0.0306486
12  1.82212  0.121368  0.0620124
12  1.88496  0.0863589  0.0265857
12  1.94779  0.0879334  0.0306977
12  2.01062  0.086089  0.0242926
12  2.07345  0.0876007  0.0266907
12  2.13628  0.0657001  0.0150272
12  2.19911  0.053187  0.0101689
12  2.26195  0.0616247  0.0165572
12  2.32478  0.0611494  0.0168073
12  2.38761  0.0763067  0.0449372
12  2.45044  0.179971  0.177159
12  2.51327  0.25622  1.89051
12  2.57611  0  0
12  2.63894  0  0
12  2.70177  0  0
12  2.7646  0  0
12  2.82743  0  0
12  2.89027  0  0
12  2.9531  0  0
12  3.01593  0  0
12  3.07876  0  0
12.5  0  0  0
12.5  0.0628319  0  0
12.5  0.125664  0  0
12.5  0.188496  0  0
12.5  0.251327  0  0
12.5  0.314159  0  0
12.5  0.376991  0  0
12.5  0.439823  0  0
12.5  0.502655  0  0
12.5  0.565487  0.258759  1.70226
12.5  0.628319  0.140208  0.145029
12.5  0.69115  0.0607168  0.0279606
12.5  0.753982  0.057329  0.0166304
12.5  0.816814  0.0599209  0.0148014
12.5  0.879646  0.0718853  0.0222566
12.5  0.942478  0.0638093  0.0158031
12.5  1.00531  0.0734274  0.0199736
12.5  1.06814  0.101613  0.0366556
12.5  1.13097  0.0888563  0.0264173
12.5  1.19381  0.0906532  0.0301126
12.5  1.25664  0.106013  0.043962
12.5  1.31947  0.102176  0.0410495
12.5  1.3823  0.105093  0.0422738
12.5  1.44513  0.127236  0.0650803
12.5  1.50796  0.115504  0.0477229
12.5  1.5708  0.130326  0.0710217
12.5  1.63363  0.0963435  0.0296786
12.5  1.69646  0.10774  0.0392031
12.5  1.75929  0.0973156  0.035869
12.5  1.82212  0.105912  0.0435109
12.5  1.88496  0.090989  0.029294
12.5  1.94779  0.0868233  0.0260537
12.5  2.01062  0.106536  0.0447821
12.5  2.07345  0.0852177  0.0273048
12.5  2.13628  0.0734476  0.017255
12.5  2.19911  0.0732083  0.0201886
12.5  2.26195  0.0656488  0.0183697
12.5  2.32478  0.0605116  0.0211275
12.5  2.38761  0.0906743  0.0671367
12.5  2.45044  0.0632548  0.0578875
12.5  2.51327  0.258759  1.70226
12.5  2.57611  0  0
12.5  2.63894  0  0
12.5  2.70177  0  0
12.5  2.7646  0  0
12.5  2.82743  0  0
12.5  2.89027  0  0
12.5  2.9531  0  0
12.5  3.01593  0  0
12.5  3.07876  0  0
13  0  0  0
13  0.0628319  0  0
13  0.125664  0  0
13  0.188496  0  0
13  0.251327  0  0
13  0.314159  0  0
13  0.376991  0  0
13  0.439823  0  0
13  0.502655  0  0
13  0.565487  0.112477  0.0743666
13  0.628319  0.0451298  0.0208688
13  0.69115  0.082428  0.04901
13  0.753982  0.0519888  0.0129179
13  0.816814  0.0579998  0.0154073
13  0.879646  0.0513762  0.0088286
13  0.942478  0.0619893  0.0144601
13  1.00531  0.0736647  0.0185129
13  1.06814  0.0826162  0.0252194
13  1.13097  0.0792586  0.021215
13  1.19381  0.134679  0.0728327
13  1.25664  0.0980051  0.0331774
13  1.31947  0.100788  0.0364963
13  1.3823  0.110335  0.0414198
13  1.44513  0.116684  0.0497282
13  1.50796  0.121712  0.0498858
13  1.5708  0.118086  0.0583754
13  1.63363  0.107556  0.038958
13  1.69646  0.110783  0.0468275
13  1.75929  0.111868  0.0482812
13  1.82212  0.121646  0.0599776
13  1.88496  0.0866388  0.0250296
13  1.94779  0.0968282  0.0348868
13  2.01062  0.0837964  0.0310446
13  2.07345  0.0858869  0.0246949
13  2.13628  0.0705261  0.0177894
13  2.19911  0.0792653  0.0278525
13  2.26195  0.0533659  0.0124669
13  2.32478  0.0558271  0.0139507
13  2.38761  0.0547282  0.0237607
13  2.45044  0.0550736  0.0338323
13  2.51327  0.122689  0.108435
13  2.57611  0  0
13  2.63894  0  0
13  2.70177  0  0
13  2.7646  0  0
13  2.82743  0  0
13  2.89027  0  0
13  2.9531  0  0
13  3.01593  0  0
13  3.07876  0  0
13.5  0  0  0
13.5  0.0628319  0  0
13.5  0.125664  0  0
13.5  0.188496  0  0
13.5  0.251327  0  0
13.5  0.314159  0  0
13.5  0.376991  0  0
13.5  0.439823  0  0
13.5  0.502655  0  0
13.5  0.565487  0.0984756  0.114963
13.5  0.628319  0.0739736  0.0532339
13.5  0.69115  0.0503775  0.0151911
13.5  0.753982  0.0536971  0.0155605
13.5  0.816814  0.0538245  0.0116766
13.5  0.879646  0.0613423  0.0115745
13.5  0.942478  0.0687818  0.0163615
13.5  1.00531  0.065143  0.0153439
13.5  1.06814  0.104065  0.0446546
13.5  1.13097  0.0987176  0.0381386
13.5  1.19381  0.0970692  0.0377659
13.5  1.25664  0.101747  0.0394102
13.5  1.31947  0.100013  0.0383414
13.5  1.3823  0.100739  0.0340051
13.5  1.44513  0.121115  0.0602286
13.5  1.50796  0.114276  0.0454599
13.5  1.5708  0.122131  0.0545594
13.5  1.63363  0.114557  0.0491394
13.5  1.69646  0.110087  0.0494029
13.5  1.75929  0.125842  0.0653364
13.5  1.82212  0.1062  0.0367893
13.5  1.88496  0.0959436  0.0367242
13.5  1.94779  0.102783  0.0330614
13.5  2.01062  0.0738466  0.0165459
13.5  2.07345  0.0479181  0.166511
13.5  2.13628  0.0677182  0.0154062
13.5  2.19911  0.0656824  0.0156046
13.5  2.26195  0.0548057  0.0117348
13.5  2.32478  0.0656465  0.0184501
13.5  2.38761  0.0578588  0.0219516
13.5  2.45044  0.0544176  0.0274418
13.5  2.51327  0.10008  0.123006
13.5  2.57611  0  0
13.5  2.63894  0  0
13.5  2.70177  0  0
13.5  2.7646  0  0
13.5  2.82743  0  0
13.5  2.89027  0  0
13.5  2.9531  0  0
13.5  3.01593  0  0
13.5  3.07876  0  0
14  0  0  0
14  0.0628319  0  0
14  0.125664  0  0
14  0.188496  0  0
14  0.251327  0  0
14  0.314159  0  0
14  0.376991  0  0
14  0.439823  0  0
14  0.502655  0.258759  1.70226
14  0.565487  0.0903843  0.0885396
14  0.628319  0.0602739  0.0295724
14  0.69115  0.054808  0.0178705
14  0.753982  0.0509388  0.0133445
14  0.816814  0.0481559  0.00909042
14  0.879646  0.0601501  0.0132892
14  0.942478  0.0643384  0.0139389
14  1.00531  0.0834294  0.0223431
14  1.06814  0.0954942  0.034762
14  1.13097  0.103678  0.0390535
14  1.19381  0.0889183  0.024825
14  1.25664  0.101857  0.0395079
14  1.31947  0.103574  0.0392434
14  1.3823  0.100862  0.0396841
14  1.44513  0.134623  0.0703563
14  1.50796  0.100796  0.0351155
14  1.5708  0.112868  0.0428356
14  1.63363  0.0947994  0.0294946
14  1.69646  0.124486  0.0578656
14  1.75929  0.120254  0.0669583
14  1.82212  0.0935948  0.0361432
14  1.88496  0.101446  0.0367046
14  1.94779  0.112228  0.0485382
14  2.01062  0.0829959  0.0289049
14  2.07345  0.0873394  0.0266747
14  2.13628  0.0739494  0.018708
14  2.19911  0.0540643  0.0104262
14  2.26195  0.0653577  0.0192467
14  2.32478  0.0513334  0.0125855
14  2.38761  0.058806  0.0242394
14  2.45044  0.088416  0.140883
14  2.51327  0.0497531  0.0494663
14  2.57611  0  0
14  2.63894  0  0
14  2.70177  0  0
14  2.7646  0  0
14  2.82743  0  0
14  2.89027  0  0
14  2.9531  0  0
14  3.01593  0  0
14  3.07876  0  0
14.5  0  0  0
14.5  0.0628319  0  0
14.5  0.125664  0  0
14.5  0.188496  0  0
14.5  0.251327  0  0
14.5  0.314159  0  0
14.5  0.376991  0  0
14.5  0.439823  0  0
14.5  0.502655  0  0
14.5  0.565487  0.0464733  0.0319548
14.5  0.628319  0.0575665  0.0295224
14.5  0.69115  0.201104  0.143553
14.5  0.753982  0.0607954  0.0177775
14.5  0.816814  0.0527642  0.0110318
14.5  0.879646  0.064423  0.0155527
14.5  0.942478  0.0642723  0.014799
14.5  1.00531  0.0747054  0.0202709
14.5  1.06814  0.0847867  0.0239196
14.5  1.13097  0.102495  0.0430961
14.5  1.19381  0.101677  0.0427886
14.5  1.25664  0.096775  0.0301562
14.5  1.31947  0.114766  0.0513131
14.5  1.3823  0.0979877  0.032623
14.5  1.44513  0.0944084  0.028596
14.5  1.50796  0.0977398  0.034004
14.5  1.5708  0.103518  0.0341296
14.5  1.63363  0.101711  0.0351897
14.5  1.69646  0.106113  0.035118
14.5  1.75929  0.156988  0.112463
14.5  1.82212  0.118765  0.0516747
14.5  1.88496  0.0945869  0.0295288
14.5  1.94779  0.0951092  0.0298682
14.5  2.01062  0.0851374  0.0252601
14.5  2.07345  0.0733905  0.0176373
14.5  2.13628  0.0775926  0.0203267
14.5  2.19911  0.0614561  0.0139275
14.5  2.26195  0.0550173  0.0109164
14.5  2.32478  0.052609  0.0131154
14.5  2.38761  0.0494186  0.0138469
14.5  2.45044  0.0497924  0.0252572
14.5  2.51327  0.0860725  0.14362
14.5  2.57611  0.0300454  0.01991
14.5  2.63894  0  0
14.5  2.70177  0  0
14.5  2.7646  0  0
14.5  2.82743  0  0
14.5  2.89027  0  0
14.5  2.9531  0  0
14.5  3.01593  0  0
14.5  3.07876  0  0
15  0  0  0
15  0.0628319  0  0
15  0.125664  0  0
15  0.188496  0  0
15  0.251327  0  0
15  0.314159  0  0
15  0.376991  0  0
15  0.439823  0  0
15  0.502655  0.159858  0.0827053
15  0.565487  0.0628977  0.0514598
15  0.628319  0.0726695  0.0532653
15  0.69115  0.065279  0.0244154
15  0.753982  0.0600568  0.0162921
15  0.816814  0.0574041  0.0139286
15  0.879646  0.0566823  0.011368
15  0.942478  0.0646765  0.0139201
15  1.00531  0.0761142  0.0202217
15  1.06814  0.070231  0.0163945
15  1.13097  0.0940014  0.0305203
15  1.19381  0.109189  0.0460703
15  1.25664  0.11414  0.0539991
15  1.31947  0.102391  0.0352083
15  1.3823  0.107989  0.0346034
15  1.44513  0.125634  0.0561065
15  1.50796  0.12559  0.0645729
15  1.5708  0.115256  0.0431377
15  1.63363  0.116854  0.0491954
15  1.69646  0.101324  0.0346313
15  1.75929  0.117464  0.0511661
15  1.82212  0.0959008  0.0283653
15  1.88496  0.107812  0.045123
15  1.94779  0.099709  0.0386738
15  2.01062  0.0854347  0.023198
15  2.07345  0.0788282  0.0210229
15  2.13628  0.0653119  0.0146655
15  2.19911  0.056749  0.0113318
15  2.26195  0.0697132  0.0184132
15  2.32478  0.0519735  0.0143726
15  2.38761  0.0708572  0.0299804
15  2.45044  0.0487173  0.0202077
15  2.51327  0.0551251  0.0354639
15  2.57611  0.227533  0.207914
15  2.63894  0  0
15  2.70177  0  0
15  2.7646  0  0
15  2.82743  0  0
15  2.89027  0  0
15  2.9531  0  0
15  3.01593  0  0
15  3.07876  0  0
15.5  0  0  0
15.5  0.0628319  0  0
15.5  0.125664  0  0
15.5  0.188496  0  0
15.5  0.251327  0  0
15.5  0.314159  0  0
15.5  0.376991  0  0
15.5  0.439823  0  0
15.5  0.502655  0.0783089  0.123973
15.5  0.565487  0.0653861  0.0493536
15.5  0.628319  0.0578865  0.0342844
15.5  0.69115  0.0604736  0.0265622
15.5  0.753982  0.0566821  0.014792
15.5  0.816814  0.0538952  0.00992785
15.5  0.879646  0.0604814  0.0122432
15.5  0.942478  0.0657033  0.0132061
15.5  1.00531  0.0741443  0.0197185
15.5  1.06814  0.0771471  0.0186723
15.5  1.13097  0.0868278  0.0234128
15.5  1.19381  0.091457  0.0298537
15.5  1.25664  0.102916  0.0334384
15.5  1.31947  0.126146  0.0649243
15.5  1.3823  0.10797  0.0402656
15.5  1.44513  0.0951467  0.0299562
15.5  1.50796  0.104004  0.0340125
15.5  1.5708  0.110391  0.0442988
15.5  1.63363  0.10302  0.037507
15.5  1.69646  0.104663  0.0369424
15.5  1.75929  0.119503  0.0472019
15.5  1.82212  0.0845878  0.0275619
15.5  1.88496  0.10433  0.0355
15.5  1.94779  0.0841722  0.02482
15.5  2.01062  0.0741638  0.0169227
15.5  2.07345  0.0814004  0.0239827
15.5  2.13628  0.0744287  0.0189218
15.5  2.19911  0.0599094  0.0130593
15.5  2.26195  0.059771  0.0137105
15.5  2.32478  0.0567572  0.0146125
15.5  2.38761  0.0570816  0.0193137
15.5  2.45044  0.0592803  0.0263278
15.5  2.51327  0.0628234  0.0636876
15.5  2.57611  0.0802561  0.104443
15.5  2.63894  0  0
15.5  2.70177  0  0
15.5  2.7646  0  0
15.5  2.82743  0  0
15.5  2.89027  0  0
15.5  2.9531  0  0
15.5  3.01593  0  0
15.5  3.07876  0  0
16  0  0  0
16  0.0628319  0  0
16  0.125664  0  0
16  0.188496  0  0
16  0.251327  0  0
16  0.314159  0  0
16  0.376991  0  0
16  0.439823  0  0
16  0.502655  0.0743031  0.0961112
16  0.565487  0.0658525  0.058711
16  0.628319  0.0616844  0.0397877
16  0.69115  0.0600186  0.0230706
16  0.753982  0.0480663  0.0104936
16  0.816814  0.0634975  0.0161989
16  0.879646  0.0582719  0.0113408
16  0.942478  0.070663  0.0165534
16  1.00531  0.0780135  0.0216351
16  1.06814  0.081832  0.0213075
16  1.13097  0.107502  0.0392763
16  1.19381  0.117329  0.0510764
16  1.25664  0.0914781  0.0277582
16  1.31947  0.106238  0.0359241
16  1.3823  0.11751  0.0482372
16  1.44513  0.11445  0.0475008
16  1.50796  0.113395  0.0410917
16  1.5708  0.112323  0.0442994
16  1.63363  0.120782  0.0519219
16  1.69646  0.117066  0.045492
16  1.75929  0.116882  0.0484239
16  1.82212  0.0917911  0.0256016
16  1.88496  0.106349  0.0375255
16  1.94779  0.0964519  0.031142
16  2.01062  0.0868545  0.0245745
16  2.07345  0.0799768  0.0222555
16  2.13628  0.0639779  0.0135339
16  2.19911  0.0649949  0.0150839
16  2.26195  0.0545452  0.0121874
16  2.32478  0.0542158  0.0128367
16  2.38761  0.0565945  0.0186016
16  2.45044  0.0465703  0.019048
16  2.51327  0.0806464  0.129412
16  2.57611  0.0978902  0.126862
16  2.63894  0  0
16  2.70177  0  0
16  2.7646  0  0
16  2.82743  0  0
16  2.89027  0  0
16  2.9531  0  0
16  3.01593  0  0
16  3.07876  0  0
16.5  0  0  0
16.5  0.0628319  0  0
16.5  0.125664  0  0
16.5  0.188496  0  0
16.5  0.251327  0  0
16.5  0.314159  0  0
16.5  0.376991  0  0
16.5  0.439823  0  0
16.5  0.502655  0.0498027  0.0440723
16.5  0.565487  0.0596379  0.0369208
16.5  0.628319  0.056736  0.0261397
16.5  0.69115  0.0517026  0.0160698
16.5  0.753982  0.0570639  0.015067
16.5  0.816814  0.0543381  0.0114647
16.5  0.879646  0.0541819  0.00897367
16.5  0.942478  0.0729863  0.0184288
16.5  1.00531  0.0853075  0.0211407
16.5  1.06814  0.0883308  0.0249626
16.5  1.13097  0.084456  0.0206069
16.5  1.19381  0.0985728  0.0312334
16.5  1.25664  0.104088  0.037228
16.5  1.31947  0.111179  0.0402172
16.5  1.3823  0.116326  0.0431776
16.5  1.44513  0.108761  0.0387166
16.5  1.50796  0.11125  0.0376169
16.5  1.5708  0.107574  0.0410752
16.5  1.63363  0.110461  0.0395358
16.5  1.69646  0.110102  0.0441683
16.5  1.75929  0.112107  0.0401062
16.5  1.82212  0.0930541  0.0304169
16.5  1.88496  0.109919  0.0438754
16.5  1.94779  0.100554  0.031304
16.5  2.01062  0.0843197  0.0246156
16.5  2.07345  0.0733634  0.0190219
16.5  2.13628  0.0704849  0.0168309
16.5  2.19911  0.0583491  0.0115727
16.5  2.26195  0.0569227  0.0117455
16.5  2.32478  0.0611121  0.0180026
16.5  2.38761  0.0562587  0.0224477
16.5  2.45044  0.0439676  0.0150865
16.5  2.51327  0.0652906  0.0546226
16.5  2.57611  0.0458867  0.0820769
16.5  2.63894  0  0
16.5  2.70177  0  0
16.5  2.7646  0  0
16.5  2.82743  0  0
16.5  2.89027  0  0
16.5  2.9531  0  0
16.5  3.01593  0  0
16.5  3.07876  0  0
17  0  0  0
17  0.0628319  0  0
17  0.125664  0  0
17  0.188496  0  0
17  0.251327  0  0
17  0.314159  0  0
17  0.376991  0  0
17  0.439823  0.258759  1.70226
17  0.502655  0.0893396  0.0833767
17  0.565487  0.0534276  0.0410649
17  0.628319  0.0747994  0.0532266
17  0.69115  0.0615904  0.0252512
17  0.753982  0.0543948  0.0143158
17  0.816814  0.0555129  0.0107091
17  0.879646  0.0660516  0.0146533
17  0.942478  0.0660254  0.0132792
17  1.00531  0.0881063  0.0245181
17  1.06814  0.0895618  0.0251215
17  1.13097  0.0878857  0.0237071
17  1.19381  0.0789553  0.0188439
17  1.25664  0.0878087  0.0222536
17  1.31947  0.0975632  0.0308139
17  1.3823  0.112003  0.0383734
17  1.44513  0.0916667  0.0263272
17  1.50796  0.11185  0.0405129
17  1.5708  0.104921  0.0322099
17  1.63363  0.105431  0.0346825
17  1.69646  0.115258  0.0445284
17  1.75929  0.103713  0.0334383
17  1.82212  0.0970576  0.0348948
17  1.88496  0.109475  0.0393297
17  1.94779  0.0896337  0.0274892
17  2.01062  0.104108  0.0375585
17  2.07345  0.0723972  0.0169321
17  2.13628  0.0673643  0.013949
17  2.19911  0.0596124  0.0119936
17  2.26195  0.0519446  0.00954057
17  2.32478  0.0525872  0.0114506
17  2.38761  0.0607592  0.0249449
17  2.45044  0.0493168  0.0164622
17  2.51327  0.0455174  0.024235
17  2.57611  0.0480683  0.0475357
17  2.63894  0  0
17  2.70177  0  0
17  2.7646  0  0
17  2.82743  0  0
17  2.89027  0  0
17  2.9531  0  0
17  3.01593  0  0
17  3.07876  0  0
17.5  0  0  0
17.5  0.0628319  0  0
17.5  0.125664  0  0
17.5  0.188496  0  0
17.5  0.251327  0  0
17.5  0.314159  0  0
17.5  0.376991  0  0
17.5  0.439823  0.105492  0.10045
17.5  0.502655  0.130206  0.13034
17.5  0.565487  0.0887411  0.0840483
17.5  0.628319  0.0641763  0.0337862
17.5  0.69115  0.0551403  0.0185624
17.5  0.753982  0.051198  0.0115266
17.5  0.816814  0.0561783  0.0113102
17.5  0.879646  0.0588889  0.0120354
17.5  0.942478  0.0699407  0.0156673
17.5  1.00531  0.0907099  0.0272771
17.5  1.06814  0.0696637  0.0148203
17.5  1.13097  0.0877865  0.0225104
17.5  1.19381  0.102457  0.0389252
17.5  1.25664  0.0980013  0.02513
17.5  1.31947  0.0979296  0.0290622
17.5  1.3823  0.100261  0.0293427
17.5  1.44513  0.11938  0.0453909
17.5  1.50796  0.115418  0.04298
17.5  1.5708  0.107119  0.0354683
17.5  1.63363  0.104979  0.0314103
17.5  1.69646  0.110184  0.0432606
17.5  1.75929  0.10298  0.0318149
17.5  1.82212  0.0872189  0.022421
17.5  1.88496  0.117908  0.0475471
17.5  1.94779  0.091218  0.0266719
17.5  2.01062  0.0900969  0.0267653
17.5  2.07345  0.0822862  0.0201026
17.5  2.13628  0.0593224  0.0103434
17.5  2.19911  0.0620795  0.0117071
17.5  2.26195  0.0579486  0.0120549
17.5  2.32478  0.0474351  0.0115397
17.5  2.38761  0.0565108  0.0205988
17.5  2.45044  0.069331  0.0496516
17.5  2.51327  0.057273  0.0389618
17.5  2.57611  0.0553845  0.0564253
17.5  2.63894  0.322814  0.232309
17.5  2.70177  0  0
17.5  2.7646  0  0
17.5  2.82743  0  0
17.5  2.89027  0  0
17.5  2.9531  0  0
17.5  3.01593  0  0
17.5  3.07876  0  0
18  0  0  0
18  0.0628319  0  0
18  0.125664  0  0
18  0.188496  0  0
18  0.251327  0  0
18  0.314159  0  0
18  0.376991  0  0
18  0.439823  0.162481  0.153986
18  0.502655  0.0417993  0.0269189
18  0.565487  0.0695679  0.0603404
18  0.628319  0.0560766  0.0273933
18  0.69115  0.057312  0.01895
18  0.753982  0.0581224  0.0130018
18  0.816814  0.0561389  0.0125235
18  0.879646  0.0679405  0.0153051
18  0.942478  0.0681909  0.0153793
18  1.00531  0.0741251  0.0155717
18  1.06814  0.0794985  0.0190627
18  1.13097  0.0934235  0.0277824
18  1.19381  0.0907368  0.025349
18  1.25664  0.0999944  0.0296257
18  1.31947  0.132076  0.0707589
18  1.3823  0.094565  0.0276649
18  1.44513  0.106265  0.032987
18  1.50796  0.101034  0.0290834
18  1.5708  0.105664  0.0351399
18  1.63363  0.0999239  0.0284231
18  1.69646  0.0946093  0.023247
18  1.75929  0.103212  0.0406628
18  1.82212  0.0892404  0.0249292
18  1.88496  0.0893713  0.0214803
18  1.94779  0.086275  0.0231437
18  2.01062  0.0826184  0.0185726
18  2.07345  0.0790613  0.0183279
18  2.13628  0.0626788  0.0107399
18  2.19911  0.0658744  0.0149224
18  2.26195  0.0622036  0.0132974
18  2.32478  0.0457518  0.00959682
18  2.38761  0.0569523  0.0201717
18  2.45044  0.0766523  0.0444664
18  2.51327  0.0495996  0.0300285
18  2.57611  0.0329093  0.0174356
18  2.63894  0.108228  0.0737415
18  2.70177  0  0
18  2.7646  0  0
18  2.82743  0  0
18  2.89027  0  0
18  2.9531  0  0
18  3.01593  0  0
18  3.07876  0  0
18.5  0  0  0
18.5  0.0628319  0  0
18.5  0.125664  0  0
18.5  0.188496  0  0
18.5  0.251327  0  0
18.5  0.314159  0  0
18.5  0.376991  0  0
18.5  0.439823  0.136934  0.134199
18.5  0.502655  0.064682  0.108234
18.5  0.565487  0.0756767  0.0698571
18.5  0.628319  0.0705194  0.0367767
18.5  0.69115  0.0556034  0.0189996
18.5  0.753982  0.0610168  0.018483
18.5  0.816814  0.0596728  0.0128504
18.5  0.879646  0.0571376  0.0110009
18.5  0.942478  0.0659531  0.0133433
18.5  1.00531  0.0851824  0.0218783
18.5  1.06814  0.0759648  0.0171199
18.5  1.13097  0.0787168  0.0175747
18.5  1.19381  0.0871368  0.0212169
18.5  1.25664  0.103189  0.0331509
18.5  1.31947  0.106559  0.0368211
18.5  1.3823  0.117626  0.0519264
18.5  1.44513  0.113049  0.0412843
18.5  1.50796  0.0963531  0.0271189
18.5  1.5708  0.108287  0.0373075
18.5  1.63363  0.106295  0.03958
18.5  1.69646  0.0992342  0.0288015
18.5  1.75929  0.0959495  0.0306028
18.5  1.82212  0.0927513  0.0263594
18.5  1.88496  0.000284405  0.274474
18.5  1.94779  0.079691  0.0178146
18.5  2.01062  0.0779184  0.0198922
18.5  2.07345  0.070298  0.015024
18.5  2.13628  0.0714036  0.0156353
18.5  2.19911  0.0620126  0.0122241
18.5  2.26195  0.0485181  0.00821233
18.5  2.32478  0.0462178  0.00992953
18.5  2.38761  0.0512708  0.0161485
18.5  2.45044  0.0678961  0.0404273
18.5  2.51327  0.0580027  0.0403916
18.5  2.57611  0.0973162  0.10122
18.5  2.63894  0.0546298  0.0759807
18.5  2.70177  0  0
18.5  2.7646  0  0
18.5  2.82743  0  0
18.5  2.89027  0  0
18.5  2.9531  0  0
18.5  3.01593  0  0
18.5  3.07876  0  0
19  0  0  0
19  0.0628319  0  0
19  0.125664  0  0
19  0.188496  0  0
19  0.251327  0  0
19  0.314159  0  0
19  0.376991  0  0
19  0.439823  0.0970689  0.121247
19  0.502655  0.0430257  0.0374171
19  0.565487  0.0669123  0.0586189
19  0.628319  0.0992516  0.0802846
19  0.69115  0.0500072  0.0129162
19  0.753982  0.0551691  0.0130452
19  0.816814  0.0612714  0.0126059
19  0.879646  0.0683228  0.0146471
19  0.942478  0.0652971  0.0118809
19  1.00531  0.0725277  0.0143565
19  1.06814  0.0907457  0.0227131
19  1.13097  0.0966043  0.0266623
19  1.19381  0.0875564  0.0221038
19  1.25664  0.0986534  0.0290862
19  1.31947  0.0951886  0.0274444
19  1.3823  0.0915286  0.0248837
19  1.44513  0.115967  0.0429871
19  1.50796  0.0932412  0.0272944
19  1.5708  0.106537  0.039656
19  1.63363  0.104689  0.0326647
19  1.69646  0.126007  0.0541633
19  1.75929  0.0902268  0.0245337
19  1.82212  0.102919  0.032377
19  1.88496  0.08176  0.0188415
19  1.94779  0.0852576  0.0203354
19  2.01062  0.0813584  0.0192744
19  2.07345  0.0748095  0.0162355
19  2.13628  0.0676106  0.013886
19  2.19911  0.0740744  0.0158687
19  2.26195  0.0572899  0.0110661
19  2.32478  0.0507773  0.0106256
19  2.38761  0.0551081  0.0185348
19  2.45044  0.049298  0.0172864
19  2.51327  0.0627655  0.0447481
19  2.57611  0.0557996  0.0521185
19  2.63894  0.0548395  0.0838192
19  2.70177  0  0
19  2.7646  0  0
19  2.82743  0  0
19  2.89027  0  0
19  2.9531  0  0
19  3.01593  0  0
19  3.07876  0  0
19.5  0  0  0
19.5  0.0628319  0  0
19.5  0.125664  0  0
19.5  0.188496  0  0
19.5  0.251327  0  0
19.5  0.314159  0  0
19.5  0.376991  0.259062  1.67946
19.5  0.439823  0.068668  0.0778997
19.5  0.502655  0.103141  0.128277
19.5  0.565487  0.0453132  0.0289997
19.5  0.628319  0.0523065  0.0192914
19.5  0.69115  0.0487919  0.0133774
19.5  0.753982  0.0518541  0.0115684
19.5  0.816814  0.0691298  0.0165226
19.5  0.879646  0.0541995  0.00861727
19.5  0.942478  0.064444  0.0118138
19.5  1.00531  0.0830365  0.0199419
19.5  1.06814  0.077859  0.0170531
19.5  1.13097  0.106952  0.0387467
19.5  1.19381  0.0949603  0.0262524
19.5  1.25664  0.0856252  0.0228275
19.5  1.31947  0.107806  0.0392151
19.5  1.3823  0.0946776  0.0276848
19.5  1.44513  0.1143  0.0448305
19.5  1.50796  0.102115  0.0286049
19.5  1.5708  0.115831  0.0418043
19.5  1.63363  0.0920701  0.0252738
19.5  1.69646  0.1084  0.0345115
19.5  1.75929  0.118198  0.0475333
19.5  1.82212  0.0952747  0.0264767
19.5  1.88496  0.116654  0.0467588
19.5  1.94779  0.0839071  0.0192134
19.5  2.01062  0.0950467  0.028745
19.5  2.07345  0.0809219  0.0194119
19.5  2.13628  0.0687263  0.0140355
19.5  2.19911  0.0616331  0.0107094
19.5  2.26195  0.0592624  0.0122315
19.5  2.32478  0.0674983  0.0203757
19.5  2.38761  0.0624262  0.0188275
19.5  2.45044  0.0522038  0.0253138
19.5  2.51327  0.0952829  0.106823
19.5  2.57611  0.0685331  0.116192
19.5  2.63894  0.0337014  0.0362213
19.5  2.70177  0  0
19.5  2.7646  0  0
19.5  2.82743  0  0
19.5  2.89027  0  0
19.5  2.9531  0  0
19.5  3.01593  0  0
19.5  3.07876  0  0
20  0  0  0
20  0.0628319  0  0
20  0.125664  0  0
20  0.188496  0  0
20  0.251327  0  0
20  0.314159  0  0
20  0.376991  0  0
20  0.439823  0.0995447  0.118123
20  0.502655  0.0712713  0.0615536
20  0.565487  0.0485597  0.0289993
20  0.628319  0.0551642  0.0253408
20  0.69115  0.0579394  0.0205283
20  0.753982  0.0665689  0.0171098
20  0.816814  0.0585868  0.0115961
20  0.879646  0.0707194  0.0137328
20  0.942478  0.0718876  0.016106
20  1.00531  0.0746714  0.0172894
20  1.06814  0.0844522  0.0184107
20  1.13097  0.0762697  0.0158792
20  1.19381  0.100909  0.0318157
20  1.25664  0.0893232  0.0219616
20  1.31947  0.132004  0.0670746
20  1.3823  0.113895  0.0449447
20  1.44513  0.102826  0.0318475
20  1.50796  0.104408  0.0331063
20  1.5708  0.108831  0.036733
20  1.63363  0.0888988  0.0236838
20  1.69646  0.107462  0.0426379
20  1.75929  0.10135  0.0339568
20  1.82212  0.118389  0.0487042
20  1.88496  0.092937  0.0264528
20  1.94779  0.087196  0.0233374
20  2.01062  0.0915335  0.0242228
20  2.07345  0.0771122  0.0166943
20  2.13628  0.0746315  0.0148913
20  2.19911  0.0605915  0.0104335
20  2.26195  0.0617785  0.0122296
20  2.32478  0.065309  0.0168777
20  2.38761  0.0837459  0.0405129
20  2.45044  0.0782974  0.0498212
20  2.51327  0.0606982  0.0507032
20  2.57611  0.0502345  0.0410991
20  2.63894  0.108942  0.0614193
20  2.70177  0  0
20  2.7646  0  0
20  2.82743  0  0
20  2.89027  0  0
20  2.9531  0  0
20  3.01593  0  0
20  3.07876  0  0
20.5  0  0  0
20.5  0.0628319  0  0
20.5  0.125664  0  0
20.5  0.188496  0  0
20.5  0.251327  0  0
20.5  0.314159  0  0
20.5  0.376991  0.147457  1.30844
20.5  0.439823  0.0388817  0.0394745
20.5  0.502655  0.0472898  0.0358604
20.5  0.565487  0.0676705  0.0561803
20.5  0.628319  0.052439  0.0211782
20.5  0.69115  0.0555205  0.0196053
20.5  0.753982  0.0559577  0.0127316
20.5  0.816814  0.0558341  0.00988164
20.5  0.879646  0.0581485  0.00951799
20.5  0.942478  0.0714146  0.0152737
20.5  1.00531  0.0704093  0.0143144
20.5  1.06814  0.0830719  0.0221356
20.5  1.13097  0.0852756  0.0218776
20.5  1.19381  0.0980674  0.0295002
20.5  1.25664  0.0990042  0.0282912
20.5  1.31947  0.0939322  0.0250919
20.5  1.3823  0.106231  0.0333795
20.5  1.44513  0.115208  0.0435272
20.5  1.50796  0.109663  0.038388
20.5  1.5708  0.115136  0.0419551
20.5  1.63363  0.114489  0.0459798
20.5  1.69646  0.0986992  0.0288184
20.5  1.75929  0.110386  0.0371572
20.5  1.82212  0.0969775  0.0279852
20.5  1.88496  0.0915123  0.0239609
20.5  1.94779  0.0748121  0.0163148
20.5  2.01062  0.0812293  0.0181979
20.5  2.07345  0.0792255  0.0197497
20.5  2.13628  0.0628801  0.00944282
20.5  2.19911  0.0651567  0.0113287
20.5  2.26195  0.0610217  0.0128184
20.5  2.32478  0.0472631  0.00869852
20.5  2.38761  0.059174  0.0180722
20.5  2.45044  0.0738989  0.0489514
20.5  2.51327  0.091609  0.139654
20.5  2.57611  0.0817774  0.127125
20.5  2.63894  0.048647  0.0505636
20.5  2.70177  0  0
20.5  2.7646  0  0
20.5  2.82743  0  0
20.5  2.89027  0  0
20.5  2.9531  0  0
20.5  3.01593  0  0
20.5  3.07876  0  0
21  0  0  0
21  0.0628319  0  0
21  0.125664  0  0
21  0.188496  0  0
21  0.251327  0  0
21  0.314159  0  0
21  0.376991  0.255098  1.96439
21  0.439823  0.137787  0.130009
21  0.502655  0.0408362  0.0298211
21  0.565487  0.0532485  0.0267625
21  0.628319  0.0562972  0.023577
21  0.69115  0.0594736  0.019127
21  0.753982  0.0606179  0.015081
21  0.816814  0.0634918  0.0139896
21  0.879646  0.0582955  0.00914635
21  0.942478  0.0765659  0.015946
21  1.00531  0.0714587  0.0153323
21  1.06814  0.0795924  0.0172491
21  1.13097  0.0902593  0.0259882
21  1.19381  0.0988905  0.030129
21  1.25664  0.100064  0.0277984
21  1.31947  0.0911722  0.0227413
21  1.3823  0.102347  0.0315222
21  1.44513  0.104453  0.0359335
21  1.50796  0.109002  0.0327015
21  1.5708  0.108678  0.0340527
21  1.63363  0.106441  0.0358352
21  1.69646  0.10034  0.0310969
21  1.75929  0.12818  0.0610822
21  1.82212  0.107468  0.0358149
21  1.88496  0.0962448  0.0279004
21  1.94779  0.0901605  0.0261754
21  2.01062  0.0738562  0.0142858
21  2.07345  0.0722731  0.0144319
21  2.13628  0.071026  0.0132337
21  2.19911  0.0698033  0.0134936
21  2.26195  0.0596888  0.0115231
21  2.32478  0.058018  0.0159652
21  2.38761  0.0575916  0.0183743
21  2.45044  0.0850356  0.0590654
21  2.51327  0.0732034  0.0665165
21  2.57611  0.0564276  0.0497986
21  2.63894  0.0531144  0.0920867
21  2.70177  0.00174587  0.012811
21  2.7646  0  0
21  2.82743  0  0
21  2.89027  0  0
21  2.9531  0  0
21  3.01593  0  0
21  3.07876  0  0
21.5  0  0  0
21.5  0.0628319  0  0
21.5  0.125664  0  0
21.5  0.188496  0  0
21.5  0.251327  0  0
21.5  0.314159  0  0
21.5  0.376991  0.104051  0.0535325
21.5  0.439823  0.0681047  0.10383
21.5  0.502655  0.0647725  0.0603431
21.5  0.565487  0.109469  0.157881
21.5  0.628319  0.0625568  0.0338225
21.5  0.69115  0.0583952  0.0180793
21.5  0.753982  0.0548268  0.010955
21.5  0.816814  0.0508673  0.00897429
21.5  0.879646  0.064273  0.0111887
21.5  0.942478  0.0666002  0.0122513
21.5  1.00531  0.0708523  0.0149741
21.5  1.06814  0.0811833  0.0182284
21.5  1.13097  0.0758823  0.0155677
21.5  1.19381  0.106975  0.0332336
21.5  1.25664  0.103401  0.0310342
21.5  1.31947  0.111313  0.0375637
21.5  1.3823  0.10292  0.0282562
21.5  1.44513  0.0916835  0.0212609
21.5  1.50796  0.10401  0.0335717
21.5  1.5708  0.0924959  0.0232773
21.5  1.63363  0.128  0.0641008
21.5  1.69646  0.0962322  0.0214715
21.5  1.75929  0.0886876  0.0224622
21.5  1.82212  0.0976896  0.0289873
21.5  1.88496  0.0902976  0.0245806
21.5  1.94779  0.086451  0.0215959
21.5  2.01062  0.0802875  0.0177014
21.5  2.07345  0.0694935  0.0128866
21.5  2.13628  0.0655477  0.0114997
21.5  2.19911  0.0732785  0.0159601
21.5  2.26195  0.064637  0.013364
21.5  2.32478  0.0540201  0.0105371
21.5  2.38761  0.0459243  0.00967765
21.5  2.45044  0.0562496  0.0245308
21.5  2.51327  0.107809  0.155175
21.5  2.57611  0.057832  0.0506215
21.5  2.63894  0.0965437  0.0949226
21.5  2.70177  0.0323558  0.0568074
21.5  2.7646  0  0
21.5  2.82743  0  0
21.5  2.89027  0  0
21.5  2.9531  0  0
21.5  3.01593  0  0
21.5  3.07876  0  0
22  0  0  0
22  0.0628319  0  0
22  0.125664  0  0
22  0.188496  0  0
22  0.251327  0  0
22  0.314159  0  0
22  0.376991  0.057751  0.0308227
22  0.439823  0.090587  0.104193
22  0.502655  0.0623097  0.0567318
22  0.565487  0.0593678  0.0426138
22  0.628319  0.0689975  0.0362406
22  0.69115  0.0737449  0.0267552
22  0.753982  0.0615222  0.0148689
22  0.816814  0.0652446  0.0140114
22  0.879646  0.0715059  0.0136555
22  0.942478  0.0616945  0.0108948
22  1.00531  0.0735275  0.0144068
22  1.06814  0.0830049  0.0178938
22  1.13097  0.0853254  0.0228592
22  1.19381  0.0870656  0.0221486
22  1.25664  0.0976317  0.0259634
22  1.31947  0.0949187  0.0252586
22  1.3823  0.0794362  0.0186806
22  1.44513  0.110194  0.0376095
22  1.50796  0.118219  0.0460482
22  1.5708  0.112876  0.0438742
22  1.63363  0.122269  0.0521844
22  1.69646  0.104296  0.0314055
22  1.75929  0.110176  0.0393123
22  1.82212  0.0878643  0.0220043
22  1.88496  0.0897902  0.023732
22  1.94779  0.0853517  0.0187898
22  2.01062  0.0780661  0.0183595
22  2.07345  0.0730929  0.0140352
22  2.13628  0.0690973  0.013449
22  2.19911  0.0658282  0.0116088
22  2.26195  0.0651583  0.0132091
22  2.32478  0.0645854  0.013064
22  2.38761  0.0585139  0.0194736
22  2.45044  0.082885  0.0505035
22  2.51327  0.0696885  0.0554788
22  2.57611  0.080471  0.126814
22  2.63894  0.0682368  0.07527
22  2.70177  0.0195212  0.0294303
22  2.7646  0  0
22  2.82743  0  0
22  2.89027  0  0
22  2.9531  0  0
22  3.01593  0  0
22  3.07876  0  0
22.5  0  0  0
22.5  0.0628319  0  0
22.5  0.125664  0  0
22.5  0.188496  0  0
22.5  0.251327  0  0
22.5  0.314159  0  0
22.5  0.376991  0.130518  0.0845081
22.5  0.439823  0.0735756  0.0906595
22.5  0.502655  0.105407  0.145653
22.5  0.565487  0.0775373  0.0571375
22.5  0.628319  0.0571915  0.0247324
22.5  0.69115  0.061964  0.0187103
22.5  0.753982  0.0640663  0.0155073
22.5  0.816814  0.0551093  0.00896348
22.5  0.879646  0.0666754  0.0126286
22.5  0.942478  0.0693761  0.0140186
22.5  1.00531  0.0793191  0.0182744
22.5  1.06814  0.0863082  0.0224008
22.5  1.13097  0.0942427  0.0277109
22.5  1.19381  0.0909135  0.0256662
22.5  1.25664  0.108854  0.0410212
22.5  1.31947  0.100023  0.0326008
22.5  1.3823  0.11285  0.0443691
22.5  1.44513  0.107077  0.0391692
22.5  1.50796  0.111243  0.0383346
22.5  1.5708  0.102523  0.0316868
22.5  1.63363  0.113986  0.0462704
22.5  1.69646  0.122206  0.0569867
22.5  1.75929  0.0886165  0.025769
22.5  1.82212  0.0976753  0.0280038
22.5  1.88496  0.0989874  0.0314185
22.5  1.94779  0.0910267  0.0234793
22.5  2.01062  0.0780015  0.0176618
22.5  2.07345  0.0736675  0.0151134
22.5  2.13628  0.0742932  0.0159455
22.5  2.19911  0.0592091  0.0102237
22.5  2.26195  0.062066  0.0115687
22.5  2.32478  0.0601844  0.0127529
22.5  2.38761  0.0614713  0.0184034
22.5  2.45044  0.0879738  0.0610112
22.5  2.51327  0.0697319  0.0503057
22.5  2.57611  0.0551747  0.0368908
22.5  2.63894  0.151785  0.126173
22.5  2.70177  0.0401722  0.0689262
22.5  2.7646  0  0
22.5  2.82743  0  0
22.5  2.89027  0  0
22.5  2.9531  0  0
22.5  3.01593  0  0
22.5  3.07876  0  0
23  0  0  0
23  0.0628319  0  0
23  0.125664  0  0
23  0.188496  0  0
23  0.251327  0  0
23  0.314159  0  0
23  0.376991  0.0974632  0.0607775
23  0.439823  0.0561756  0.0879752
23  0.502655  0.0742084  0.0663636
23  0.565487  0.076173  0.0542545
23  0.628319  0.0651239  0.0269891
23  0.69115  0.0652181  0.0230438
23  0.753982  0.0562817  0.012011
23  0.816814  0.0583646  0.0110026
23  0.879646  0.0691245  0.0123169
23  0.942478  0.0689742  0.0125149
23  1.00531  0.0822567  0.0203154
23  1.06814  0.0804097  0.0160826
23  1.13097  0.0873014  0.0211711
23  1.19381  0.102841  0.0306589
23  1.25664  0.102692  0.0331032
23  1.31947  0.105497  0.0363223
23  1.3823  0.118604  0.046145
23  1.44513  0.0930251  0.0220404
23  1.50796  0.112595  0.0403337
23  1.5708  0.102463  0.0298027
23  1.63363  0.0955957  0.0250818
23  1.69646  0.0923926  0.0262264
23  1.75929  0.102478  0.0303445
23  1.82212  0.107193  0.0336099
23  1.88496  0.0975717  0.0273041
23  1.94779  0.0860508  0.0208167
23  2.01062  0.0853076  0.0197661
23  2.07345  0.071231  0.0130252
23  2.13628  0.0666112  0.0118453
23  2.19911  0.0651914  0.0127362
23  2.26195  0.0588172  0.0112442
23  2.32478  0.0606399  0.0145608
23  2.38761  0.0685721  0.0220971
23  2.45044  0.0691359  0.033952
23  2.51327  0.0647069  0.0422685
23  2.57611  0.0771401  0.0707239
23  2.63894  0.0501185  0.0921189
23  2.70177  0.153867  0.148222
23  2.7646  0  0
23  2.82743  0  0
23  2.89027  0  0
23  2.9531  0  0
23  3.01593  0  0
23  3.07876  0  0
23.5  0  0  0
23.5  0.0628319  0  0
23.5  0.125664  0  0
23.5  0.188496  0  0
23.5  0.251327  0  0
23.5  0.314159  0  0
23.5  0.376991  0.121516  0.121626
23.5  0.439823  0.110217  0.0801406
23.5  0.502655  0.0604277  0.0517129
23.5  0.565487  0.0585008  0.0348762
23.5  0.628319  0.0844172  0.0402676
23.5  0.69115  0.0666712  0.0196971
23.5  0.753982  0.0674565  0.0166108
23.5  0.816814  0.0559932  0.0106183
23.5  0.879646  0.061795  0.0109176
23.5  0.942478  0.0724485  0.0124601
23.5  1.00531  0.0764479  0.0166367
23.5  1.06814  0.0865374  0.0223258
23.5  1.13097  0.0815989  0.0170032
23.5  1.19381  0.0874417  0.0214792
23.5  1.25664  0.0890356  0.0240608
23.5  1.31947  0.0980381  0.026928
23.5  1.3823  0.101896  0.030876
23.5  1.44513  0.0919155  0.0232819
23.5  1.50796  0.0968962  0.0267221
23.5  1.5708  0.102693  0.0278022
23.5  1.63363  0.0960111  0.0283791
23.5  1.69646  0.102391  0.0308511
23.5  1.75929  0.0985643  0.0263613
23.5  1.82212  0.0912597  0.0265814
23.5  1.88496  0.0814287  0.0188665
23.5  1.94779  0.0941316  0.026424
23.5  2.01062  0.0890798  0.0219049
23.5  2.07345  0.0803314  0.0176153
23.5  2.13628  0.0702739  0.0137318
23.5  2.19911  0.0594197  0.0103204
23.5  2.26195  0.0602757  0.0111022
23.5  2.32478  0.0618253  0.0181673
23.5  2.38761  0.06685  0.0223268
23.5  2.45044  0.0576901  0.0222858
23.5  2.51327  0.0491286  0.0260175
23.5  2.57611  0.0985354  0.082923
23.5  2.63894  0.114429  0.132136
23.5  2.70177  0.0764789  0.0847878
23.5  2.7646  0.238292  1.32222
23.5  2.82743  0  0
23.5  2.89027  0  0
23.5  2.9531  0  0
23.5  3.01593  0  0
23.5  3.07876  0  0
24  0  0  0
24  0.0628319  0  0
24  0.125664  0  0
24  0.188496  0  0
24  0.251327  0  0
24  0.314159  0  0
24  0.376991  0.0945862  0.0897495
24  0.439823  0.0414399  0.0311893
24  0.502655  0.0853475  0.126276
24  0.565487  0.0470887  0.0206075
24  0.628319  0.0609017  0.0242014
24  0.69115  0.0573901  0.0174425
24  0.753982  0.0652656  0.0162952
24  0.816814  0.0526429  0.00781584
24  0.879646  0.057991  0.00956878
24  0.942478  0.0615297  0.00966104
24  1.00531  0.0652929  0.0131435
24  1.06814  0.0886784  0.0250804
24  1.13097  0.0935046  0.0235316
24  1.19381  0.0850449  0.020613
24  1.25664  0.10285  0.0330741
24  1.31947  0.097671  0.0277881
24  1.3823  0.118279  0.0479219
24  1.44513  0.106232  0.0379663
24  1.50796  0.105435  0.0299112
24  1.5708  0.109793  0.0372054
24  1.63363  0.116939  0.0469359
24  1.69646  0.108243  0.0376776
24  1.75929  0.088972  0.0235224
24  1.82212  0.102125  0.0334264
24  1.88496  0.0990349  0.0296178
24  1.94779  0.0912039  0.024315
24  2.01062  0.0747377  0.0143714
24  2.07345  0.0788408  0.0168588
24  2.13628  0.0734324  0.0156494
24  2.19911  0.0577191  0.00879329
24  2.26195  0.064799  0.0134223
24  2.32478  0.0559818  0.0120166
24  2.38761  0.0788221  0.029792
24  2.45044  0.0631043  0.0306507
24  2.51327  0.0580265  0.0311681
24  2.57611  0.0579193  0.0432825
24  2.63894  0.0818641  0.127593
24  2.70177  0.0535413  0.0865017
24  2.7646  0  0
24  2.82743  0  0
24  2.89027  0  0
24  2.9531  0  0
24  3.01593  0  0
24  3.07876  0  0
24.5  0  0  0
24.5  0.0628319  0  0
24.5  0.125664  0  0
24.5  0.188496  0  0
24.5  0.251327  0  0
24.5  0.314159  0.216943  2.0702
24.5  0.376991  0.0922683  0.11616
24.5  0.439823  0.0597156  0.0989873
24.5  0.502655  0.0636489  0.0563917
24.5  0.565487  0.0645149  0.0372634
24.5  0.628319  0.0745116  0.036357
24.5  0.69115  0.0621896  0.0199057
24.5  0.753982  0.0616296  0.014301
24.5  0.816814  0.0499569  0.00884945
24.5  0.879646  0.0529316  0.00778647
24.5  0.942478  0.0703165  0.014234
24.5  1.00531  0.0678007  0.0119199
24.5  1.06814  0.0834477  0.0189709
24.5  1.13097  0.0899646  0.0224229
24.5  1.19381  0.0966714  0.0269564
24.5  1.25664  0.115654  0.0462024
24.5  1.31947  0.0915368  0.0255485
24.5  1.3823  0.109663  0.0375237
24.5  1.44513  0.0977245  0.0277729
24.5  1.50796  0.112193  0.0376031
24.5  1.5708  0.09889  0.029065
24.5  1.63363  0.0946672  0.0234067
24.5  1.69646  0.112805  0.0392945
24.5  1.75929  0.0991623  0.0297121
24.5  1.82212  0.0919991  0.0224757
24.5  1.88496  0.0814763  0.0204525
24.5  1.94779  0.087516  0.0214925
24.5  2.01062  0.0881581  0.0227849
24.5  2.07345  0.0698027  0.0148233
24.5  2.13628  0.0664093  0.0130012
24.5  2.19911  0.062087  0.00985356
24.5  2.26195  0.0607696  0.0111052
24.5  2.32478  0.0629362  0.0150479
24.5  2.38761  0.0691115  0.0201551
24.5  2.45044  0.0469723  0.0160633
24.5  2.51327  0.0522688  0.0258925
24.5  2.57611  0.111674  0.139321
24.5  2.63894  0.0737381  0.0747491
24.5  2.70177  0.141105  0.137821
24.5  2.7646  0  0
24.5  2.82743  0  0
24.5  2.89027  0  0
24.5  2.9531  0  0
24.5  3.01593  0  0
24.5  3.07876  0  0
