2  0  0  0
2  0.0628319  0  0
2  0.125664  0  0
2  0.188496  0  0
2  0.251327  0  0
2  0.314159  0  0
2  0.376991  0  0
2  0.439823  0  0
2  0.502655  0  0
2  0.565487  0  0
2  0.628319  0  0
2  0.69115  0  0
2  0.753982  0  0
2  0.816814  0  0
2  0.879646  0  0
2  0.942478  0  0
2  1.00531  0  0
2  1.06814  0  0
2  1.13097  0  0
2  1.19381  0  0
2  1.25664  0  0
2  1.31947  0  0
2  1.3823  0  0
2  1.44513  0  0
2  1.50796  0  0
2  1.5708  0  0
2  1.63363  0  0
2  1.69646  0  0
2  1.75929  0  0
2  1.82212  0  0
2  1.88496  0  0
2  1.94779  0  0
2  2.01062  0  0
2  2.07345  0  0
2  2.13628  0  0
2  2.19911  0  0
2  2.26195  0  0
2  2.32478  0  0
2  2.38761  0  0
2  2.45044  0  0
2  2.51327  0  0
2  2.57611  0  0
2  2.63894  0  0
2  2.70177  0  0
2  2.7646  0  0
2  2.82743  0  0
2  2.89027  0  0
2  2.9531  0  0
2  3.01593  0  0
2  3.07876  0  0
2.5  0  0  0
2.5  0.0628319  0  0
2.5  0.125664  0  0
2.5  0.188496  0  0
2.5  0.251327  0  0
2.5  0.314159  0  0
2.5  0.376991  0  0
2.5  0.439823  0  0
2.5  0.502655  0  0
2.5  0.565487  0  0
2.5  0.628319  0  0
2.5  0.69115  0  0
2.5  0.753982  0  0
2.5  0.816814  0  0
2.5  0.879646  0  0
2.5  0.942478  0  0
2.5  1.00531  0  0
2.5  1.06814  0  0
2.5  1.13097  0  0
2.5  1.19381  0  0
2.5  1.25664  0  0
2.5  1.31947  0  0
2.5  1.3823  0  0
2.5  1.44513  0  0
2.5  1.50796  0  0
2.5  1.5708  0  0
2.5  1.63363  0  0
2.5  1.69646  0  0
2.5  1.75929  0  0
2.5  1.82212  0  0
2.5  1.88496  0  0
2.5  1.94779  0  0
2.5  2.01062  0  0
2.5  2.07345  0  0
2.5  2.13628  0  0
2.5  2.19911  0  0
2.5  2.26195  0  0
2.5  2.32478  0  0
2.5  2.38761  0  0
2.5  2.45044  0  0
2.5  2.51327  0  0
2.5  2.57611  0  0
2.5  2.63894  0  0
2.5  2.70177  0  0
2.5  2.7646  0  0
2.5  2.82743  0  0
2.5  2.89027  0  0
2.5  2.9531  0  0
2.5  3.01593  0  0
2.5  3.07876  0  0
3  0  0  0
3  0.0628319  0  0
3  0.125664  0  0
3  0.188496  0  0
3  0.251327  0  0
3  0.314159  0  0
3  0.376991  0  0
3  0.439823  0  0
3  0.502655  0  0
3  0.565487  0  0
3  0.628319  0  0
3  0.69115  0  0
3  0.753982  0  0
3  0.816814  0  0
3  0.879646  0  0
3  0.942478  0  0
3  1.00531  0.258759  1.70226
3  1.06814  0.0559454  0.0850068
3  1.13097  0.137411  0.161186
3  1.19381  0.0649104  0.053175
3  1.25664  0.0686938  0.0603547
3  1.31947  0.0531085  0.0259775
3  1.3823  0.0697817  0.0456773
3  1.44513  0.0612262  0.0344471
3  1.50796  0.0541535  0.0271749
3  1.5708  0.0551217  0.0278089
3  1.63363  0.0741701  0.0579667
3  1.69646  0.112276  0.165716
3  1.75929  0.0685584  0.0490355
3  1.82212  0.0669086  0.0484386
3  1.88496  0.0850998  0.143485
3  1.94779  0.0857427  0.117674
3  2.01062  0.215952  0.108032
3  2.07345  0  0
3  2.13628  0  0
3  2.19911  0  0
3  2.26195  0  0
3  2.32478  0  0
3  2.38761  0  0
3  2.45044  0  0
3  2.51327  0  0
3  2.57611  0  0
3  2.63894  0  0
3  2.70177  0  0
3  2.7646  0  0
3  2.82743  0  0
3  2.89027  0  0
3  2.9531  0  0
3  3.01593  0  0
3  3.07876  0  0
3.5  0  0  0
3.5  0.0628319  0  0
3.5  0.125664  0  0
3.5  0.188496  0  0
3.5  0.251327  0  0
3.5  0.314159  0  0
3.5  0.376991  0  0
3.5  0.439823  0  0
3.5  0.502655  0  0
3.5  0.565487  0  0
3.5  0.628319  0  0
3.5  0.69115  0  0
3.5  0.753982  0  0
3.5  0.816814  0.189866  0.183504
3.5  0.879646  0.0678864  0.0485759
3.5  0.942478  0.0446889  0.0125484
3.5  1.00531  0.0426366  0.0108547
3.5  1.06814  0.0401561  0.00822987
3.5  1.13097  0.0441708  0.0110276
3.5  1.19381  0.0500044  0.0149044
3.5  1.25664  0.036623  0.00759069
3.5  1.31947  0.0415365  0.0112461
3.5  1.3823  0.0351254  0.00717606
3.5  1.44513  0.0412803  0.00967593
3.5  1.50796  0.0378914  0.00751168
3.5  1.5708  0.0397794  0.0101461
3.5  1.63363  0.0369018  0.00862686
3.5  1.69646  0.042298  0.0111652
3.5  1.75929  0.0384281  0.00883876
3.5  1.82212  0.0441568  0.0107518
3.5  1.88496  0.0345609  0.00635687
3.5  1.94779  0.0382419  0.0077868
3.5  2.01062  0.0409862  0.0102742
3.5  2.07345  0.0448577  0.0113532
3.5  2.13628  0.0501289  0.0165158
3.5  2.19911  0.0609745  0.0326057
3.5  2.26195  0.239136  0.137593
3.5  2.32478  0  0
3.5  2.38761  0  0
3.5  2.45044  0  0
3.5  2.51327  0  0
3.5  2.57611  0  0
3.5  2.63894  0  0
3.5  2.70177  0  0
3.5  2.7646  0  0
3.5  2.82743  0  0
3.5  2.89027  0  0
3.5  2.9531  0  0
3.5  3.01593  0  0
3.5  3.07876  0  0
4  0  0  0
4  0.0628319  0  0
4  0.125664  0  0
4  0.188496  0  0
4  0.251327  0  0
4  0.314159  0  0
4  0.376991  0  0
4  0.439823  0.198587  1.96854
4  0.502655  0  0
4  0.565487  0  0
4  0.628319  0.225912  1.86775
4  0.69115  0.117365  0.128545
4  0.753982  0.078404  0.047772
4  0.816814  0.045252  0.0098754
4  0.879646  0.0416315  0.00717175
4  0.942478  0.0370127  0.00560762
4  1.00531  0.0324555  0.00541156
4  1.06814  0.0383125  0.00804546
4  1.13097  0.0327909  0.00581637
4  1.19381  0.0380061  0.00872617
4  1.25664  0.0308963  0.00582259
4  1.31947  0.0302599  0.00538065
4  1.3823  0.0327124  0.00657857
4  1.44513  0.0292548  0.00536256
4  1.50796  0.037121  0.00871134
4  1.5708  0.0369151  0.00961365
4  1.63363  0.0318552  0.00807075
4  1.69646  0.0344861  0.00752586
4  1.75929  0.0312938  0.00695747
4  1.82212  0.0324371  0.0056193
4  1.88496  0.0331628  0.0063188
4  1.94779  0.0415261  0.0101054
4  2.01062  0.0379126  0.00836183
4  2.07345  0.0359147  0.0064508
4  2.13628  0.0372691  0.00657912
4  2.19911  0.0440458  0.00817254
4  2.26195  0.0455906  0.0117799
4  2.32478  0.0701619  0.0410327
4  2.38761  0.109872  0.113922
4  2.45044  0.258759  1.70226
4  2.51327  0  0
4  2.57611  0  0
4  2.63894  0  0
4  2.70177  0  0
4  2.7646  0  0
4  2.82743  0  0
4  2.89027  0  0
4  2.9531  0  0
4  3.01593  0  0
4  3.07876  0  0
4.5  0  0  0
4.5  0.0628319  0  0
4.5  0.125664  0  0
4.5  0.188496  0  0
4.5  0.251327  0  0
4.5  0.314159  0  0
4.5  0.376991  0  0
4.5  0.439823  0  0
4.5  0.502655  0  0
4.5  0.565487  0.19308  0.0966261
4.5  0.628319  0.0764187  0.0614112
4.5  0.69115  0.0545  0.0159081
4.5  0.753982  0.0512629  0.0133182
4.5  0.816814  0.0351065  0.0059454
4.5  0.879646  0.0382471  0.00751498
4.5  0.942478  0.0325518  0.00505727
4.5  1.00531  0.031821  0.0052889
4.5  1.06814  0.0315258  0.00599423
4.5  1.13097  0.0297699  0.00481111
4.5  1.19381  0.0343373  0.00685304
4.5  1.25664  0.0289831  0.00549229
4.5  1.31947  0.0353306  0.0101549
4.5  1.3823  0.0293584  0.00534231
4.5  1.44513  0.0295394  0.00556327
4.5  1.50796  0.0364273  0.0084329
4.5  1.5708  0.0251422  0.00389343
4.5  1.63363  0.0271498  0.00439451
4.5  1.69646  0.0271592  0.00451268
4.5  1.75929  0.0329346  0.00638681
4.5  1.82212  0.0351567  0.00830049
4.5  1.88496  0.0337839  0.00665449
4.5  1.94779  0.0317424  0.00567097
4.5  2.01062  0.0335335  0.00512941
4.5  2.07345  0.0312844  0.00513841
4.5  2.13628  0.0369164  0.00662332
4.5  2.19911  0.035639  0.00663885
4.5  2.26195  0.0360908  0.00653772
4.5  2.32478  0.0408738  0.00848964
4.5  2.38761  0.0518147  0.0172793
4.5  2.45044  0.105039  0.162349
4.5  2.51327  0.204098  0.16717
4.5  2.57611  0  0
4.5  2.63894  0  0
4.5  2.70177  0  0
4.5  2.7646  0  0
4.5  2.82743  0  0
4.5  2.89027  0  0
4.5  2.9531  0  0
4.5  3.01593  0  0
4.5  3.07876  0  0
5  0  0  0
5  0.0628319  0  0
5  0.125664  0  0
5  0.188496  0  0
5  0.251327  0  0
5  0.314159  0  0
5  0.376991  0  0
5  0.439823  0  0
5  0.502655  0.145809  0.125594
5  0.565487  0.16905  0.179711
5  0.628319  0.0824518  0.0553011
5  0.69115  0.0516959  0.0173372
5  0.753982  0.0388324  0.00833319
5  0.816814  0.0371653  0.0070956
5  0.879646  0.0353998  0.00577029
5  0.942478  0.0345774  0.00620844
5  1.00531  0.0267956  0.00461396
5  1.06814  0.0275229  0.00424692
5  1.13097  0.0320082  0.00553097
5  1.19381  0.0330473  0.00677774
5  1.25664  0.0274271  0.00430146
5  1.31947  0.030317  0.00540923
5  1.3823  0.0335817  0.00797015
5  1.44513  0.028593  0.0055202
5  1.50796  0.0237634  0.0034421
5  1.5708  0.0239891  0.00332337
5  1.63363  0.0254044  0.00363505
5  1.69646  0.0333482  0.00745344
5  1.75929  0.0330807  0.00634648
5  1.82212  0.0284152  0.00560644
5  1.88496  0.0264832  0.00376588
5  1.94779  0.0312885  0.00543306
5  2.01062  0.031888  0.00569001
5  2.07345  0.0332387  0.00583444
5  2.13628  0.0286973  0.00460335
5  2.19911  0.0326519  0.00510563
5  2.26195  0.0355169  0.00667854
5  2.32478  0.0489165  0.0155861
5  2.38761  0.0510446  0.0188742
5  2.45044  0.0551785  0.0295642
5  2.51327  0.0939473  0.161591
5  2.57611  0.224199  0.182646
5  2.63894  0  0
5  2.70177  0  0
5  2.7646  0  0
5  2.82743  0  0
5  2.89027  0  0
5  2.9531  0  0
5  3.01593  0  0
5  3.07876  0  0
5.5  0  0  0
5.5  0.0628319  0  0
5.5  0.125664  0  0
5.5  0.188496  0  0
5.5  0.251327  0  0
5.5  0.314159  0  0
5.5  0.376991  0  0
5.5  0.439823  0.0155383  0.114017
5.5  0.502655  0.0785015  0.0873097
5.5  0.565487  0.106555  0.162461
5.5  0.628319  0.0546356  0.0247972
5.5  0.69115  0.0591089  0.0261294
5.5  0.753982  0.0400665  0.0091696
5.5  0.816814  0.0317154  0.00477609
5.5  0.879646  0.0347749  0.00590521
5.5  0.942478  0.0270176  0.003832
5.5  1.00531  0.0321568  0.00637673
5.5  1.06814  0.0293674  0.00488079
5.5  1.13097  0.0308252  0.00563021
5.5  1.19381  0.0324362  0.00748755
5.5  1.25664  0.0265608  0.00639011
5.5  1.31947  0.0285727  0.00505275
5.5  1.3823  0.0278755  0.00482787
5.5  1.44513  0.0255101  0.00486637
5.5  1.50796  0.0276519  0.00463412
5.5  1.5708  0.0323784  0.00614621
5.5  1.63363  0.0279486  0.00494291
5.5  1.69646  0.0267448  0.00489667
5.5  1.75929  0.0254225  0.00390663
5.5  1.82212  0.0318388  0.00646503
5.5  1.88496  0.029285  0.00600134
5.5  1.94779  0.0286439  0.00537367
5.5  2.01062  0.0296784  0.00600132
5.5  2.07345  0.0286392  0.00547979
5.5  2.13628  0.0309382  0.0045406
5.5  2.19911  0.0287765  0.00371057
5.5  2.26195  0.0275823  0.00420431
5.5  2.32478  0.041435  0.00981649
5.5  2.38761  0.060089  0.0238891
5.5  2.45044  0.10617  0.0884358
5.5  2.51327  0.0763859  0.0623891
5.5  2.57611  0.230048  0.212915
5.5  2.63894  0.253544  2.05029
5.5  2.70177  0  0
5.5  2.7646  0  0
5.5  2.82743  0  0
5.5  2.89027  0  0
5.5  2.9531  0  0
5.5  3.01593  0  0
5.5  3.07876  0  0
6  0  0  0
6  0.0628319  0  0
6  0.125664  0  0
6  0.188496  0  0
6  0.251327  0  0
6  0.314159  0  0
6  0.376991  0  0
6  0.439823  0.229262  0.130226
6  0.502655  0.108307  0.167364
6  0.565487  0.070131  0.0558611
6  0.628319  0.0625577  0.0321612
6  0.69115  0.0345788  0.0081369
6  0.753982  0.0362665  0.00890926
6  0.816814  0.027391  0.00397595
6  0.879646  0.0275892  0.00381459
6  0.942478  0.0272214  0.0040268
6  1.00531  0.027349  0.00413963
6  1.06814  0.0324576  0.00584878
6  1.13097  0.0255602  0.00384463
6  1.19381  0.0296303  0.00587569
6  1.25664  0.0322822  0.00731879
6  1.31947  0.0285164  0.00505926
6  1.3823  0.0299399  0.00671962
6  1.44513  0.0314795  0.00655374
6  1.50796  0.0244713  0.00380725
6  1.5708  0.0304694  0.00532523
6  1.63363  0.0263297  0.00541855
6  1.69646  0.0283718  0.00519582
6  1.75929  0.0305741  0.00613246
6  1.82212  0.0236611  0.00348643
6  1.88496  0.0266425  0.00502349
6  1.94779  0.0269689  0.00449486
6  2.01062  0.0261345  0.00396158
6  2.07345  0.0256366  0.00399578
6  2.13628  0.0275934  0.00350953
6  2.19911  0.0272215  0.00418417
6  2.26195  0.0243934  0.00295943
6  2.32478  0.0387404  0.0091298
6  2.38761  0.0409482  0.0133797
6  2.45044  0.0585194  0.0335153
6  2.51327  0.0797746  0.0638569
6  2.57611  0.0972004  0.155608
6  2.63894  0.217785  0.217943
6  2.70177  0  0
6  2.7646  0  0
6  2.82743  0  0
6  2.89027  0  0
6  2.9531  0  0
6  3.01593  0  0
6  3.07876  0  0
6.5  0  0  0
6.5  0.0628319  0  0
6.5  0.125664  0  0
6.5  0.188496  0  0
6.5  0.251327  0  0
6.5  0.314159  0  0
6.5  0.376991  0.013967  0.102488
6.5  0.439823  0.198587  0.120884
6.5  0.502655  0.103252  0.170562
6.5  0.565487  0.0599312  0.0428828
6.5  0.628319  0.0547165  0.0226278
6.5  0.69115  0.0315797  0.0081093
6.5  0.753982  0.044392  0.0120196
6.5  0.816814  0.0303757  0.00553211
6.5  0.879646  0.0287803  0.00423517
6.5  0.942478  0.0251927  0.00345881
6.5  1.00531  0.0263371  0.003633
6.5  1.06814  0.0287467  0.00597943
6.5  1.13097  0.0260292  0.00357991
6.5  1.19381  0.029536  0.00487994
6.5  1.25664  0.0284289  0.00493107
6.5  1.31947  0.0254667  0.00417673
6.5  1.3823  0.0420693  0.0103869
6.5  1.44513  0.039136  0.0115357
6.5  1.50796  0.0290123  0.00725962
6.5  1.5708  0.0299123  0.00599159
6.5  1.63363  0.0425107  0.0124399
6.5  1.69646  0.028676  0.00677132
6.5  1.75929  0.0249433  0.00391818
6.5  1.82212  0.027586  0.00455029
6.5  1.88496  0.0274215  0.00540451
6.5  1.94779  0.0335605  0.00748272
6.5  2.01062  0.028155  0.00484146
6.5  2.07345  0.0293472  0.00448226
6.5  2.13628  0.0324341  0.005766
6.5  2.19911  0.0282796  0.00490003
6.5  2.26195  0.0277901  0.00488861
6.5  2.32478  0.0312  0.00539157
6.5  2.38761  0.0672986  0.0388141
6.5  2.45044  0.0510314  0.0228084
6.5  2.51327  0.069667  0.0503338
6.5  2.57611  0.14545  0.127156
6.5  2.63894  0.16639  0.175432
6.5  2.70177  0.0406788  0.298495
6.5  2.7646  0  0
6.5  2.82743  0  0
6.5  2.89027  0  0
6.5  2.9531  0  0
6.5  3.01593  0  0
6.5  3.07876  0  0
7  0  0  0
7  0.0628319  0  0
7  0.125664  0  0
7  0.188496  0  0
7  0.251327  0  0
7  0.314159  0  0
7  0.376991  0.100773  0.187458
7  0.439823  0.155347  0.177066
7  0.502655  0.118097  0.185618
7  0.565487  0.0749478  0.0549173
7  0.628319  0.0473014  0.0168363
7  0.69115  0.0373623  0.0115414
7  0.753982  0.0331691  0.00657738
7  0.816814  0.0243417  0.00288115
7  0.879646  0.0242984  0.00290528
7  0.942478  0.0255634  0.00379532
7  1.00531  0.02371  0.00302947
7  1.06814  0.0274481  0.0054834
7  1.13097  0.0199553  0.00253683
7  1.19381  0.0365972  0.00969705
7  1.25664  0.0360955  0.00936574
7  1.31947  0.0288011  0.00540977
7  1.3823  0.0372238  0.0118248
7  1.44513  0.0263675  0.00478758
7  1.50796  0.0356926  0.010598
7  1.5708  0.0426922  0.0134571
7  1.63363  0.0331424  0.0123451
7  1.69646  0.0326818  0.00970195
7  1.75929  0.0249895  0.00399026
7  1.82212  0.0286251  0.00666679
7  1.88496  0.0346288  0.00800869
7  1.94779  0.0330137  0.00936919
7  2.01062  0.0290397  0.00836477
7  2.07345  0.0303764  0.00529223
7  2.13628  0.0228351  0.00303326
7  2.19911  0.0238731  0.00314037
7  2.26195  0.0228268  0.00278748
7  2.32478  0.0307135  0.006021
7  2.38761  0.0418285  0.0143901
7  2.45044  0.0647183  0.0387643
7  2.51327  0.0647342  0.0515227
7  2.57611  0.0657717  0.0512993
7  2.63894  0.251001  0.140855
7  2.70177  0.25561  0.201156
7  2.7646  0  0
7  2.82743  0  0
7  2.89027  0  0
7  2.9531  0  0
7  3.01593  0  0
7  3.07876  0  0
7.5  0  0  0
7.5  0.0628319  0  0
7.5  0.125664  0  0
7.5  0.188496  0  0
7.5  0.251327  0  0
7.5  0.314159  0  0
7.5  0.376991  0.205549  0.104493
7.5  0.439823  0.202138  0.225633
7.5  0.502655  0.113052  0.171612
7.5  0.565487  0.0634722  0.0426069
7.5  0.628319  0.0683613  0.044554
7.5  0.69115  0.0434997  0.0160035
7.5  0.753982  0.0366977  0.00856131
7.5  0.816814  0.0226102  0.00270248
7.5  0.879646  0.0257158  0.00373251
7.5  0.942478  0.0264917  0.00510899
7.5  1.00531  0.0249388  0.00419852
7.5  1.06814  0.0324232  0.00774946
7.5  1.13097  0.0316324  0.00724592
7.5  1.19381  0.0394281  0.00784606
7.5  1.25664  0.0274685  0.0051309
7.5  1.31947  0.0292877  0.00689327
7.5  1.3823  0.0284058  0.00588381
7.5  1.44513  0.0375397  0.00911518
7.5  1.50796  0.029322  0.00498016
7.5  1.5708  0.0298134  0.00573631
7.5  1.63363  0.0266048  0.00487475
7.5  1.69646  0.0452514  0.0130709
7.5  1.75929  0.036832  0.00831813
7.5  1.82212  0.0377958  0.00971981
7.5  1.88496  0.0240027  0.00492001
7.5  1.94779  0.0497444  0.0141113
7.5  2.01062  0.0260432  0.00440886
7.5  2.07345  0.0225306  0.00270767
7.5  2.13628  0.0247399  0.00285962
7.5  2.19911  0.0242171  0.00287342
7.5  2.26195  0.0250276  0.00328226
7.5  2.32478  0.0332159  0.00653319
7.5  2.38761  0.0529471  0.0233947
7.5  2.45044  0.0524314  0.0222779
7.5  2.51327  0.0577113  0.0341603
7.5  2.57611  0.127689  0.186582
7.5  2.63894  0.0886681  0.144562
7.5  2.70177  0.215002  0.11569
7.5  2.7646  0  0
7.5  2.82743  0  0
7.5  2.89027  0  0
7.5  2.9531  0  0
7.5  3.01593  0  0
7.5  3.07876  0  0
8  0  0  0
8  0.0628319  0  0
8  0.125664  0  0
8  0.188496  0  0
8  0.251327  0  0
8  0.314159  0.0274102  0.201132
8  0.376991  0.137827  0.205457
8  0.439823  0.100621  0.16319
8  0.502655  0.105348  0.171085
8  0.565487  0.0472367  0.0206769
8  0.628319  0.0681691  0.0445544
8  0.69115  0.0449939  0.0158102
8  0.753982  0.0337047  0.00711559
8  0.816814  0.0282055  0.00515803
8  0.879646  0.0264802  0.0042254
8  0.942478  0.024943  0.00334903
8  1.00531  0.0341662  0.00682098
8  1.06814  0.0391736  0.0123559
8  1.13097  0.0251993  0.0043404
8  1.19381  0.0327629  0.00824085
8  1.25664  0.034584  0.00662068
8  1.31947  0.0219316  0.00329727
8  1.3823  0.0323968  0.00640222
8  1.44513  0.0223375  0.00332791
8  1.50796  0.0283342  0.00558437
8  1.5708  0.0264671  0.00469082
8  1.63363  0.0236271  0.00366925
8  1.69646  0.0284075  0.00425467
8  1.75929  0.0278663  0.00545161
8  1.82212  0.0280719  0.00699165
8  1.88496  0.0297395  0.00645596
8  1.94779  0.0250139  0.00410275
8  2.01062  0.0275351  0.00543159
8  2.07345  0.0300582  0.00504932
8  2.13628  0.024443  0.00318665
8  2.19911  0.0266177  0.00339795
8  2.26195  0.0290584  0.00439227
8  2.32478  0.0312702  0.0053031
8  2.38761  0.0344932  0.00877892
8  2.45044  0.0483236  0.0242052
8  2.51327  0.0462094  0.0219825
8  2.57611  0.0612431  0.0460439
8  2.63894  0.0968008  0.133594
8  2.70177  0.199637  0.239878
8  2.7646  0  0
8  2.82743  0  0
8  2.89027  0  0
8  2.9531  0  0
8  3.01593  0  0
8  3.07876  0  0
8.5  0  0  0
8.5  0.0628319  0  0
8.5  0.125664  0  0
8.5  0.188496  0  0
8.5  0.251327  0  0
8.5  0.314159  0.350787  0.350533
8.5  0.376991  0.265011  0.141977
8.5  0.439823  0.0917442  0.155971
8.5  0.502655  0.0840576  0.0823061
8.5  0.565487  0.0626015  0.0359196
8.5  0.628319  0.0843842  0.0577281
8.5  0.69115  0.0443005  0.0153879
8.5  0.753982  0.0336223  0.00710912
8.5  0.816814  0.0278722  0.00467836
8.5  0.879646  0.0239458  0.00366637
8.5  0.942478  0.0253099  0.00337384
8.5  1.00531  0.0373507  0.00761192
8.5  1.06814  0.0255926  0.00400873
8.5  1.13097  0.0254423  0.00415615
8.5  1.19381  0.0284288  0.00613332
8.5  1.25664  0.0310194  0.00697064
8.5  1.31947  0.0280349  0.00620228
8.5  1.3823  0.0219972  0.00318783
8.5  1.44513  0.0247519  0.00345734
8.5  1.50796  0.0286706  0.00580014
8.5  1.5708  0.0332249  0.00686109
8.5  1.63363  0.0244374  0.00384381
8.5  1.69646  0.0375209  0.00869024
8.5  1.75929  0.0272712  0.00660817
8.5  1.82212  0.0228426  0.00351897
8.5  1.88496  0.0400694  0.00932469
8.5  1.94779  0.0294061  0.00495407
8.5  2.01062  0.028202  0.00656313
8.5  2.07345  0.0285313  0.00422739
8.5  2.13628  0.0248501  0.00357969
8.5  2.19911  0.0273732  0.00321473
8.5  2.26195  0.0270211  0.00388127
8.5  2.32478  0.0327906  0.00557666
8.5  2.38761  0.0589497  0.0188719
8.5  2.45044  0.0665928  0.0304603
8.5  2.51327  0.0677397  0.0553519
8.5  2.57611  0.157772  0.175147
8.5  2.63894  0.105321  0.136018
8.5  2.70177  0.187939  0.221286
8.5  2.7646  0.184887  0.10464
8.5  2.82743  0  0
8.5  2.89027  0  0
8.5  2.9531  0  0
8.5  3.01593  0  0
8.5  3.07876  0  0
9  0  0  0
9  0.0628319  0  0
9  0.125664  0  0
9  0.188496  0  0
9  0.251327  0  0
9  0.314159  0.149339  0.100682
9  0.376991  0.114118  0.176082
9  0.439823  0.112563  0.170614
9  0.502655  0.0575296  0.0426085
9  0.565487  0.0589276  0.0340534
9  0.628319  0.0547333  0.0187788
9  0.69115  0.050463  0.0141523
9  0.753982  0.0329156  0.00620327
9  0.816814  0.034622  0.00831058
9  0.879646  0.0258233  0.00384015
9  0.942478  0.0273989  0.00391092
9  1.00531  0.0279854  0.0045023
9  1.06814  0.0259086  0.00379113
9  1.13097  0.0338305  0.00819533
9  1.19381  0.0248538  0.00374042
9  1.25664  0.0255494  0.00577037
9  1.31947  0.0262034  0.00417999
9  1.3823  0.0269716  0.00466859
9  1.44513  0.0232639  0.00301721
9  1.50796  0.0248535  0.00384756
9  1.5708  0.0236192  0.00342084
9  1.63363  0.0337567  0.0111962
9  1.69646  0.0189332  0.00220186
9  1.75929  0.0276722  0.00528457
9  1.82212  0.0242803  0.00473812
9  1.88496  0.0254905  0.00424353
9  1.94779  0.0318401  0.00632714
9  2.01062  0.0318736  0.00636692
9  2.07345  0.0233496  0.00261633
9  2.13628  0.0323656  0.00660009
9  2.19911  0.0275272  0.00493366
9  2.26195  0.030304  0.00448909
9  2.32478  0.0290594  0.00554813
9  2.38761  0.0374529  0.00965765
9  2.45044  0.0551361  0.0309583
9  2.51327  0.0678798  0.0438155
9  2.57611  0.0970393  0.150103
9  2.63894  0.132803  0.12229
9  2.70177  0.209024  0.161102
9  2.7646  0.232983  0.12651
9  2.82743  0  0
9  2.89027  0  0
9  2.9531  0  0
9  3.01593  0  0
9  3.07876  0  0
9.5  0  0  0
9.5  0.0628319  0  0
9.5  0.125664  0  0
9.5  0.188496  0  0
9.5  0.251327  0  0
9.5  0.314159  0.276555  0.158085
9.5  0.376991  0.104051  0.175282
9.5  0.439823  0.123533  0.130126
9.5  0.502655  0.0804138  0.0644326
9.5  0.565487  0.0803267  0.058982
9.5  0.628319  0.0758146  0.0428649
9.5  0.69115  0.0571072  0.0160263
9.5  0.753982  0.0549317  0.0160263
9.5  0.816814  0.0356024  0.00924917
9.5  0.879646  0.0286934  0.00387504
9.5  0.942478  0.0276256  0.00495997
9.5  1.00531  0.0260254  0.00458364
9.5  1.06814  0.025422  0.00393619
9.5  1.13097  0.0271822  0.00456886
9.5  1.19381  0.0229174  0.00299853
9.5  1.25664  0.0232311  0.00345134
9.5  1.31947  0.0242953  0.00357081
9.5  1.3823  0.0268951  0.00457322
9.5  1.44513  0.02278  0.00321023
9.5  1.50796  0.0277093  0.00442058
9.5  1.5708  0.027701  0.00540623
9.5  1.63363  0.0296497  0.00586802
9.5  1.69646  0.0257042  0.00397347
9.5  1.75929  0.0264468  0.0052047
9.5  1.82212  0.0269945  0.00426272
9.5  1.88496  0.0248406  0.00356254
9.5  1.94779  0.0212616  0.00258688
9.5  2.01062  0.0244337  0.00410822
9.5  2.07345  0.0251152  0.00374642
9.5  2.13628  0.0314647  0.00530423
9.5  2.19911  0.0261531  0.0037723
9.5  2.26195  0.0294896  0.00484918
9.5  2.32478  0.0348419  0.0112206
9.5  2.38761  0.0633866  0.02407
9.5  2.45044  0.0548512  0.0213996
9.5  2.51327  0.0788516  0.0555395
9.5  2.57611  0.0804012  0.0649089
9.5  2.63894  0.154307  0.128899
9.5  2.70177  0.274185  0.268684
9.5  2.7646  0.259285  0.180822
9.5  2.82743  0  0
9.5  2.89027  0  0
9.5  2.9531  0  0
9.5  3.01593  0  0
9.5  3.07876  0  0
10  0  0  0
10  0.0628319  0  0
10  0.125664  0  0
10  0.188496  0  0
10  0.251327  0  0
10  0.314159  0.168824  0.194493
10  0.376991  0.16898  0.126053
10  0.439823  0.0889734  0.152526
10  0.502655  0.0822591  0.0623461
10  0.565487  0.0672477  0.038915
10  0.628319  0.0693061  0.0336182
10  0.69115  0.038939  0.00955524
10  0.753982  0.0406219  0.00927427
10  0.816814  0.0268568  0.00347512
10  0.879646  0.0259478  0.00363147
10  0.942478  0.0204331  0.00197513
10  1.00531  0.0283398  0.00653531
10  1.06814  0.0239421  0.00321872
10  1.13097  0.0224292  0.00259174
10  1.19381  0.0273015  0.00430094
10  1.25664  0.0215234  0.00284731
10  1.31947  0.0234066  0.00296287
10  1.3823  0.0219992  0.00307809
10  1.44513  0.0255511  0.00446661
10  1.50796  0.0326839  0.00739356
10  1.5708  0.0259413  0.00377005
10  1.63363  0.0216516  0.00316411
10  1.69646  0.0253141  0.00415161
10  1.75929  0.0275219  0.00594281
10  1.82212  0.02093  0.00311503
10  1.88496  0.0267529  0.0054162
10  1.94779  0.0241879  0.00404386
10  2.01062  0.0219084  0.00277307
10  2.07345  0.0279387  0.00432086
10  2.13628  0.0240652  0.00338719
10  2.19911  0.0307006  0.0067256
10  2.26195  0.0250723  0.00296272
10  2.32478  0.0420088  0.0107086
10  2.38761  0.0541885  0.0163929
10  2.45044  0.0702468  0.0291394
10  2.51327  0.0648073  0.0356052
10  2.57611  0.0781072  0.0519598
10  2.63894  0.137788  0.174174
10  2.70177  0.126133  0.152594
10  2.7646  0.211101  0.122423
10  2.82743  0  0
10  2.89027  0  0
10  2.9531  0  0
10  3.01593  0  0
10  3.07876  0  0
10.5  0  0  0
10.5  0.0628319  0  0
10.5  0.125664  0  0
10.5  0.188496  0  0
10.5  0.251327  0  0
10.5  0.314159  0.218641  0.128708
10.5  0.376991  0.189398  0.10184
10.5  0.439823  0.239886  0.146423
10.5  0.502655  0.0801302  0.0732295
10.5  0.565487  0.0818357  0.0495824
10.5  0.628319  0.0563735  0.0205932
10.5  0.69115  0.0438119  0.0100332
10.5  0.753982  0.0265009  0.00435444
10.5  0.816814  0.0216671  0.00230334
10.5  0.879646  0.0194851  0.00195132
10.5  0.942478  0.0235836  0.00281165
10.5  1.00531  0.0274633  0.00407847
10.5  1.06814  0.0241202  0.00461169
10.5  1.13097  0.0277585  0.00428682
10.5  1.19381  0.028017  0.00430483
10.5  1.25664  0.0279885  0.00696795
10.5  1.31947  0.0279972  0.00489003
10.5  1.3823  0.0212008  0.00279279
10.5  1.44513  0.0235746  0.00345078
10.5  1.50796  0.0235413  0.00452551
10.5  1.5708  0.0264468  0.00437087
10.5  1.63363  0.0214482  0.00288316
10.5  1.69646  0.0227551  0.00365147
10.5  1.75929  0.0242882  0.00378313
10.5  1.82212  0.0211279  0.00294471
10.5  1.88496  0.0201581  0.00233003
10.5  1.94779  0.0249419  0.00373936
10.5  2.01062  0.0255652  0.00364173
10.5  2.07345  0.0215889  0.00294605
10.5  2.13628  0.0220322  0.00232393
10.5  2.19911  0.024417  0.00308322
10.5  2.26195  0.0238998  0.0027814
10.5  2.32478  0.0333264  0.00841572
10.5  2.38761  0.0394117  0.00982708
10.5  2.45044  0.0896001  0.0424411
10.5  2.51327  0.0809713  0.0434179
10.5  2.57611  0.148059  0.11263
10.5  2.63894  0.0974076  0.167898
10.5  2.70177  0.159204  0.140367
10.5  2.7646  0.254884  0.127542
10.5  2.82743  0  0
10.5  2.89027  0  0
10.5  2.9531  0  0
10.5  3.01593  0  0
10.5  3.07876  0  0
11  0  0  0
11  0.0628319  0  0
11  0.125664  0  0
11  0.188496  0  0
11  0.251327  0.00820559  0.0602115
11  0.314159  0.0760008  0.0870815
11  0.376991  0.117944  0.094168
11  0.439823  0.0953898  0.158107
11  0.502655  0.0953507  0.075557
11  0.565487  0.0836246  0.0581205
11  0.628319  0.0620769  0.0273001
11  0.69115  0.0647056  0.0234593
11  0.753982  0.0381589  0.00974919
11  0.816814  0.0302037  0.00519388
11  0.879646  0.0203847  0.00206214
11  0.942478  0.0211661  0.0021728
11  1.00531  0.0251816  0.00330112
11  1.06814  0.0242537  0.00359108
11  1.13097  0.0205542  0.00231029
11  1.19381  0.0252276  0.00434475
11  1.25664  0.0233739  0.00312396
11  1.31947  0.0223009  0.00319767
11  1.3823  0.0248641  0.00352101
11  1.44513  0.0252598  0.00401772
11  1.50796  0.0240312  0.00338204
11  1.5708  0.0220695  0.00297644
11  1.63363  0.0268106  0.00503681
11  1.69646  0.0224815  0.00323322
11  1.75929  0.0253131  0.00402099
11  1.82212  0.024389  0.0031279
11  1.88496  0.0212363  0.00247276
11  1.94779  0.0243138  0.00382693
11  2.01062  0.0288173  0.00583186
11  2.07345  0.0163123  0.00180299
11  2.13628  0.0184949  0.00207601
11  2.19911  0.0206318  0.00210962
11  2.26195  0.0269577  0.00352956
11  2.32478  0.0283266  0.00594135
11  2.38761  0.0466366  0.0151642
11  2.45044  0.0642971  0.0310122
11  2.51327  0.0671609  0.0430641
11  2.57611  0.117731  0.170365
11  2.63894  0.127594  0.133079
11  2.70177  0.101652  0.133008
11  2.7646  0.254948  0.190798
11  2.82743  0  0
11  2.89027  0  0
11  2.9531  0  0
11  3.01593  0  0
11  3.07876  0  0
11.5  0  0  0
11.5  0.0628319  0  0
11.5  0.125664  0  0
11.5  0.188496  0  0
11.5  0.251327  0  0
11.5  0.314159  0.104571  0.134561
11.5  0.376991  0.0651253  0.121973
11.5  0.439823  0.107396  0.162831
11.5  0.502655  0.067107  0.0582586
11.5  0.565487  0.0765926  0.0413243
11.5  0.628319  0.0593272  0.0257176
11.5  0.69115  0.0605818  0.0232674
11.5  0.753982  0.0286853  0.00517117
11.5  0.816814  0.0255272  0.00310442
11.5  0.879646  0.0206739  0.00219507
11.5  0.942478  0.0231176  0.00309335
11.5  1.00531  0.0213922  0.00252913
11.5  1.06814  0.0243812  0.00285146
11.5  1.13097  0.0254623  0.00378404
11.5  1.19381  0.0187702  0.00203965
11.5  1.25664  0.0207174  0.00255991
11.5  1.31947  0.021108  0.00315481
11.5  1.3823  0.0207392  0.00241862
11.5  1.44513  0.0237189  0.0042543
11.5  1.50796  0.0193188  0.00281278
11.5  1.5708  0.0237982  0.00299875
11.5  1.63363  0.0232037  0.00316891
11.5  1.69646  0.0213236  0.00292571
11.5  1.75929  0.0237113  0.00352074
11.5  1.82212  0.0237264  0.00372303
11.5  1.88496  0.0233125  0.00353734
11.5  1.94779  0.0276618  0.00464506
11.5  2.01062  0.0226026  0.00264549
11.5  2.07345  0.022474  0.0033209
11.5  2.13628  0.0259359  0.00357505
11.5  2.19911  0.0226867  0.00309131
11.5  2.26195  0.0218389  0.0024082
11.5  2.32478  0.0331118  0.00888523
11.5  2.38761  0.0252878  0.00414931
11.5  2.45044  0.0643463  0.0333177
11.5  2.51327  0.0462089  0.0208125
11.5  2.57611  0.0933669  0.0745691
11.5  2.63894  0.0894268  0.145133
11.5  2.70177  0.209455  0.136231
11.5  2.7646  0.1179  0.134612
11.5  2.82743  0.247169  2.3041
11.5  2.89027  0  0
11.5  2.9531  0  0
11.5  3.01593  0  0
11.5  3.07876  0  0
12  0  0  0
12  0.0628319  0  0
12  0.125664  0  0
12  0.188496  0  0
12  0.251327  0.219044  0.182156
12  0.314159  0.208274  0.206224
12  0.376991  0.121023  0.132881
12  0.439823  0.122193  0.185142
12  0.502655  0.0611071  0.0501603
12  0.565487  0.0624466  0.039795
12  0.628319  0.0828467  0.0463699
12  0.69115  0.0356156  0.0098228
12  0.753982  0.0267651  0.00578174
12  0.816814  0.0220199  0.00286491
12  0.879646  0.0235003  0.0033552
12  0.942478  0.0218195  0.00248329
12  1.00531  0.0229771  0.00287807
12  1.06814  0.021202  0.00269724
12  1.13097  0.0241082  0.00331438
12  1.19381  0.0279595  0.00472007
12  1.25664  0.0250139  0.00430978
12  1.31947  0.0275666  0.00488031
12  1.3823  0.0193069  0.0025395
12  1.44513  0.0242329  0.00372147
12  1.50796  0.0164933  0.00200953
12  1.5708  0.0239276  0.00340872
12  1.63363  0.0220149  0.00280663
12  1.69646  0.0217028  0.0029878
12  1.75929  0.0236221  0.00352419
12  1.82212  0.0209662  0.00229375
12  1.88496  0.0229764  0.00326265
12  1.94779  0.0213202  0.00343995
12  2.01062  0.0209081  0.00277267
12  2.07345  0.0220397  0.00277343
12  2.13628  0.0230623  0.00260348
12  2.19911  0.0245125  0.00279865
12  2.26195  0.0255811  0.00344268
12  2.32478  0.0261125  0.00402203
12  2.38761  0.0534699  0.016954
12  2.45044  0.0548765  0.0189408
12  2.51327  0.0820082  0.0489488
12  2.57611  0.112698  0.164327
12  2.63894  0.160149  0.154846
12  2.70177  0.176089  0.125829
12  2.7646  0.212374  0.183463
12  2.82743  0.164113  0.158342
12  2.89027  0  0
12  2.9531  0  0
12  3.01593  0  0
12  3.07876  0  0
12.5  0  0  0
12.5  0.0628319  0  0
12.5  0.125664  0  0
12.5  0.188496  0  0
12.5  0.251327  0.162905  0.153738
12.5  0.314159  0.0978924  0.158508
12.5  0.376991  0.130942  0.109688
12.5  0.439823  0.115226  0.154931
12.5  0.502655  0.0661652  0.0650212
12.5  0.565487  0.0542389  0.0267656
12.5  0.628319  0.0474865  0.0173064
12.5  0.69115  0.0447951  0.0147013
12.5  0.753982  0.0270161  0.00477193
12.5  0.816814  0.024277  0.00327217
12.5  0.879646  0.0228365  0.00278104
12.5  0.942478  0.023478  0.00286332
12.5  1.00531  0.0239387  0.0030172
12.5  1.06814  0.0213926  0.00264083
12.5  1.13097  0.0286951  0.00555373
12.5  1.19381  0.022264  0.00311716
12.5  1.25664  0.0232038  0.00311717
12.5  1.31947  0.0250722  0.00377149
12.5  1.3823  0.0222999  0.00304181
12.5  1.44513  0.0229118  0.00317521
12.5  1.50796  0.0225806  0.00311197
12.5  1.5708  0.0227862  0.00380522
12.5  1.63363  0.020755  0.00270268
12.5  1.69646  0.0276803  0.00443053
12.5  1.75929  0.0231532  0.00305753
12.5  1.82212  0.0279534  0.00464208
12.5  1.88496  0.0200162  0.00226578
12.5  1.94779  0.0187549  0.00183851
12.5  2.01062  0.0232872  0.00282091
12.5  2.07345  0.0233423  0.00256455
12.5  2.13628  0.0225995  0.00305791
12.5  2.19911  0.0214195  0.00245232
12.5  2.26195  0.0252255  0.00303262
12.5  2.32478  0.0338004  0.00606638
12.5  2.38761  0.0403847  0.0121635
12.5  2.45044  0.0678857  0.0356063
12.5  2.51327  0.082171  0.0529656
12.5  2.57611  0.125189  0.179273
12.5  2.63894  0.100154  0.154122
12.5  2.70177  0.226316  0.121159
12.5  2.7646  0.23903  0.184801
12.5  2.82743  0.166882  0.108897
12.5  2.89027  0  0
12.5  2.9531  0  0
12.5  3.01593  0  0
12.5  3.07876  0  0
13  0  0  0
13  0.0628319  0  0
13  0.125664  0  0
13  0.188496  0  0
13  0.251327  0.258759  1.70226
13  0.314159  0.093788  0.115029
13  0.376991  0.138341  0.124421
13  0.439823  0.100486  0.0881253
13  0.502655  0.0903923  0.141432
13  0.565487  0.0649323  0.0354499
13  0.628319  0.0551856  0.03309
13  0.69115  0.189902  0.10142
13  0.753982  0.0283419  0.00571525
13  0.816814  0.0247869  0.0032215
13  0.879646  0.0229146  0.00270398
13  0.942478  0.0193584  0.00198183
13  1.00531  0.0215065  0.00301294
13  1.06814  0.0265953  0.00454937
13  1.13097  0.0220232  0.00286538
13  1.19381  0.0212621  0.00274203
13  1.25664  0.023289  0.00371753
13  1.31947  0.0193381  0.00212701
13  1.3823  0.0236664  0.00322532
13  1.44513  0.0216748  0.00251512
13  1.50796  0.019836  0.00248185
13  1.5708  0.0223328  0.003012
13  1.63363  0.0243373  0.00321897
13  1.69646  0.0210579  0.00349155
13  1.75929  0.0229715  0.00323301
13  1.82212  0.0213801  0.00256108
13  1.88496  0.0207297  0.0025847
13  1.94779  0.0226112  0.00308049
13  2.01062  0.0212779  0.00271441
13  2.07345  0.0261818  0.00384525
13  2.13628  0.0224839  0.00244662
13  2.19911  0.0203721  0.00241545
13  2.26195  0.0228615  0.00280098
13  2.32478  0.0246529  0.00349843
13  2.38761  0.0358355  0.00908393
13  2.45044  0.0473782  0.0179589
13  2.51327  0.0591786  0.0304014
13  2.57611  0.0877514  0.0744581
13  2.63894  0.10754  0.132658
13  2.70177  0.0793954  0.149326
13  2.7646  0.214804  0.107405
13  2.82743  0.00785642  0.0576493
13  2.89027  0  0
13  2.9531  0  0
13  3.01593  0  0
13  3.07876  0  0
13.5  0  0  0
13.5  0.0628319  0  0
13.5  0.125664  0  0
13.5  0.188496  0  0
13.5  0.251327  0.128017  0.120568
13.5  0.314159  0.186348  0.137145
13.5  0.376991  0.0938184  0.119729
13.5  0.439823  0.0779343  0.0710749
13.5  0.502655  0.106289  0.157697
13.5  0.565487  0.0876749  0.0629896
13.5  0.628319  0.0424415  0.0150466
13.5  0.69115  0.0417531  0.0124591
13.5  0.753982  0.0276964  0.00404261
13.5  0.816814  0.0249036  0.00295981
13.5  0.879646  0.0221086  0.00197807
13.5  0.942478  0.0238391  0.00333529
13.5  1.00531  0.0188763  0.00206822
13.5  1.06814  0.0197892  0.00215875
13.5  1.13097  0.020121  0.00227477
13.5  1.19381  0.0234842  0.00310507
13.5  1.25664  0.0218186  0.0028155
13.5  1.31947  0.0205046  0.00236802
13.5  1.3823  0.0244684  0.00392012
13.5  1.44513  0.025292  0.00375411
13.5  1.50796  0.0251382  0.00361934
13.5  1.5708  0.0222833  0.00316108
13.5  1.63363  0.0231839  0.00372418
13.5  1.69646  0.026093  0.00395894
13.5  1.75929  0.0224369  0.00322517
13.5  1.82212  0.026469  0.00430958
13.5  1.88496  0.0233842  0.00282644
13.5  1.94779  0.0213288  0.00244395
13.5  2.01062  0.0182665  0.00190813
13.5  2.07345  0.022975  0.00277333
13.5  2.13628  0.0211537  0.00245116
13.5  2.19911  0.0232995  0.00300759
13.5  2.26195  0.0212406  0.00244243
13.5  2.32478  0.0320663  0.00720089
13.5  2.38761  0.0407224  0.00971376
13.5  2.45044  0.0460548  0.0190176
13.5  2.51327  0.0736702  0.0472729
13.5  2.57611  0.0818286  0.0649381
13.5  2.63894  0.0761402  0.0773437
13.5  2.70177  0.143932  0.185427
13.5  2.7646  0.25383  0.187734
13.5  2.82743  0.208421  0.172411
13.5  2.89027  0  0
13.5  2.9531  0  0
13.5  3.01593  0  0
13.5  3.07876  0  0
14  0  0  0
14  0.0628319  0  0
14  0.125664  0  0
14  0.188496  0  0
14  0.251327  0.302292  0.213733
14  0.314159  0.218205  0.10966
14  0.376991  0.114903  0.158055
14  0.439823  0.0578473  0.0371825
14  0.502655  0.0745027  0.0564098
14  0.565487  0.102551  0.0612018
14  0.628319  0.0524091  0.0169607
14  0.69115  0.0464725  0.0174663
14  0.753982  0.0207713  0.00302339
14  0.816814  0.0237217  0.00280529
14  0.879646  0.0234041  0.00312816
14  0.942478  0.0205859  0.00245363
14  1.00531  0.0253771  0.00378302
14  1.06814  0.0194732  0.00215495
14  1.13097  0.0169684  0.00155839
14  1.19381  0.0196645  0.00210367
14  1.25664  0.0213244  0.00293146
14  1.31947  0.0211413  0.00260604
14  1.3823  0.0242603  0.00342434
14  1.44513  0.0203303  0.00253627
14  1.50796  0.0214812  0.00294811
14  1.5708  0.0172711  0.00194186
14  1.63363  0.0224163  0.00288679
14  1.69646  0.0221674  0.00310041
14  1.75929  0.0223373  0.00305055
14  1.82212  0.0214779  0.00289061
14  1.88496  0.0211159  0.00292376
14  1.94779  0.0220212  0.00263247
14  2.01062  0.021086  0.00256332
14  2.07345  0.0196656  0.00208904
14  2.13628  0.0221824  0.00269383
14  2.19911  0.0227241  0.00267543
14  2.26195  0.0247025  0.00347391
14  2.32478  0.02913  0.00506092
14  2.38761  0.041301  0.0128722
14  2.45044  0.061025  0.0230349
14  2.51327  0.0978753  0.0642761
14  2.57611  0.0672837  0.042994
14  2.63894  0.081222  0.0811622
14  2.70177  0.145114  0.138273
14  2.7646  0.254609  0.243246
14  2.82743  0.0489571  0.0254539
14  2.89027  0  0
14  2.9531  0  0
14  3.01593  0  0
14  3.07876  0  0
14.5  0  0  0
14.5  0.0628319  0  0
14.5  0.125664  0  0
14.5  0.188496  0  0
14.5  0.251327  0.363736  0.195943
14.5  0.314159  0.197452  0.188624
14.5  0.376991  0.141891  0.132475
14.5  0.439823  0.11415  0.157462
14.5  0.502655  0.0739598  0.0601512
14.5  0.565487  0.0555796  0.0327509
14.5  0.628319  0.0540513  0.0242518
14.5  0.69115  0.0451026  0.0159905
14.5  0.753982  0.0261842  0.00413635
14.5  0.816814  0.0221553  0.00255805
14.5  0.879646  0.0198794  0.00200439
14.5  0.942478  0.0229512  0.00293401
14.5  1.00531  0.0197365  0.00189881
14.5  1.06814  0.0192005  0.00217239
14.5  1.13097  0.0223416  0.00279954
14.5  1.19381  0.0228326  0.00349608
14.5  1.25664  0.0209592  0.00260418
14.5  1.31947  0.0214714  0.00250986
14.5  1.3823  0.0194451  0.00258002
14.5  1.44513  0.0221755  0.00312062
14.5  1.50796  0.0176123  0.00191493
14.5  1.5708  0.0229991  0.00326902
14.5  1.63363  0.01932  0.00219706
14.5  1.69646  0.0225054  0.00334918
14.5  1.75929  0.0225961  0.00311267
14.5  1.82212  0.0182234  0.00203189
14.5  1.88496  0.0175603  0.00248439
14.5  1.94779  0.0210916  0.00250526
14.5  2.01062  0.025289  0.0039382
14.5  2.07345  0.0204206  0.00183852
14.5  2.13628  0.0199154  0.00203178
14.5  2.19911  0.0187177  0.00182745
14.5  2.26195  0.0197101  0.00195368
14.5  2.32478  0.0251751  0.00357679
14.5  2.38761  0.0302173  0.00611619
14.5  2.45044  0.0428441  0.0157873
14.5  2.51327  0.0872459  0.0510248
14.5  2.57611  0.095534  0.0664939
14.5  2.63894  0.099804  0.149402
14.5  2.70177  0.174831  0.179873
14.5  2.7646  0.210463  0.105251
14.5  2.82743  0  0
14.5  2.89027  0  0
14.5  2.9531  0  0
14.5  3.01593  0  0
14.5  3.07876  0  0
15  0  0  0
15  0.0628319  0  0
15  0.125664  0  0
15  0.188496  0  0
15  0.251327  0.301604  0.279548
15  0.314159  0.160948  0.148247
15  0.376991  0.0913517  0.141375
15  0.439823  0.0551192  0.0468135
15  0.502655  0.074526  0.0491382
15  0.565487  0.0856201  0.0573695
15  0.628319  0.0457317  0.0208054
15  0.69115  0.036063  0.00812129
15  0.753982  0.0262298  0.00373253
15  0.816814  0.023646  0.00292322
15  0.879646  0.0164501  0.00123749
15  0.942478  0.0239566  0.00328705
15  1.00531  0.0198892  0.00189748
15  1.06814  0.0230172  0.00272062
15  1.13097  0.0194918  0.00258734
15  1.19381  0.0213873  0.00250946
15  1.25664  0.0235114  0.00296786
15  1.31947  0.0217  0.00318964
15  1.3823  0.02169  0.00302873
15  1.44513  0.0225793  0.00314807
15  1.50796  0.0203956  0.00283384
15  1.5708  0.0176186  0.00239961
15  1.63363  0.018342  0.00198704
15  1.69646  0.0216298  0.00264253
15  1.75929  0.0178775  0.00181096
15  1.82212  0.0187795  0.00204569
15  1.88496  0.0221939  0.00270892
15  1.94779  0.0198787  0.00248599
15  2.01062  0.0208829  0.00251305
15  2.07345  0.0194246  0.0020904
15  2.13628  0.0203722  0.00210789
15  2.19911  0.0200957  0.00203836
15  2.26195  0.0257656  0.0033961
15  2.32478  0.0230266  0.00291551
15  2.38761  0.0288513  0.00457839
15  2.45044  0.0678987  0.0244558
15  2.51327  0.0994188  0.0782189
15  2.57611  0.0790062  0.0671901
15  2.63894  0.11971  0.160897
15  2.70177  0.138642  0.143377
15  2.7646  0.138859  0.140817
15  2.82743  0.478233  0.396647
15  2.89027  0  0
15  2.9531  0  0
15  3.01593  0  0
15  3.07876  0  0
15.5  0  0  0
15.5  0.0628319  0  0
15.5  0.125664  0  0
15.5  0.188496  0  0
15.5  0.251327  0.273307  0.238424
15.5  0.314159  0.164846  0.0919538
15.5  0.376991  0.175698  0.187783
15.5  0.439823  0.106486  0.149112
15.5  0.502655  0.0847589  0.0652827
15.5  0.565487  0.0656886  0.0349952
15.5  0.628319  0.0347254  0.0133235
15.5  0.69115  0.0294927  0.00585854
15.5  0.753982  0.0195432  0.00219563
15.5  0.816814  0.022882  0.00295119
15.5  0.879646  0.0209485  0.00212362
15.5  0.942478  0.0206254  0.00220113
15.5  1.00531  0.0170164  0.00156301
15.5  1.06814  0.0233509  0.00273736
15.5  1.13097  0.0222334  0.00259644
15.5  1.19381  0.0205259  0.00226336
15.5  1.25664  0.0186915  0.00194249
15.5  1.31947  0.0183008  0.00250049
15.5  1.3823  0.02023  0.00241498
15.5  1.44513  0.0218204  0.00370579
15.5  1.50796  0.0175075  0.0019251
15.5  1.5708  0.0175983  0.0019048
15.5  1.63363  0.0207875  0.0024707
15.5  1.69646  0.019204  0.00236612
15.5  1.75929  0.0228374  0.00345893
15.5  1.82212  0.0181155  0.0021204
15.5  1.88496  0.0186826  0.00181114
15.5  1.94779  0.0236607  0.00322964
15.5  2.01062  0.0228072  0.00278163
15.5  2.07345  0.0232097  0.0038037
15.5  2.13628  0.0213459  0.00241948
15.5  2.19911  0.0196623  0.00188933
15.5  2.26195  0.0172707  0.00177569
15.5  2.32478  0.0265354  0.00440368
15.5  2.38761  0.0291418  0.00548009
15.5  2.45044  0.0662132  0.0293746
15.5  2.51327  0.0539101  0.02202
15.5  2.57611  0.0896689  0.0745397
15.5  2.63894  0.158355  0.208221
15.5  2.70177  0.192587  0.18668
15.5  2.7646  0.25946  0.150728
15.5  2.82743  0.0980058  0.0495656
15.5  2.89027  0  0
15.5  2.9531  0  0
15.5  3.01593  0  0
15.5  3.07876  0  0
16  0  0  0
16  0.0628319  0  0
16  0.125664  0  0
16  0.188496  0  0
16  0.251327  0.31511  0.215019
16  0.314159  0.220623  0.173722
16  0.376991  0.118412  0.13888
16  0.439823  0.101012  0.150973
16  0.502655  0.0603531  0.0428541
16  0.565487  0.0675787  0.0331173
16  0.628319  0.050519  0.021876
16  0.69115  0.033337  0.00733636
16  0.753982  0.0225558  0.00255188
16  0.816814  0.0197425  0.00189149
16  0.879646  0.0201146  0.00182501
16  0.942478  0.018036  0.00158311
16  1.00531  0.0201997  0.00216684
16  1.06814  0.0218498  0.0028817
16  1.13097  0.0248373  0.00371718
16  1.19381  0.0216253  0.00319645
16  1.25664  0.0227539  0.00295585
16  1.31947  0.0188716  0.00212374
16  1.3823  0.0187392  0.00201172
16  1.44513  0.0215831  0.0026316
16  1.50796  0.0200244  0.00254344
16  1.5708  0.0213109  0.00242832
16  1.63363  0.018265  0.00201304
16  1.69646  0.0221355  0.00307042
16  1.75929  0.0213216  0.00247697
16  1.82212  0.019859  0.00239197
16  1.88496  0.0173534  0.0017923
16  1.94779  0.0221403  0.00294058
16  2.01062  0.0199216  0.00227581
16  2.07345  0.0188004  0.00183234
16  2.13628  0.0203681  0.00219071
16  2.19911  0.0245954  0.00316856
16  2.26195  0.017967  0.00176008
16  2.32478  0.0324621  0.00644442
16  2.38761  0.0340768  0.00787367
16  2.45044  0.0364599  0.0123992
16  2.51327  0.0557877  0.0292426
16  2.57611  0.0982129  0.0788026
16  2.63894  0.115979  0.154331
16  2.70177  0.206347  0.22485
16  2.7646  0.243154  0.170047
16  2.82743  0.261585  0.151864
16  2.89027  0.258759  1.70226
16  2.9531  0  0
16  3.01593  0  0
16  3.07876  0  0
16.5  0  0  0
16.5  0.0628319  0  0
16.5  0.125664  0  0
16.5  0.188496  0  0
16.5  0.251327  0.194567  0.135898
16.5  0.314159  0.196794  0.168664
16.5  0.376991  0.104088  0.14747
16.5  0.439823  0.095285  0.0846939
16.5  0.502655  0.117794  0.171832
16.5  0.565487  0.043409  0.0158502
16.5  0.628319  0.0714603  0.0314627
16.5  0.69115  0.0446607  0.0118416
16.5  0.753982  0.0252226  0.00428623
16.5  0.816814  0.0183907  0.00201525
16.5  0.879646  0.0204944  0.00206915
16.5  0.942478  0.0205379  0.002364
16.5  1.00531  0.0179538  0.0019647
16.5  1.06814  0.0223014  0.00259779
16.5  1.13097  0.0231601  0.00356393
16.5  1.19381  0.0208246  0.00252219
16.5  1.25664  0.0212128  0.00284303
16.5  1.31947  0.0174772  0.00203362
16.5  1.3823  0.0194537  0.00220482
16.5  1.44513  0.0184356  0.00259906
16.5  1.50796  0.0197971  0.00255411
16.5  1.5708  0.0193295  0.00226737
16.5  1.63363  0.0165956  0.00181539
16.5  1.69646  0.0188178  0.0022439
16.5  1.75929  0.0175634  0.00233077
16.5  1.82212  0.0206471  0.00278836
16.5  1.88496  0.0171436  0.00176509
16.5  1.94779  0.0188144  0.0022217
16.5  2.01062  0.0191172  0.00198739
16.5  2.07345  0.0193078  0.0022625
16.5  2.13628  0.0167974  0.00170871
16.5  2.19911  0.0224399  0.00248036
16.5  2.26195  0.0199599  0.00241023
16.5  2.32478  0.0268949  0.00404829
16.5  2.38761  0.0399512  0.0127068
16.5  2.45044  0.0416771  0.0133137
16.5  2.51327  0.0483083  0.0180429
16.5  2.57611  0.0971868  0.149427
16.5  2.63894  0.169536  0.139576
16.5  2.70177  0.0502467  0.0471673
16.5  2.7646  0.0670969  0.0939398
16.5  2.82743  0.305211  0.252022
16.5  2.89027  0  0
16.5  2.9531  0  0
16.5  3.01593  0  0
16.5  3.07876  0  0
17  0  0  0
17  0.0628319  0  0
17  0.125664  0  0
17  0.188496  0  0
17  0.251327  0.219987  0.118192
17  0.314159  0.105159  0.163724
17  0.376991  0.173221  0.149147
17  0.439823  0.117049  0.168248
17  0.502655  0.0835515  0.0530359
17  0.565487  0.0623373  0.0331005
17  0.628319  0.0700948  0.0414174
17  0.69115  0.028148  0.00506258
17  0.753982  0.0189528  0.00213162
17  0.816814  0.0219727  0.00240591
17  0.879646  0.0196045  0.00209665
17  0.942478  0.0205746  0.00194993
17  1.00531  0.0172109  0.00160537
17  1.06814  0.0183609  0.00213961
17  1.13097  0.0204771  0.00238732
17  1.19381  0.0224585  0.00341266
17  1.25664  0.0230026  0.00347555
17  1.31947  0.0172439  0.00194394
17  1.3823  0.0180991  0.002146
17  1.44513  0.0212938  0.00259799
17  1.50796  0.02328  0.00314807
17  1.5708  0.0173121  0.00161397
17  1.63363  0.0206328  0.00271732
17  1.69646  0.0199721  0.0028148
17  1.75929  0.0175898  0.0019021
17  1.82212  0.0178818  0.0021443
17  1.88496  0.0185211  0.00238124
17  1.94779  0.0197537  0.00224644
17  2.01062  0.0212098  0.00258615
17  2.07345  0.0173445  0.0014831
17  2.13628  0.0198673  0.00202564
17  2.19911  0.019587  0.00196687
17  2.26195  0.0179639  0.00195081
17  2.32478  0.0246396  0.00507361
17  2.38761  0.0259688  0.00430463
17  2.45044  0.0345173  0.0115888
17  2.51327  0.0536659  0.0287861
17  2.57611  0.0677265  0.0483098
17  2.63894  0.107643  0.0953281
17  2.70177  0.124335  0.177432
17  2.7646  0.187547  0.186614
17  2.82743  0.214823  0.108409
17  2.89027  0  0
17  2.9531  0  0
17  3.01593  0  0
17  3.07876  0  0
17.5  0  0  0
17.5  0.0628319  0  0
17.5  0.125664  0  0
17.5  0.188496  0  0
17.5  0.251327  0.139965  0.139954
17.5  0.314159  0.290862  0.250237
17.5  0.376991  0.096391  0.127203
17.5  0.439823  0.0817169  0.128608
17.5  0.502655  0.0783352  0.0608459
17.5  0.565487  0.0409873  0.0138934
17.5  0.628319  0.0354855  0.0118025
17.5  0.69115  0.0323256  0.00742448
17.5  0.753982  0.0210104  0.00244944
17.5  0.816814  0.0202419  0.00224978
17.5  0.879646  0.0188108  0.00190338
17.5  0.942478  0.0198479  0.00218804
17.5  1.00531  0.0216447  0.00241169
17.5  1.06814  0.01719  0.0018815
17.5  1.13097  0.0203279  0.00207698
17.5  1.19381  0.0154334  0.00159962
17.5  1.25664  0.0188281  0.00210273
17.5  1.31947  0.0207646  0.00261996
17.5  1.3823  0.0188268  0.00235005
17.5  1.44513  0.0200264  0.00254849
17.5  1.50796  0.017076  0.00209954
17.5  1.5708  0.0193327  0.00257424
17.5  1.63363  0.023835  0.00376295
17.5  1.69646  0.0217419  0.00293549
17.5  1.75929  0.0184051  0.00229808
17.5  1.82212  0.0215763  0.00299545
17.5  1.88496  0.020421  0.0026895
17.5  1.94779  0.0218214  0.0033492
17.5  2.01062  0.0172009  0.00154874
17.5  2.07345  0.0208469  0.00236262
17.5  2.13628  0.0202356  0.00200076
17.5  2.19911  0.0185975  0.00164806
17.5  2.26195  0.019309  0.00199649
17.5  2.32478  0.0224816  0.00283824
17.5  2.38761  0.0294363  0.0068138
17.5  2.45044  0.044835  0.0148514
17.5  2.51327  0.0551296  0.0224468
17.5  2.57611  0.121345  0.15215
17.5  2.63894  0.15598  0.11342
17.5  2.70177  0.139733  0.16594
17.5  2.7646  0.266  0.190255
17.5  2.82743  0.0780735  0.162762
17.5  2.89027  0  0
17.5  2.9531  0  0
17.5  3.01593  0  0
17.5  3.07876  0  0
18  0  0  0
18  0.0628319  0  0
18  0.125664  0  0
18  0.188496  0  0
18  0.251327  0.266082  0.133175
18  0.314159  0.286482  0.286541
18  0.376991  0.135831  0.154205
18  0.439823  0.107418  0.165173
18  0.502655  0.0554702  0.0385185
18  0.565487  0.0548814  0.0361708
18  0.628319  0.0454237  0.0147909
18  0.69115  0.0307116  0.00646311
18  0.753982  0.0245219  0.00320805
18  0.816814  0.0194296  0.00209745
18  0.879646  0.0175182  0.00154216
18  0.942478  0.0227073  0.00283626
18  1.00531  0.0243325  0.0034883
18  1.06814  0.0186931  0.00209543
18  1.13097  0.0192573  0.00214416
18  1.19381  0.0184963  0.00193878
18  1.25664  0.018972  0.00215981
18  1.31947  0.0229949  0.00320538
18  1.3823  0.021038  0.00276341
18  1.44513  0.0175225  0.00210582
18  1.50796  0.0199864  0.00237926
18  1.5708  0.0214214  0.00281379
18  1.63363  0.0200874  0.00238745
18  1.69646  0.0187142  0.00208079
18  1.75929  0.0185829  0.00224283
18  1.82212  0.0255947  0.00385024
18  1.88496  0.0178777  0.00198101
18  1.94779  0.0204513  0.00242403
18  2.01062  0.0192653  0.00196474
18  2.07345  0.0184852  0.00213451
18  2.13628  0.019165  0.00195367
18  2.19911  0.019542  0.00228923
18  2.26195  0.0184835  0.00169158
18  2.32478  0.0212847  0.00271006
18  2.38761  0.0337692  0.0073224
18  2.45044  0.0427808  0.0173648
18  2.51327  0.0610537  0.0341469
18  2.57611  0.0846338  0.0661137
18  2.63894  0.148351  0.137303
18  2.70177  0.096761  0.14875
18  2.7646  0.14801  0.128081
18  2.82743  0.287719  0.146903
18  2.89027  0  0
18  2.9531  0  0
18  3.01593  0  0
18  3.07876  0  0
18.5  0  0  0
18.5  0.0628319  0  0
18.5  0.125664  0  0
18.5  0.188496  0  0
18.5  0.251327  0.257095  0.252639
18.5  0.314159  0.0783294  0.117287
18.5  0.376991  0.158258  0.181633
18.5  0.439823  0.166742  0.143408
18.5  0.502655  0.0604445  0.0402574
18.5  0.565487  0.0667998  0.0354488
18.5  0.628319  0.0342668  0.0088507
18.5  0.69115  0.0265333  0.00726736
18.5  0.753982  0.0225347  0.00302539
18.5  0.816814  0.0167182  0.00148828
18.5  0.879646  0.0192918  0.00207871
18.5  0.942478  0.0205711  0.00235645
18.5  1.00531  0.0189713  0.00196821
18.5  1.06814  0.0171112  0.00183684
18.5  1.13097  0.0210124  0.00257942
18.5  1.19381  0.0190542  0.00201961
18.5  1.25664  0.0165952  0.00169641
18.5  1.31947  0.018982  0.00228084
18.5  1.3823  0.0245803  0.00399109
18.5  1.44513  0.0193844  0.00283864
18.5  1.50796  0.0205245  0.00273287
18.5  1.5708  0.0192055  0.00205075
18.5  1.63363  0.0168729  0.00178999
18.5  1.69646  0.0190337  0.00227562
18.5  1.75929  0.0209291  0.00269227
18.5  1.82212  0.0199441  0.00236195
18.5  1.88496  0.0181934  0.00201635
18.5  1.94779  0.0195121  0.0021623
18.5  2.01062  0.0211183  0.00230015
18.5  2.07345  0.0244511  0.00326456
18.5  2.13628  0.017752  0.00167849
18.5  2.19911  0.0171132  0.00141542
18.5  2.26195  0.0180123  0.00142517
18.5  2.32478  0.0194213  0.00183464
18.5  2.38761  0.0303323  0.0064895
18.5  2.45044  0.0320034  0.00977222
18.5  2.51327  0.0843398  0.0511748
18.5  2.57611  0.0939427  0.0713581
18.5  2.63894  0.142999  0.189506
18.5  2.70177  0.106403  0.163586
18.5  2.7646  0.206245  0.171558
18.5  2.82743  0.0555144  0.101841
18.5  2.89027  0  0
18.5  2.9531  0  0
18.5  3.01593  0  0
18.5  3.07876  0  0
19  0  0  0
19  0.0628319  0  0
19  0.125664  0  0
19  0.188496  0  0
19  0.251327  0.173797  0.156753
19  0.314159  0.106118  0.11963
19  0.376991  0.162691  0.153091
19  0.439823  0.0566806  0.0327147
19  0.502655  0.0626552  0.034363
19  0.565487  0.0739713  0.0442276
19  0.628319  0.0338219  0.0129609
19  0.69115  0.0252356  0.00459525
19  0.753982  0.0249869  0.00396566
19  0.816814  0.0189273  0.00191601
19  0.879646  0.0201462  0.00239081
19  0.942478  0.0196178  0.00204147
19  1.00531  0.0164453  0.00153838
19  1.06814  0.0259489  0.0039371
19  1.13097  0.0204086  0.00224413
19  1.19381  0.0160308  0.00164855
19  1.25664  0.0158998  0.00153767
19  1.31947  0.0172837  0.00177383
19  1.3823  0.0188765  0.00218891
19  1.44513  0.0188266  0.00216287
19  1.50796  0.0180568  0.0020725
19  1.5708  0.0188638  0.00230033
19  1.63363  0.0166982  0.0016147
19  1.69646  0.0197943  0.00241786
19  1.75929  0.0201282  0.00206859
19  1.82212  0.0187915  0.00231721
19  1.88496  0.0167884  0.00188984
19  1.94779  0.0175148  0.00195701
19  2.01062  0.022258  0.00254494
19  2.07345  0.017199  0.00154964
19  2.13628  0.0192411  0.00191873
19  2.19911  0.0184547  0.00169533
19  2.26195  0.0205919  0.00210334
19  2.32478  0.0228249  0.00316564
19  2.38761  0.0271535  0.00612212
19  2.45044  0.0337529  0.0120708
19  2.51327  0.0921409  0.0603265
19  2.57611  0.104295  0.146026
19  2.63894  0.134091  0.181211
19  2.70177  0.168444  0.142899
19  2.7646  0.331068  0.248406
19  2.82743  0.281133  0.140642
19  2.89027  0  0
19  2.9531  0  0
19  3.01593  0  0
19  3.07876  0  0
19.5  0  0  0
19.5  0.0628319  0  0
19.5  0.125664  0  0
19.5  0.188496  0  0
19.5  0.251327  0.139334  0.19664
19.5  0.314159  0.149113  0.169387
19.5  0.376991  0.178117  0.15947
19.5  0.439823  0.116031  0.166418
19.5  0.502655  0.0808098  0.0621067
19.5  0.565487  0.0579677  0.0371756
19.5  0.628319  0.0521231  0.0179612
19.5  0.69115  0.0265037  0.00554372
19.5  0.753982  0.0219164  0.0024007
19.5  0.816814  0.0216934  0.00247723
19.5  0.879646  0.0178778  0.00166699
19.5  0.942478  0.02319  0.00283355
19.5  1.00531  0.0163893  0.00150877
19.5  1.06814  0.0190866  0.00204834
19.5  1.13097  0.0174954  0.00190152
19.5  1.19381  0.0205808  0.00256722
19.5  1.25664  0.0226604  0.00347503
19.5  1.31947  0.0224453  0.00309281
19.5  1.3823  0.0183523  0.00224918
19.5  1.44513  0.0192348  0.00226769
19.5  1.50796  0.0213695  0.00276725
19.5  1.5708  0.0172698  0.00169992
19.5  1.63363  0.0206199  0.00261579
19.5  1.69646  0.0163159  0.00193537
19.5  1.75929  0.021458  0.00282645
19.5  1.82212  0.0211346  0.00317082
19.5  1.88496  0.0171806  0.00190895
19.5  1.94779  0.0218522  0.00288429
19.5  2.01062  0.0175694  0.00172177
19.5  2.07345  0.0191559  0.00207741
19.5  2.13628  0.0160619  0.00125488
19.5  2.19911  0.0219589  0.00233833
19.5  2.26195  0.0195642  0.00187846
19.5  2.32478  0.0188306  0.00218482
19.5  2.38761  0.0253763  0.00450958
19.5  2.45044  0.0394529  0.0164013
19.5  2.51327  0.0681398  0.0512674
19.5  2.57611  0.11347  0.158719
19.5  2.63894  0.124032  0.0974144
19.5  2.70177  0.0541602  0.0481622
19.5  2.7646  0.147812  0.164517
19.5  2.82743  0.126484  0.0775773
19.5  2.89027  0  0
19.5  2.9531  0  0
19.5  3.01593  0  0
19.5  3.07876  0  0
20  0  0  0
20  0.0628319  0  0
20  0.125664  0  0
20  0.188496  0  0
20  0.251327  0.253094  0.140399
20  0.314159  0.127071  0.121532
20  0.376991  0.0794535  0.0833639
20  0.439823  0.0525967  0.0527689
20  0.502655  0.0894871  0.1372
20  0.565487  0.0597504  0.0364486
20  0.628319  0.0334432  0.0101679
20  0.69115  0.0292386  0.00840641
20  0.753982  0.0199715  0.00198589
20  0.816814  0.0179994  0.00176827
20  0.879646  0.0178415  0.00154467
20  0.942478  0.0180475  0.00160096
20  1.00531  0.0178784  0.00165614
20  1.06814  0.0199433  0.00233043
20  1.13097  0.0176791  0.00223207
20  1.19381  0.0209741  0.00286809
20  1.25664  0.0200542  0.00268739
20  1.31947  0.0180936  0.00205873
20  1.3823  0.0237908  0.00346194
20  1.44513  0.0181271  0.00228508
20  1.50796  0.0185563  0.00215136
20  1.5708  0.0181612  0.00204256
20  1.63363  0.0191347  0.00288089
20  1.69646  0.0192114  0.00249846
20  1.75929  0.0190044  0.00235489
20  1.82212  0.0185449  0.00217466
20  1.88496  0.0218559  0.00326833
20  1.94779  0.0182086  0.00243932
20  2.01062  0.0219138  0.00277162
20  2.07345  0.0231633  0.00305256
20  2.13628  0.0181961  0.00165528
20  2.19911  0.0167936  0.00135696
20  2.26195  0.0193121  0.00217483
20  2.32478  0.0219797  0.00336974
20  2.38761  0.0233978  0.00373441
20  2.45044  0.0395331  0.0129168
20  2.51327  0.0507183  0.0251374
20  2.57611  0.0906545  0.131443
20  2.63894  0.13782  0.119869
20  2.70177  0.104967  0.110144
20  2.7646  0.115318  0.141409
20  2.82743  0.195154  0.178949
20  2.89027  0  0
20  2.9531  0  0
20  3.01593  0  0
20  3.07876  0  0
20.5  0  0  0
20.5  0.0628319  0  0
20.5  0.125664  0  0
20.5  0.188496  0  0
20.5  0.251327  0.191305  0.151272
20.5  0.314159  0.168758  0.157088
20.5  0.376991  0.128074  0.138497
20.5  0.439823  0.191689  0.137181
20.5  0.502655  0.121406  0.168974
20.5  0.565487  0.0451142  0.0202285
20.5  0.628319  0.0360997  0.0115237
20.5  0.69115  0.0314993  0.00771195
20.5  0.753982  0.025832  0.00385629
20.5  0.816814  0.0173992  0.00143226
20.5  0.879646  0.0188587  0.00188588
20.5  0.942478  0.0159648  0.00136441
20.5  1.00531  0.018325  0.00171873
20.5  1.06814  0.018683  0.00205839
20.5  1.13097  0.0173177  0.00182879
20.5  1.19381  0.0177023  0.0017806
20.5  1.25664  0.0182107  0.00205649
20.5  1.31947  0.0179364  0.00230322
20.5  1.3823  0.0185245  0.00237236
20.5  1.44513  0.018412  0.00231068
20.5  1.50796  0.0194872  0.00231572
20.5  1.5708  0.0175189  0.00226144
20.5  1.63363  0.0227077  0.00343409
20.5  1.69646  0.0204925  0.00287498
20.5  1.75929  0.0191371  0.00243912
20.5  1.82212  0.0173536  0.00202144
20.5  1.88496  0.0199769  0.00242328
20.5  1.94779  0.0174722  0.00174868
20.5  2.01062  0.0171518  0.00173353
20.5  2.07345  0.0165009  0.00158633
20.5  2.13628  0.0177286  0.00167872
20.5  2.19911  0.0177612  0.00158085
20.5  2.26195  0.0185156  0.00179884
20.5  2.32478  0.0205412  0.00257867
20.5  2.38761  0.0248504  0.00450302
20.5  2.45044  0.0320491  0.010705
20.5  2.51327  0.0554351  0.0298186
20.5  2.57611  0.0764551  0.0658792
20.5  2.63894  0.10286  0.156369
20.5  2.70177  0.129107  0.113515
20.5  2.7646  0.211131  0.166434
20.5  2.82743  0.217346  0.15636
20.5  2.89027  0  0
20.5  2.9531  0  0
20.5  3.01593  0  0
20.5  3.07876  0  0
21  0  0  0
21  0.0628319  0  0
21  0.125664  0  0
21  0.188496  0  0
21  0.251327  0.113905  0.179106
21  0.314159  0.113278  0.177786
21  0.376991  0.0912647  0.144169
21  0.439823  0.0840514  0.133292
21  0.502655  0.0625238  0.0498888
21  0.565487  0.055465  0.0359255
21  0.628319  0.0300921  0.0104369
21  0.69115  0.0274916  0.00546069
21  0.753982  0.0207905  0.00288147
21  0.816814  0.0215208  0.0025777
21  0.879646  0.020784  0.00190828
21  0.942478  0.0167078  0.00130716
21  1.00531  0.0189291  0.00192011
21  1.06814  0.0210915  0.00246818
21  1.13097  0.0175231  0.00204576
21  1.19381  0.0181727  0.00218202
21  1.25664  0.0204591  0.0024015
21  1.31947  0.0195023  0.00225476
21  1.3823  0.0177926  0.00186032
21  1.44513  0.0177439  0.0020356
21  1.50796  0.0181945  0.00196227
21  1.5708  0.0218279  0.00284467
21  1.63363  0.018826  0.00207878
21  1.69646  0.0172594  0.00190742
21  1.75929  0.0196775  0.0022957
21  1.82212  0.018586  0.00250454
21  1.88496  0.0185693  0.0020919
21  1.94779  0.0186601  0.00238899
21  2.01062  0.0166264  0.00153824
21  2.07345  0.0208896  0.00212615
21  2.13628  0.0177792  0.00171946
21  2.19911  0.0179044  0.00167371
21  2.26195  0.0204881  0.002121
21  2.32478  0.0211071  0.00243851
21  2.38761  0.0280527  0.00521376
21  2.45044  0.0326332  0.00813936
21  2.51327  0.0387054  0.0159974
21  2.57611  0.0672151  0.0417569
21  2.63894  0.137837  0.146537
21  2.70177  0.166862  0.166858
21  2.7646  0.14128  0.123371
21  2.82743  0.336775  0.171935
21  2.89027  0  0
21  2.9531  0  0
21  3.01593  0  0
21  3.07876  0  0
21.5  0  0  0
21.5  0.0628319  0  0
21.5  0.125664  0  0
21.5  0.188496  0  0
21.5  0.251327  0.169865  0.135584
21.5  0.314159  0.159736  0.126202
21.5  0.376991  0.137022  0.103566
21.5  0.439823  0.11824  0.177929
21.5  0.502655  0.0607334  0.0367367
21.5  0.565487  0.0354338  0.0118557
21.5  0.628319  0.032977  0.011594
21.5  0.69115  0.0310468  0.00756839
21.5  0.753982  0.0239411  0.00335192
21.5  0.816814  0.0190482  0.00207119
21.5  0.879646  0.0169515  0.00162896
21.5  0.942478  0.0187438  0.00168902
21.5  1.00531  0.0174579  0.00162682
21.5  1.06814  0.0184385  0.0017759
21.5  1.13097  0.0201197  0.00231544
21.5  1.19381  0.0175958  0.00193183
21.5  1.25664  0.0184484  0.00223337
21.5  1.31947  0.019745  0.00252612
21.5  1.3823  0.0182546  0.00178593
21.5  1.44513  0.0171609  0.00189252
21.5  1.50796  0.0188511  0.00202834
21.5  1.5708  0.0172579  0.00199389
21.5  1.63363  0.015851  0.00155894
21.5  1.69646  0.0165334  0.00179774
21.5  1.75929  0.0218879  0.00287318
21.5  1.82212  0.0187803  0.00230372
21.5  1.88496  0.0185525  0.00188911
21.5  1.94779  0.0205434  0.00250254
21.5  2.01062  0.0163228  0.00152591
21.5  2.07345  0.0174697  0.00164921
21.5  2.13628  0.01784  0.00163137
21.5  2.19911  0.0177653  0.00150788
21.5  2.26195  0.0185001  0.00159189
21.5  2.32478  0.019568  0.00270055
21.5  2.38761  0.0220812  0.00298248
21.5  2.45044  0.0413414  0.0144441
21.5  2.51327  0.0606035  0.0296793
21.5  2.57611  0.0622215  0.0512919
21.5  2.63894  0.0880593  0.0738416
21.5  2.70177  0.107334  0.168589
21.5  2.7646  0.0955315  0.132191
21.5  2.82743  0.165588  0.105347
21.5  2.89027  0  0
21.5  2.9531  0  0
21.5  3.01593  0  0
21.5  3.07876  0  0
22  0  0  0
22  0.0628319  0  0
22  0.125664  0  0
22  0.188496  0.258759  1.70226
22  0.251327  0.0614775  0.104799
22  0.314159  0.153562  0.147843
22  0.376991  0.162958  0.0848038
22  0.439823  0.0740315  0.0701162
22  0.502655  0.0869449  0.074382
22  0.565487  0.0484777  0.0254991
22  0.628319  0.0346539  0.010308
22  0.69115  0.0250575  0.00436928
22  0.753982  0.0196512  0.00215821
22  0.816814  0.0185922  0.00198373
22  0.879646  0.0181908  0.00180623
22  0.942478  0.0181027  0.00154822
22  1.00531  0.0172957  0.00168994
22  1.06814  0.0192066  0.00197823
22  1.13097  0.0207199  0.00254689
22  1.19381  0.0192166  0.00241945
22  1.25664  0.0179961  0.0020686
22  1.31947  0.0181089  0.00221826
22  1.3823  0.0188335  0.002108
22  1.44513  0.0184616  0.00214454
22  1.50796  0.016258  0.00158105
22  1.5708  0.0190688  0.0021612
22  1.63363  0.0219733  0.00281085
22  1.69646  0.019132  0.00247795
22  1.75929  0.0219395  0.00341366
22  1.82212  0.0183523  0.00193437
22  1.88496  0.0185894  0.00235638
22  1.94779  0.0194872  0.00210534
22  2.01062  0.0195954  0.00214975
22  2.07345  0.0149651  0.00137562
22  2.13628  0.0168314  0.00166489
22  2.19911  0.0195322  0.00191658
22  2.26195  0.0207071  0.00212779
22  2.32478  0.0231959  0.00270122
22  2.38761  0.0285462  0.00524007
22  2.45044  0.0266147  0.00612454
22  2.51327  0.0410937  0.0144052
22  2.57611  0.0433156  0.0240038
22  2.63894  0.113286  0.167359
22  2.70177  0.0823891  0.0827969
22  2.7646  0.191326  0.218505
22  2.82743  0.0522465  0.113896
22  2.89027  0.258759  1.70225
22  2.9531  0  0
22  3.01593  0  0
22  3.07876  0  0
22.5  0  0  0
22.5  0.0628319  0  0
22.5  0.125664  0  0
22.5  0.188496  0  0
22.5  0.251327  0.1988  0.15837
22.5  0.314159  0.221391  0.207364
22.5  0.376991  0.148819  0.165732
22.5  0.439823  0.0619864  0.0627239
22.5  0.502655  0.0543873  0.048426
22.5  0.565487  0.0555888  0.0310809
22.5  0.628319  0.0355798  0.0116724
22.5  0.69115  0.0282028  0.00654924
22.5  0.753982  0.0204033  0.00249772
22.5  0.816814  0.0174767  0.00163336
22.5  0.879646  0.020722  0.00200612
22.5  0.942478  0.0153466  0.00128325
22.5  1.00531  0.0172776  0.00171523
22.5  1.06814  0.0197009  0.00220485
22.5  1.13097  0.0170752  0.00159012
22.5  1.19381  0.0171988  0.00178053
22.5  1.25664  0.0188402  0.00197925
22.5  1.31947  0.0175349  0.00206911
22.5  1.3823  0.0188495  0.00202232
22.5  1.44513  0.0163747  0.00191385
22.5  1.50796  0.0171016  0.00210755
22.5  1.5708  0.0184597  0.00213901
22.5  1.63363  0.0212657  0.00269078
22.5  1.69646  0.0198273  0.00224743
22.5  1.75929  0.0181482  0.00231119
22.5  1.82212  0.0227142  0.00338621
22.5  1.88496  0.0196693  0.00205561
22.5  1.94779  0.0193142  0.00229625
22.5  2.01062  0.0187479  0.0019024
22.5  2.07345  0.0158375  0.00130269
22.5  2.13628  0.0164599  0.00124854
22.5  2.19911  0.0198533  0.00189852
22.5  2.26195  0.0168408  0.00158765
22.5  2.32478  0.0206155  0.00300145
22.5  2.38761  0.0267555  0.0056881
22.5  2.45044  0.034532  0.0109239
22.5  2.51327  0.0548384  0.0272084
22.5  2.57611  0.0775161  0.0750197
22.5  2.63894  0.0970324  0.145798
22.5  2.70177  0.174324  0.090785
22.5  2.7646  0.280018  0.158372
22.5  2.82743  0.284405  0.154349
22.5  2.89027  0  0
22.5  2.9531  0  0
22.5  3.01593  0  0
22.5  3.07876  0  0
23  0  0  0
23  0.0628319  0  0
23  0.125664  0  0
23  0.188496  0  0
23  0.251327  0.23618  0.161502
23  0.314159  0.154065  0.123791
23  0.376991  0.157963  0.143758
23  0.439823  0.148001  0.106661
23  0.502655  0.0502196  0.0325841
23  0.565487  0.0394323  0.017825
23  0.628319  0.0347875  0.0112766
23  0.69115  0.0240707  0.00405767
23  0.753982  0.0209537  0.00253208
23  0.816814  0.0202943  0.00243187
23  0.879646  0.0176453  0.00148925
23  0.942478  0.0156366  0.00132298
23  1.00531  0.0157435  0.00113031
23  1.06814  0.0201143  0.00221986
23  1.13097  0.019091  0.00274374
23  1.19381  0.0182892  0.00191288
23  1.25664  0.0185238  0.00210338
23  1.31947  0.0218185  0.0031361
23  1.3823  0.0175215  0.00187527
23  1.44513  0.0173733  0.0018925
23  1.50796  0.0175708  0.00184179
23  1.5708  0.0203981  0.00261014
23  1.63363  0.0212927  0.00279625
23  1.69646  0.0182552  0.00193718
23  1.75929  0.0181985  0.0016139
23  1.82212  0.0184808  0.00212794
23  1.88496  0.0185216  0.00219395
23  1.94779  0.0184052  0.001921
23  2.01062  0.0165347  0.00142605
23  2.07345  0.0184721  0.00176514
23  2.13628  0.0176921  0.00171813
23  2.19911  0.0186634  0.00203265
23  2.26195  0.0204462  0.00209811
23  2.32478  0.0213788  0.00252894
23  2.38761  0.02954  0.00799185
23  2.45044  0.0417414  0.02035
23  2.51327  0.0698951  0.0396994
23  2.57611  0.0546411  0.0421201
23  2.63894  0.0966318  0.15591
23  2.70177  0.15251  0.187783
23  2.7646  0.168851  0.155599
23  2.82743  0.197684  0.18922
23  2.89027  0  0
23  2.9531  0  0
23  3.01593  0  0
23  3.07876  0  0
23.5  0  0  0
23.5  0.0628319  0  0
23.5  0.125664  0  0
23.5  0.188496  0  0
23.5  0.251327  0.0476524  0.0663288
23.5  0.314159  0.142136  0.127563
23.5  0.376991  0.152547  0.168842
23.5  0.439823  0.101513  0.143657
23.5  0.502655  0.0503716  0.0322659
23.5  0.565487  0.0319943  0.0115126
23.5  0.628319  0.0448005  0.0166861
23.5  0.69115  0.0283526  0.00537364
23.5  0.753982  0.0200404  0.0022094
23.5  0.816814  0.0156915  0.00137239
23.5  0.879646  0.0168707  0.00158666
23.5  0.942478  0.0192465  0.00205709
23.5  1.00531  0.0189356  0.00223153
23.5  1.06814  0.01668  0.00174016
23.5  1.13097  0.0175677  0.00169021
23.5  1.19381  0.0164079  0.00145021
23.5  1.25664  0.0177391  0.00182027
23.5  1.31947  0.0201507  0.00236649
23.5  1.3823  0.0180428  0.0021927
23.5  1.44513  0.0161853  0.00162521
23.5  1.50796  0.0213757  0.00307525
23.5  1.5708  0.0172656  0.00192554
23.5  1.63363  0.0216242  0.00331745
23.5  1.69646  0.0204357  0.00225836
23.5  1.75929  0.0176115  0.00187828
23.5  1.82212  0.016249  0.00169172
23.5  1.88496  0.0174535  0.00194789
23.5  1.94779  0.0156039  0.00140746
23.5  2.01062  0.016756  0.00167279
23.5  2.07345  0.0190861  0.00192395
23.5  2.13628  0.0160263  0.0014079
23.5  2.19911  0.0169186  0.00154432
23.5  2.26195  0.0186774  0.00193393
23.5  2.32478  0.017489  0.00196325
23.5  2.38761  0.0225063  0.00329992
23.5  2.45044  0.0334197  0.0121447
23.5  2.51327  0.0460082  0.0204019
23.5  2.57611  0.0521653  0.0324383
23.5  2.63894  0.106959  0.127183
23.5  2.70177  0.0972392  0.159805
23.5  2.7646  0.0629393  0.082472
23.5  2.82743  0.185684  0.122503
23.5  2.89027  0.258759  1.70226
23.5  2.9531  0  0
23.5  3.01593  0  0
23.5  3.07876  0  0
24  0  0  0
24  0.0628319  0  0
24  0.125664  0  0
24  0.188496  0  0
24  0.251327  0.058576  0.0782812
24  0.314159  0.213312  0.222568
24  0.376991  0.0957553  0.157024
24  0.439823  0.0876691  0.133483
24  0.502655  0.0766904  0.0613336
24  0.565487  0.0486328  0.0264227
24  0.628319  0.0309136  0.0090645
24  0.69115  0.0275454  0.00679178
24  0.753982  0.0195124  0.00244021
24  0.816814  0.0169933  0.00158861
24  0.879646  0.0148192  0.00122746
24  0.942478  0.0175146  0.00174417
24  1.00531  0.0185177  0.00190128
24  1.06814  0.0176105  0.00187307
24  1.13097  0.0175514  0.00208038
24  1.19381  0.0170469  0.00180127
24  1.25664  0.0196061  0.00223837
24  1.31947  0.0205789  0.00277106
24  1.3823  0.0189098  0.00215275
24  1.44513  0.0173045  0.00192129
24  1.50796  0.0172789  0.00220608
24  1.5708  0.0149912  0.00136976
24  1.63363  0.0212722  0.00271652
24  1.69646  0.0200843  0.00246848
24  1.75929  0.0179856  0.00206675
24  1.82212  0.0186981  0.00206632
24  1.88496  0.018683  0.0020172
24  1.94779  0.0185518  0.00200686
24  2.01062  0.0180265  0.00239315
24  2.07345  0.016853  0.00148611
24  2.13628  0.0166482  0.00143666
24  2.19911  0.0174059  0.00146322
24  2.26195  0.0193714  0.00209437
24  2.32478  0.0227475  0.00352941
24  2.38761  0.0235699  0.00408057
24  2.45044  0.0315199  0.00931018
24  2.51327  0.0689816  0.0470806
24  2.57611  0.048098  0.0277736
24  2.63894  0.0744842  0.118848
24  2.70177  0.101115  0.112784
24  2.7646  0.0899443  0.108871
24  2.82743  0.236062  0.157409
24  2.89027  0  0
24  2.9531  0  0
24  3.01593  0  0
24  3.07876  0  0
24.5  0  0  0
24.5  0.0628319  0  0
24.5  0.125664  0  0
24.5  0.188496  0.24651  2.25042
24.5  0.251327  0.208559  0.108352
24.5  0.314159  0.1454  0.154907
24.5  0.376991  0.115988  0.154873
24.5  0.439823  0.0800251  0.0669289
24.5  0.502655  0.0459483  0.0227653
24.5  0.565487  0.047435  0.0306321
24.5  0.628319  0.0319034  0.00833928
24.5  0.69115  0.0297396  0.00692619
24.5  0.753982  0.0200084  0.00308982
24.5  0.816814  0.0188922  0.0016536
24.5  0.879646  0.0167519  0.00150772
24.5  0.942478  0.0160936  0.0014474
24.5  1.00531  0.0166608  0.00157344
24.5  1.06814  0.0163178  0.00165253
24.5  1.13097  0.0180876  0.00209101
24.5  1.19381  0.0180372  0.00168626
24.5  1.25664  0.0203368  0.00222687
24.5  1.31947  0.020224  0.00254882
24.5  1.3823  0.0199126  0.00257843
24.5  1.44513  0.0180811  0.00200273
24.5  1.50796  0.0198934  0.00253389
24.5  1.5708  0.0182971  0.00192712
24.5  1.63363  0.0184033  0.0021573
24.5  1.69646  0.0208688  0.00280247
24.5  1.75929  0.0190731  0.00226358
24.5  1.82212  0.0192034  0.00201874
24.5  1.88496  0.015976  0.0015888
24.5  1.94779  0.0180117  0.00194579
24.5  2.01062  0.0141018  0.00114868
24.5  2.07345  0.0163896  0.00166074
24.5  2.13628  0.0183889  0.00211927
24.5  2.19911  0.013743  0.00103428
24.5  2.26195  0.0172937  0.00166435
24.5  2.32478  0.0212612  0.00235871
24.5  2.38761  0.0263893  0.00549297
24.5  2.45044  0.032534  0.0079094
24.5  2.51327  0.0417524  0.0218536
24.5  2.57611  0.0672979  0.0458922
24.5  2.63894  0.0607859  0.0521518
24.5  2.70177  0.0887951  0.145806
24.5  2.7646  0.16638  0.0838845
24.5  2.82743  0.162934  0.116773
24.5  2.89027  0  0
24.5  2.9531  0  0
24.5  3.01593  0  0
24.5  3.07876  0  0
