2  0  0  0
2  0.0628319  0  0
2  0.125664  0  0
2  0.188496  0  0
2  0.251327  0  0
2  0.314159  0  0
2  0.376991  0  0
2  0.439823  0  0
2  0.502655  0  0
2  0.565487  0  0
2  0.628319  0  0
2  0.69115  0  0
2  0.753982  0  0
2  0.816814  0  0
2  0.879646  0  0
2  0.942478  0  0
2  1.00531  0  0
2  1.06814  0  0
2  1.13097  0  0
2  1.19381  0  0
2  1.25664  0  0
2  1.31947  0  0
2  1.3823  0  0
2  1.44513  0  0
2  1.50796  0  0
2  1.5708  0  0
2  1.63363  0  0
2  1.69646  0  0
2  1.75929  0  0
2  1.82212  0  0
2  1.88496  0  0
2  1.94779  0  0
2  2.01062  0  0
2  2.07345  0  0
2  2.13628  0  0
2  2.19911  0  0
2  2.26195  0  0
2  2.32478  0  0
2  2.38761  0  0
2  2.45044  0  0
2  2.51327  0  0
2  2.57611  0  0
2  2.63894  0  0
2  2.70177  0  0
2  2.7646  0  0
2  2.82743  0  0
2  2.89027  0  0
2  2.9531  0  0
2  3.01593  0  0
2  3.07876  0  0
2.5  0  0  0
2.5  0.0628319  0  0
2.5  0.125664  0  0
2.5  0.188496  0  0
2.5  0.251327  0  0
2.5  0.314159  0  0
2.5  0.376991  0  0
2.5  0.439823  0  0
2.5  0.502655  0  0
2.5  0.565487  0  0
2.5  0.628319  0  0
2.5  0.69115  0  0
2.5  0.753982  0  0
2.5  0.816814  0  0
2.5  0.879646  0  0
2.5  0.942478  0  0
2.5  1.00531  0  0
2.5  1.06814  0  0
2.5  1.13097  0  0
2.5  1.19381  0  0
2.5  1.25664  0  0
2.5  1.31947  0  0
2.5  1.3823  0  0
2.5  1.44513  0  0
2.5  1.50796  0  0
2.5  1.5708  0  0
2.5  1.63363  0  0
2.5  1.69646  0  0
2.5  1.75929  0  0
2.5  1.82212  0  0
2.5  1.88496  0  0
2.5  1.94779  0  0
2.5  2.01062  0  0
2.5  2.07345  0  0
2.5  2.13628  0  0
2.5  2.19911  0  0
2.5  2.26195  0  0
2.5  2.32478  0  0
2.5  2.38761  0  0
2.5  2.45044  0  0
2.5  2.51327  0  0
2.5  2.57611  0  0
2.5  2.63894  0  0
2.5  2.70177  0  0
2.5  2.7646  0  0
2.5  2.82743  0  0
2.5  2.89027  0  0
2.5  2.9531  0  0
2.5  3.01593  0  0
2.5  3.07876  0  0
3  0  0  0
3  0.0628319  0  0
3  0.125664  0  0
3  0.188496  0  0
3  0.251327  0  0
3  0.314159  0  0
3  0.376991  0  0
3  0.439823  0  0
3  0.502655  0  0
3  0.565487  0  0
3  0.628319  0  0
3  0.69115  0  0
3  0.753982  0  0
3  0.816814  0  0
3  0.879646  0  0
3  0.942478  0  0
3  1.00531  0.249284  2.1611
3  1.06814  10.536  12.0511
3  1.13097  4.77495  1.55635
3  1.19381  2.91107  0.434967
3  1.25664  2.86372  0.483907
3  1.31947  2.49911  0.252253
3  1.3823  2.34508  0.351565
3  1.44513  2.14319  0.220822
3  1.50796  2.32877  0.206535
3  1.5708  2.36705  0.228266
3  1.63363  2.6214  0.30084
3  1.69646  2.83476  0.425452
3  1.75929  2.75679  0.462115
3  1.82212  2.85454  0.385785
3  1.88496  2.59299  0.741926
3  1.94779  5.3813  2.7368
3  2.01062  10.0441  18.997
3  2.07345  0  0
3  2.13628  0  0
3  2.19911  0  0
3  2.26195  0  0
3  2.32478  0  0
3  2.38761  0  0
3  2.45044  0  0
3  2.51327  0  0
3  2.57611  0  0
3  2.63894  0  0
3  2.70177  0  0
3  2.7646  0  0
3  2.82743  0  0
3  2.89027  0  0
3  2.9531  0  0
3  3.01593  0  0
3  3.07876  0  0
3.5  0  0  0
3.5  0.0628319  0  0
3.5  0.125664  0  0
3.5  0.188496  0  0
3.5  0.251327  0  0
3.5  0.314159  0  0
3.5  0.376991  0  0
3.5  0.439823  0  0
3.5  0.502655  0  0
3.5  0.565487  0  0
3.5  0.628319  0  0
3.5  0.69115  0  0
3.5  0.753982  0  0
3.5  0.816814  7.91756  9.11266
3.5  0.879646  3.45134  0.587246
3.5  0.942478  2.57696  0.162366
3.5  1.00531  2.33924  0.158011
3.5  1.06814  2.36974  0.139627
3.5  1.13097  2.39923  0.158077
3.5  1.19381  2.20492  0.135669
3.5  1.25664  2.27615  0.126291
3.5  1.31947  2.03601  0.116554
3.5  1.3823  2.1689  0.11941
3.5  1.44513  2.25622  0.111783
3.5  1.50796  2.19581  0.113129
3.5  1.5708  2.22099  0.126232
3.5  1.63363  2.25819  0.143731
3.5  1.69646  2.26858  0.123434
3.5  1.75929  2.26338  0.132786
3.5  1.82212  2.19183  0.115157
3.5  1.88496  2.01701  0.102977
3.5  1.94779  2.37902  0.127908
3.5  2.01062  2.31186  0.125602
3.5  2.07345  2.61614  0.170157
3.5  2.13628  2.62658  0.198765
3.5  2.19911  2.52929  0.302746
3.5  2.26195  5.60882  4.43612
3.5  2.32478  0  0
3.5  2.38761  0  0
3.5  2.45044  0  0
3.5  2.51327  0  0
3.5  2.57611  0  0
3.5  2.63894  0  0
3.5  2.70177  0  0
3.5  2.7646  0  0
3.5  2.82743  0  0
3.5  2.89027  0  0
3.5  2.9531  0  0
3.5  3.01593  0  0
3.5  3.07876  0  0
4  0  0  0
4  0.0628319  0  0
4  0.125664  0  0
4  0.188496  0  0
4  0.251327  0  0
4  0.314159  0  0
4  0.376991  0  0
4  0.439823  0.244637  1.87231
4  0.502655  0  0
4  0.565487  0  0
4  0.628319  0.251589  2.01427
4  0.69115  6.88003  4.30796
4  0.753982  2.8283  0.246474
4  0.816814  2.78471  0.151537
4  0.879646  2.79071  0.127758
4  0.942478  2.63759  0.131493
4  1.00531  2.0862  0.106809
4  1.06814  2.18944  0.103123
4  1.13097  2.36326  0.131295
4  1.19381  2.2141  0.115801
4  1.25664  2.20619  0.116112
4  1.31947  2.23815  0.132618
4  1.3823  2.3032  0.156637
4  1.44513  2.24415  0.145419
4  1.50796  2.14225  0.124328
4  1.5708  2.11552  0.115863
4  1.63363  2.04336  0.117887
4  1.69646  1.93862  0.137304
4  1.75929  2.10647  0.117801
4  1.82212  2.00835  0.103782
4  1.88496  2.03591  0.10537
4  1.94779  2.05701  0.102954
4  2.01062  2.34643  0.130738
4  2.07345  2.24394  0.124137
4  2.13628  2.34451  0.115747
4  2.19911  2.47944  0.140853
4  2.26195  2.88399  0.209923
4  2.32478  3.14537  0.303941
4  2.38761  4.57073  1.84361
4  2.45044  0.249284  2.1611
4  2.51327  0  0
4  2.57611  0  0
4  2.63894  0  0
4  2.70177  0  0
4  2.7646  0  0
4  2.82743  0  0
4  2.89027  0  0
4  2.9531  0  0
4  3.01593  0  0
4  3.07876  0  0
4.5  0  0  0
4.5  0.0628319  0  0
4.5  0.125664  0  0
4.5  0.188496  0  0
4.5  0.251327  0  0
4.5  0.314159  0  0
4.5  0.376991  0  0
4.5  0.439823  0  0
4.5  0.502655  0  0
4.5  0.565487  10.5526  15.8256
4.5  0.628319  4.99199  1.1029
4.5  0.69115  2.48613  0.193312
4.5  0.753982  3.02728  0.176475
4.5  0.816814  2.49763  0.149806
4.5  0.879646  2.68425  0.140492
4.5  0.942478  2.48688  0.115586
4.5  1.00531  2.3651  0.122133
4.5  1.06814  2.46946  0.143738
4.5  1.13097  2.37988  0.124665
4.5  1.19381  2.29026  0.12572
4.5  1.25664  2.17796  0.11896
4.5  1.31947  1.94165  0.163575
4.5  1.3823  2.09897  0.119597
4.5  1.44513  2.32716  0.14075
4.5  1.50796  2.43893  0.165909
4.5  1.5708  2.07274  0.109134
4.5  1.63363  2.08614  0.115427
4.5  1.69646  2.4121  0.118093
4.5  1.75929  2.26113  0.125351
4.5  1.82212  2.0378  0.136598
4.5  1.88496  2.39291  0.133135
4.5  1.94779  2.47439  0.147185
4.5  2.01062  2.04084  0.0923354
4.5  2.07345  2.47999  0.115658
4.5  2.13628  2.64717  0.139842
4.5  2.19911  2.54065  0.123603
4.5  2.26195  2.66451  0.158763
4.5  2.32478  2.70268  0.164557
4.5  2.38761  2.63247  0.230295
4.5  2.45044  4.41186  1.02804
4.5  2.51327  24.8386  12.4292
4.5  2.57611  0  0
4.5  2.63894  0  0
4.5  2.70177  0  0
4.5  2.7646  0  0
4.5  2.82743  0  0
4.5  2.89027  0  0
4.5  2.9531  0  0
4.5  3.01593  0  0
4.5  3.07876  0  0
5  0  0  0
5  0.0628319  0  0
5  0.125664  0  0
5  0.188496  0  0
5  0.251327  0  0
5  0.314159  0  0
5  0.376991  0  0
5  0.439823  0  0
5  0.502655  26.0804  20.4847
5  0.565487  4.5086  0.860053
5  0.628319  4.08915  0.626583
5  0.69115  2.82813  0.19928
5  0.753982  2.71788  0.169867
5  0.816814  2.67123  0.141339
5  0.879646  2.59242  0.131804
5  0.942478  2.54886  0.142258
5  1.00531  2.51025  0.135449
5  1.06814  2.35572  0.136253
5  1.13097  2.47878  0.131597
5  1.19381  2.31886  0.118101
5  1.25664  2.27925  0.150082
5  1.31947  2.42158  0.121401
5  1.3823  2.00002  0.122814
5  1.44513  1.969  0.111678
5  1.50796  2.03564  0.129282
5  1.5708  2.14559  0.111261
5  1.63363  2.31488  0.143132
5  1.69646  2.51613  0.131171
5  1.75929  1.89712  0.102042
5  1.82212  2.36056  0.128193
5  1.88496  2.2196  0.116691
5  1.94779  2.41972  0.157925
5  2.01062  2.36217  0.116091
5  2.07345  2.27245  0.123449
5  2.13628  2.79604  0.14908
5  2.19911  2.20181  0.132304
5  2.26195  2.80263  0.163488
5  2.32478  2.44982  0.166144
5  2.38761  2.39588  0.25088
5  2.45044  3.22202  0.371745
5  2.51327  4.58205  0.983159
5  2.57611  31.5366  25.7519
5  2.63894  0  0
5  2.70177  0  0
5  2.7646  0  0
5  2.82743  0  0
5  2.89027  0  0
5  2.9531  0  0
5  3.01593  0  0
5  3.07876  0  0
5.5  0  0  0
5.5  0.0628319  0  0
5.5  0.125664  0  0
5.5  0.188496  0  0
5.5  0.251327  0  0
5.5  0.314159  0  0
5.5  0.376991  0  0
5.5  0.439823  2.50078  18.3503
5.5  0.502655  9.177  5.73002
5.5  0.565487  3.85763  0.686592
5.5  0.628319  3.31363  0.388191
5.5  0.69115  3.09693  0.247944
5.5  0.753982  2.64685  0.159644
5.5  0.816814  2.86894  0.159823
5.5  0.879646  2.36609  0.115232
5.5  0.942478  2.4433  0.129076
5.5  1.00531  2.68776  0.151867
5.5  1.06814  2.3916  0.134978
5.5  1.13097  2.22056  0.135245
5.5  1.19381  2.24201  0.126931
5.5  1.25664  2.25865  0.128067
5.5  1.31947  2.32261  0.132287
5.5  1.3823  2.25058  0.111515
5.5  1.44513  2.00158  0.117617
5.5  1.50796  2.21667  0.111837
5.5  1.5708  2.28128  0.125877
5.5  1.63363  2.39408  0.183082
5.5  1.69646  2.18875  0.120688
5.5  1.75929  2.0903  0.121972
5.5  1.82212  2.49761  0.142657
5.5  1.88496  2.53271  0.155222
5.5  1.94779  2.42086  0.125046
5.5  2.01062  2.33985  0.137248
5.5  2.07345  2.39872  0.128547
5.5  2.13628  2.19989  0.106354
5.5  2.19911  2.478  0.118521
5.5  2.26195  2.5504  0.136084
5.5  2.32478  2.48414  0.244872
5.5  2.38761  3.37081  0.32479
5.5  2.45044  3.67458  0.397282
5.5  2.51327  4.80943  1.0708
5.5  2.57611  7.01578  4.48726
5.5  2.63894  0.246646  2.24746
5.5  2.70177  0  0
5.5  2.7646  0  0
5.5  2.82743  0  0
5.5  2.89027  0  0
5.5  2.9531  0  0
5.5  3.01593  0  0
5.5  3.07876  0  0
6  0  0  0
6  0.0628319  0  0
6  0.125664  0  0
6  0.188496  0  0
6  0.251327  0  0
6  0.314159  0  0
6  0.376991  0  0
6  0.439823  44.7359  34.8861
6  0.502655  6.53217  2.3176
6  0.565487  4.11445  0.766623
6  0.628319  4.22152  0.624991
6  0.69115  2.89166  0.219215
6  0.753982  3.32478  0.214748
6  0.816814  2.73518  0.149428
6  0.879646  2.68397  0.132883
6  0.942478  2.59287  0.131011
6  1.00531  2.62289  0.158961
6  1.06814  2.31398  0.115441
6  1.13097  2.39863  0.117285
6  1.19381  2.23312  0.120981
6  1.25664  2.38879  0.13072
6  1.31947  2.18606  0.123174
6  1.3823  2.2814  0.135323
6  1.44513  2.05667  0.0960753
6  1.50796  2.3109  0.121289
6  1.5708  2.10681  0.114085
6  1.63363  2.46494  0.146122
6  1.69646  2.41562  0.120891
6  1.75929  2.30695  0.137502
6  1.82212  2.32916  0.139698
6  1.88496  2.22377  0.12084
6  1.94779  2.54496  0.142747
6  2.01062  2.31545  0.110428
6  2.07345  2.31673  0.121459
6  2.13628  2.77505  0.145276
6  2.19911  2.42372  0.129137
6  2.26195  2.52029  0.139004
6  2.32478  3.24084  0.202566
6  2.38761  2.90736  0.244693
6  2.45044  4.12324  0.584461
6  2.51327  4.22671  0.620278
6  2.57611  6.11442  2.07671
6  2.63894  7.89045  17.0727
6  2.70177  0  0
6  2.7646  0  0
6  2.82743  0  0
6  2.89027  0  0
6  2.9531  0  0
6  3.01593  0  0
6  3.07876  0  0
6.5  0  0  0
6.5  0.0628319  0  0
6.5  0.125664  0  0
6.5  0.188496  0  0
6.5  0.251327  0  0
6.5  0.314159  0  0
6.5  0.376991  3.75116  27.5255
6.5  0.439823  6.44469  3.14708
6.5  0.502655  4.1311  0.866562
6.5  0.565487  4.06515  0.689203
6.5  0.628319  3.92229  0.481536
6.5  0.69115  2.94719  0.283735
6.5  0.753982  2.7053  0.169158
6.5  0.816814  2.54042  0.128874
6.5  0.879646  2.26834  0.119095
6.5  0.942478  2.39681  0.114735
6.5  1.00531  2.3883  0.107646
6.5  1.06814  2.07092  0.104435
6.5  1.13097  2.53554  0.115729
6.5  1.19381  2.31878  0.148436
6.5  1.25664  2.13711  0.110494
6.5  1.31947  2.23323  0.118767
6.5  1.3823  2.35083  0.133438
6.5  1.44513  2.34669  0.131914
6.5  1.50796  2.42601  0.123945
6.5  1.5708  2.05608  0.111825
6.5  1.63363  2.47159  0.117258
6.5  1.69646  2.41866  0.122355
6.5  1.75929  2.33438  0.115027
6.5  1.82212  2.20586  0.101428
6.5  1.88496  2.22617  0.112125
6.5  1.94779  2.42451  0.137421
6.5  2.01062  2.6024  0.158908
6.5  2.07345  2.39159  0.11486
6.5  2.13628  2.48171  0.102235
6.5  2.19911  2.86288  0.150631
6.5  2.26195  2.82574  0.144893
6.5  2.32478  2.5614  0.136656
6.5  2.38761  3.10824  0.247257
6.5  2.45044  3.70743  0.563165
6.5  2.51327  3.21141  0.508292
6.5  2.57611  4.90048  1.1186
6.5  2.63894  7.68997  5.69682
6.5  2.70177  4.16796  30.5839
6.5  2.7646  0  0
6.5  2.82743  0  0
6.5  2.89027  0  0
6.5  2.9531  0  0
6.5  3.01593  0  0
6.5  3.07876  0  0
7  0  0  0
7  0.0628319  0  0
7  0.125664  0  0
7  0.188496  0  0
7  0.251327  0  0
7  0.314159  0  0
7  0.376991  32.3198  26.662
7  0.439823  6.34004  2.92367
7  0.502655  5.20705  1.44914
7  0.565487  5.19612  0.882074
7  0.628319  3.83957  0.485495
7  0.69115  3.01163  0.237573
7  0.753982  2.59017  0.170631
7  0.816814  2.7417  0.128785
7  0.879646  2.36114  0.103521
7  0.942478  2.52674  0.110382
7  1.00531  2.39326  0.102245
7  1.06814  2.46925  0.132757
7  1.13097  2.24404  0.102249
7  1.19381  2.34613  0.116539
7  1.25664  2.43112  0.131973
7  1.31947  2.46721  0.109785
7  1.3823  2.49567  0.138993
7  1.44513  2.3838  0.122657
7  1.50796  2.23603  0.111675
7  1.5708  2.07291  0.100508
7  1.63363  2.63211  0.162086
7  1.69646  2.50411  0.128023
7  1.75929  2.16913  0.116474
7  1.82212  2.30326  0.127736
7  1.88496  2.21345  0.103772
7  1.94779  2.36657  0.117827
7  2.01062  2.45058  0.115451
7  2.07345  2.50369  0.134422
7  2.13628  2.56006  0.126657
7  2.19911  2.45575  0.104367
7  2.26195  2.69599  0.125033
7  2.32478  2.50639  0.131041
7  2.38761  3.3192  0.286328
7  2.45044  3.62342  0.499637
7  2.51327  4.39294  0.761387
7  2.57611  5.41499  1.63612
7  2.63894  7.77982  3.62489
7  2.70177  14.6131  23.5202
7  2.7646  0  0
7  2.82743  0  0
7  2.89027  0  0
7  2.9531  0  0
7  3.01593  0  0
7  3.07876  0  0
7.5  0  0  0
7.5  0.0628319  0  0
7.5  0.125664  0  0
7.5  0.188496  0  0
7.5  0.251327  0  0
7.5  0.314159  0  0
7.5  0.376991  51.2531  32.4945
7.5  0.439823  9.22384  5.15239
7.5  0.502655  3.8641  0.845119
7.5  0.565487  3.79866  0.501097
7.5  0.628319  3.51087  0.441356
7.5  0.69115  2.69692  0.230641
7.5  0.753982  2.49556  0.139504
7.5  0.816814  2.86649  0.145326
7.5  0.879646  2.49485  0.112786
7.5  0.942478  2.57029  0.109161
7.5  1.00531  2.43617  0.107846
7.5  1.06814  2.49104  0.116552
7.5  1.13097  2.50608  0.1057
7.5  1.19381  2.46996  0.122566
7.5  1.25664  2.16021  0.115496
7.5  1.31947  2.58498  0.135014
7.5  1.3823  2.30035  0.111291
7.5  1.44513  2.17536  0.110049
7.5  1.50796  2.36601  0.117881
7.5  1.5708  2.2999  0.125401
7.5  1.63363  2.40179  0.129243
7.5  1.69646  2.31026  0.126524
7.5  1.75929  2.26183  0.1024
7.5  1.82212  2.32727  0.132189
7.5  1.88496  2.42563  0.11605
7.5  1.94779  2.1249  0.103972
7.5  2.01062  2.48935  0.10732
7.5  2.07345  2.40842  0.100408
7.5  2.13628  2.62656  0.13734
7.5  2.19911  2.4632  0.114802
7.5  2.26195  2.50986  0.120925
7.5  2.32478  2.67004  0.146557
7.5  2.38761  3.39129  0.336782
7.5  2.45044  3.26994  0.381526
7.5  2.51327  3.92272  0.535424
7.5  2.57611  7.44606  2.48422
7.5  2.63894  10.1191  6.5992
7.5  2.70177  17.7283  29.4019
7.5  2.7646  0  0
7.5  2.82743  0  0
7.5  2.89027  0  0
7.5  2.9531  0  0
7.5  3.01593  0  0
7.5  3.07876  0  0
8  0  0  0
8  0.0628319  0  0
8  0.125664  0  0
8  0.188496  0  0
8  0.251327  0  0
8  0.314159  2.91757  21.4087
8  0.376991  8.74033  6.55721
8  0.439823  6.12915  2.0935
8  0.502655  7.3262  2.94517
8  0.565487  4.71727  0.982229
8  0.628319  4.33108  0.582625
8  0.69115  3.0792  0.219584
8  0.753982  2.76603  0.153121
8  0.816814  2.80881  0.144303
8  0.879646  2.71673  0.129528
8  0.942478  2.59089  0.115172
8  1.00531  2.50527  0.119329
8  1.06814  2.48353  0.115655
8  1.13097  2.34066  0.0991599
8  1.19381  2.57367  0.112717
8  1.25664  2.43987  0.125921
8  1.31947  2.252  0.107391
8  1.3823  2.28624  0.120105
8  1.44513  2.37631  0.13786
8  1.50796  2.30743  0.11936
8  1.5708  2.25278  0.102051
8  1.63363  2.22886  0.103356
8  1.69646  2.27747  0.111831
8  1.75929  2.27383  0.118448
8  1.82212  2.47448  0.11353
8  1.88496  2.35267  0.143754
8  1.94779  2.54179  0.110253
8  2.01062  2.35024  0.110818
8  2.07345  2.42816  0.106948
8  2.13628  2.6108  0.105535
8  2.19911  2.87929  0.136372
8  2.26195  2.97964  0.164026
8  2.32478  2.73138  0.14508
8  2.38761  2.81394  0.198971
8  2.45044  3.61479  0.460541
8  2.51327  5.15928  1.13201
8  2.57611  4.85534  1.15764
8  2.63894  6.75325  2.53516
8  2.70177  8.54138  6.3277
8  2.7646  0  0
8  2.82743  0  0
8  2.89027  0  0
8  2.9531  0  0
8  3.01593  0  0
8  3.07876  0  0
8.5  0  0  0
8.5  0.0628319  0  0
8.5  0.125664  0  0
8.5  0.188496  0  0
8.5  0.251327  0  0
8.5  0.314159  17.5987  16.3935
8.5  0.376991  17.6174  26.7795
8.5  0.439823  6.98112  2.43741
8.5  0.502655  4.71395  1.14379
8.5  0.565487  4.79643  0.870535
8.5  0.628319  3.38152  0.37611
8.5  0.69115  3.14655  0.251299
8.5  0.753982  3.00091  0.164114
8.5  0.816814  2.6334  0.114166
8.5  0.879646  2.66056  0.132694
8.5  0.942478  2.50997  0.106869
8.5  1.00531  2.38718  0.112463
8.5  1.06814  2.50511  0.110967
8.5  1.13097  2.24105  0.0948605
8.5  1.19381  2.27614  0.11801
8.5  1.25664  2.29503  0.118607
8.5  1.31947  2.0876  0.106476
8.5  1.3823  2.35261  0.116639
8.5  1.44513  2.07137  0.104659
8.5  1.50796  2.32266  0.122321
8.5  1.5708  2.29939  0.110188
8.5  1.63363  2.31075  0.109837
8.5  1.69646  2.34217  0.127045
8.5  1.75929  2.46545  0.122111
8.5  1.82212  2.66922  0.144046
8.5  1.88496  2.40796  0.125114
8.5  1.94779  2.19971  0.100275
8.5  2.01062  2.51464  0.130919
8.5  2.07345  2.4737  0.102696
8.5  2.13628  2.61611  0.128904
8.5  2.19911  2.55327  0.108659
8.5  2.26195  2.82951  0.116576
8.5  2.32478  2.77565  0.144832
8.5  2.38761  2.73613  0.168996
8.5  2.45044  3.60225  0.339828
8.5  2.51327  4.36099  0.766035
8.5  2.57611  5.78384  1.67834
8.5  2.63894  6.63183  2.60003
8.5  2.70177  12.4741  13.3111
8.5  2.7646  16.2445  9.83933
8.5  2.82743  0  0
8.5  2.89027  0  0
8.5  2.9531  0  0
8.5  3.01593  0  0
8.5  3.07876  0  0
9  0  0  0
9  0.0628319  0  0
9  0.125664  0  0
9  0.188496  0  0
9  0.251327  0  0
9  0.314159  18.9593  14.9674
9  0.376991  9.42082  8.00884
9  0.439823  6.99759  2.49241
9  0.502655  6.09119  1.48664
9  0.565487  4.39821  0.684593
9  0.628319  4.00757  0.423939
9  0.69115  3.03834  0.256783
9  0.753982  2.92744  0.15642
9  0.816814  2.87501  0.121939
9  0.879646  2.57518  0.10146
9  0.942478  2.76947  0.119606
9  1.00531  2.51089  0.114639
9  1.06814  2.36175  0.127354
9  1.13097  2.24456  0.115725
9  1.19381  2.29438  0.112874
9  1.25664  2.34459  0.111925
9  1.31947  2.28479  0.10223
9  1.3823  2.26334  0.117706
9  1.44513  2.20065  0.103599
9  1.50796  2.22028  0.104485
9  1.5708  2.21864  0.10458
9  1.63363  2.16566  0.114175
9  1.69646  2.1657  0.126825
9  1.75929  2.36566  0.117964
9  1.82212  2.49133  0.121307
9  1.88496  2.50341  0.11963
9  1.94779  2.54567  0.11867
9  2.01062  2.63058  0.121495
9  2.07345  2.65423  0.133722
9  2.13628  2.26594  0.0988506
9  2.19911  2.45209  0.122566
9  2.26195  2.85544  0.11838
9  2.32478  2.81616  0.153195
9  2.38761  2.87929  0.165271
9  2.45044  3.12402  0.374566
9  2.51327  4.48627  0.762659
9  2.57611  6.04074  1.86455
9  2.63894  6.51698  2.77093
9  2.70177  37.2036  35.0656
9  2.7646  39.6516  24.8893
9  2.82743  0  0
9  2.89027  0  0
9  2.9531  0  0
9  3.01593  0  0
9  3.07876  0  0
9.5  0  0  0
9.5  0.0628319  0  0
9.5  0.125664  0  0
9.5  0.188496  0  0
9.5  0.251327  0  0
9.5  0.314159  42.8269  39.3312
9.5  0.376991  6.4437  3.36127
9.5  0.439823  11.6353  9.43598
9.5  0.502655  4.98676  0.981019
9.5  0.565487  4.60345  0.802365
9.5  0.628319  3.85521  0.418947
9.5  0.69115  3.21716  0.188275
9.5  0.753982  2.89513  0.153018
9.5  0.816814  2.5685  0.112123
9.5  0.879646  2.7947  0.120822
9.5  0.942478  2.52599  0.104075
9.5  1.00531  2.29435  0.0976639
9.5  1.06814  2.57598  0.114541
9.5  1.13097  2.32309  0.109078
9.5  1.19381  2.61384  0.119508
9.5  1.25664  2.38983  0.136381
9.5  1.31947  2.17022  0.106314
9.5  1.3823  2.296  0.10697
9.5  1.44513  2.2307  0.108964
9.5  1.50796  2.20154  0.102946
9.5  1.5708  2.22125  0.130627
9.5  1.63363  2.05535  0.0851035
9.5  1.69646  2.3124  0.106825
9.5  1.75929  2.14893  0.122695
9.5  1.82212  2.1873  0.112628
9.5  1.88496  2.13261  0.124871
9.5  1.94779  2.30638  0.108112
9.5  2.01062  2.55278  0.181323
9.5  2.07345  2.50033  0.115208
9.5  2.13628  2.64703  0.138808
9.5  2.19911  2.53748  0.101563
9.5  2.26195  2.72795  0.126516
9.5  2.32478  3.20158  0.169014
9.5  2.38761  3.64508  0.339846
9.5  2.45044  3.39266  0.322927
9.5  2.51327  4.97957  0.902132
9.5  2.57611  6.94344  2.00816
9.5  2.63894  8.0208  3.33619
9.5  2.70177  14.1118  25.1011
9.5  2.7646  41.0763  41.0751
9.5  2.82743  0  0
9.5  2.89027  0  0
9.5  2.9531  0  0
9.5  3.01593  0  0
9.5  3.07876  0  0
10  0  0  0
10  0.0628319  0  0
10  0.125664  0  0
10  0.188496  0  0
10  0.251327  0  0
10  0.314159  15.1314  25.6361
10  0.376991  10.3042  7.75518
10  0.439823  8.0339  4.19091
10  0.502655  7.78505  2.9334
10  0.565487  4.613  0.708117
10  0.628319  3.58141  0.358724
10  0.69115  3.29923  0.300669
10  0.753982  3.18394  0.200013
10  0.816814  2.58206  0.141423
10  0.879646  2.92183  0.147326
10  0.942478  2.88077  0.12291
10  1.00531  2.5815  0.114255
10  1.06814  2.40354  0.111409
10  1.13097  2.45353  0.119481
10  1.19381  2.31567  0.154179
10  1.25664  2.42248  0.102496
10  1.31947  2.35426  0.112195
10  1.3823  2.36036  0.113221
10  1.44513  2.13398  0.116346
10  1.50796  2.31096  0.126193
10  1.5708  2.21969  0.0954396
10  1.63363  2.41361  0.139557
10  1.69646  2.36464  0.128775
10  1.75929  2.15648  0.110983
10  1.82212  2.49838  0.141924
10  1.88496  2.37532  0.109237
10  1.94779  2.53003  0.133808
10  2.01062  2.66175  0.12041
10  2.07345  2.50943  0.102655
10  2.13628  2.72911  0.153787
10  2.19911  2.53236  0.112482
10  2.26195  2.79423  0.130688
10  2.32478  2.80799  0.156262
10  2.38761  3.14212  0.203491
10  2.45044  3.93123  0.337696
10  2.51327  3.66127  0.504473
10  2.57611  6.10759  1.5673
10  2.63894  8.25714  4.03232
10  2.70177  19.5908  28.3143
10  2.7646  11.8991  27.3088
10  2.82743  0  0
10  2.89027  0  0
10  2.9531  0  0
10  3.01593  0  0
10  3.07876  0  0
10.5  0  0  0
10.5  0.0628319  0  0
10.5  0.125664  0  0
10.5  0.188496  0  0
10.5  0.251327  0  0
10.5  0.314159  17.6444  30.0921
10.5  0.376991  12.9521  13.5941
10.5  0.439823  8.15253  3.73116
10.5  0.502655  4.9746  0.870855
10.5  0.565487  5.13695  0.807072
10.5  0.628319  3.71335  0.361169
10.5  0.69115  3.24434  0.245939
10.5  0.753982  2.76476  0.128532
10.5  0.816814  2.81115  0.127862
10.5  0.879646  2.70394  0.105815
10.5  0.942478  2.55784  0.107226
10.5  1.00531  2.47808  0.116387
10.5  1.06814  2.723  0.131869
10.5  1.13097  2.4124  0.103279
10.5  1.19381  2.33524  0.111031
10.5  1.25664  2.22298  0.124479
10.5  1.31947  2.26732  0.118983
10.5  1.3823  2.35468  0.1134
10.5  1.44513  2.19609  0.102024
10.5  1.50796  2.14796  0.108069
10.5  1.5708  2.23734  0.113351
10.5  1.63363  2.08348  0.113789
10.5  1.69646  2.37974  0.107589
10.5  1.75929  2.42262  0.128673
10.5  1.82212  2.23151  0.112004
10.5  1.88496  2.35272  0.122559
10.5  1.94779  2.20472  0.105404
10.5  2.01062  2.27765  0.105779
10.5  2.07345  2.45238  0.0958493
10.5  2.13628  2.61861  0.10109
10.5  2.19911  2.68137  0.120997
10.5  2.26195  2.73721  0.110978
10.5  2.32478  3.02125  0.164553
10.5  2.38761  2.99257  0.184469
10.5  2.45044  3.91295  0.446895
10.5  2.51327  5.20295  0.917744
10.5  2.57611  5.1894  1.18918
10.5  2.63894  9.16185  5.01477
10.5  2.70177  9.976  8.63875
10.5  2.7646  48.2214  25.5884
10.5  2.82743  0  0
10.5  2.89027  0  0
10.5  2.9531  0  0
10.5  3.01593  0  0
10.5  3.07876  0  0
11  0  0  0
11  0.0628319  0  0
11  0.125664  0  0
11  0.188496  0  0
11  0.251327  3.8901  28.545
11  0.314159  11.129  12.3958
11  0.376991  10.0801  7.73486
11  0.439823  8.55023  4.06622
11  0.502655  4.90869  0.993825
11  0.565487  4.01121  0.542735
11  0.628319  2.97756  0.260503
11  0.69115  3.14128  0.203161
11  0.753982  2.61861  0.140939
11  0.816814  2.75324  0.137967
11  0.879646  2.66594  0.117839
11  0.942478  2.60484  0.116239
11  1.00531  2.5739  0.116008
11  1.06814  2.66121  0.124415
11  1.13097  2.31411  0.116103
11  1.19381  2.61315  0.127683
11  1.25664  2.38966  0.0976632
11  1.31947  2.31059  0.104945
11  1.3823  2.47477  0.127875
11  1.44513  2.43222  0.11789
11  1.50796  2.48644  0.130262
11  1.5708  2.17515  0.0984402
11  1.63363  2.45546  0.137039
11  1.69646  2.25113  0.110611
11  1.75929  2.49902  0.11355
11  1.82212  2.39142  0.110932
11  1.88496  2.20862  0.125977
11  1.94779  2.45022  0.123777
11  2.01062  2.33628  0.0962677
11  2.07345  2.41756  0.107935
11  2.13628  2.49789  0.0919069
11  2.19911  2.66032  0.106782
11  2.26195  2.84533  0.133591
11  2.32478  2.5567  0.127222
11  2.38761  3.17724  0.234083
11  2.45044  3.71446  0.380647
11  2.51327  5.25921  0.951482
11  2.57611  4.75069  1.06938
11  2.63894  7.72985  2.81996
11  2.70177  11.5433  8.00181
11  2.7646  9.66376  18.3097
11  2.82743  0  0
11  2.89027  0  0
11  2.9531  0  0
11  3.01593  0  0
11  3.07876  0  0
11.5  0  0  0
11.5  0.0628319  0  0
11.5  0.125664  0  0
11.5  0.188496  0  0
11.5  0.251327  0  0
11.5  0.314159  8.53071  6.74336
11.5  0.376991  40.7134  20.6392
11.5  0.439823  7.98915  3.06832
11.5  0.502655  6.12526  1.46345
11.5  0.565487  4.29967  0.730148
11.5  0.628319  3.27495  0.280705
11.5  0.69115  3.31632  0.233863
11.5  0.753982  2.76296  0.132243
11.5  0.816814  3.35022  0.171731
11.5  0.879646  2.58377  0.125549
11.5  0.942478  2.54548  0.118762
11.5  1.00531  2.67267  0.1351
11.5  1.06814  2.48146  0.10915
11.5  1.13097  2.43427  0.125221
11.5  1.19381  2.19518  0.102125
11.5  1.25664  2.37156  0.109723
11.5  1.31947  2.38716  0.119422
11.5  1.3823  2.4596  0.139164
11.5  1.44513  2.32244  0.11315
11.5  1.50796  2.29366  0.133566
11.5  1.5708  2.155  0.109348
11.5  1.63363  2.38717  0.115377
11.5  1.69646  2.24467  0.102175
11.5  1.75929  2.50596  0.121342
11.5  1.82212  2.32104  0.121171
11.5  1.88496  2.30813  0.117684
11.5  1.94779  2.49134  0.109472
11.5  2.01062  2.43703  0.10282
11.5  2.07345  2.49952  0.126698
11.5  2.13628  2.47036  0.109454
11.5  2.19911  2.73981  0.122008
11.5  2.26195  3.28768  0.154681
11.5  2.32478  2.67941  0.144983
11.5  2.38761  3.32561  0.24683
11.5  2.45044  3.67637  0.376565
11.5  2.51327  4.03649  0.687639
11.5  2.57611  5.51954  1.28498
11.5  2.63894  17.9353  28.207
11.5  2.70177  8.62489  6.24194
11.5  2.7646  29.9806  18.3045
11.5  2.82743  0  0
11.5  2.89027  0  0
11.5  2.9531  0  0
11.5  3.01593  0  0
11.5  3.07876  0  0
12  0  0  0
12  0.0628319  0  0
12  0.125664  0  0
12  0.188496  0  0
12  0.251327  45.3252  24.0152
12  0.314159  11.9212  26.1938
12  0.376991  7.83968  5.7777
12  0.439823  8.2739  4.18535
12  0.502655  4.95423  1.18289
12  0.565487  3.93906  0.507934
12  0.628319  3.28683  0.384802
12  0.69115  3.1012  0.254058
12  0.753982  2.57042  0.120243
12  0.816814  2.65784  0.108834
12  0.879646  2.38833  0.105251
12  0.942478  2.29951  0.0999199
12  1.00531  2.6393  0.1137
12  1.06814  2.4427  0.104507
12  1.13097  2.24654  0.114562
12  1.19381  2.41383  0.113699
12  1.25664  2.34826  0.128179
12  1.31947  2.25192  0.110019
12  1.3823  2.20007  0.105877
12  1.44513  2.20146  0.0994196
12  1.50796  2.0357  0.108305
12  1.5708  2.28978  0.118305
12  1.63363  2.38286  0.128072
12  1.69646  2.44051  0.129544
12  1.75929  2.23797  0.123134
12  1.82212  2.42539  0.122673
12  1.88496  2.29283  0.109563
12  1.94779  2.42438  0.11394
12  2.01062  2.75118  0.14816
12  2.07345  2.36858  0.114743
12  2.13628  2.71391  0.12211
12  2.19911  2.66807  0.109593
12  2.26195  2.67835  0.115451
12  2.32478  2.54799  0.12854
12  2.38761  3.18521  0.219276
12  2.45044  3.49259  0.470915
12  2.51327  4.27448  0.558636
12  2.57611  4.86045  1.09897
12  2.63894  9.00808  5.69438
12  2.70177  13.6485  13.6557
12  2.7646  8.67546  7.08016
12  2.82743  15.7779  20.4769
12  2.89027  0  0
12  2.9531  0  0
12  3.01593  0  0
12  3.07876  0  0
12.5  0  0  0
12.5  0.0628319  0  0
12.5  0.125664  0  0
12.5  0.188496  0  0
12.5  0.251327  52.3475  50.4425
12.5  0.314159  32.9977  27.191
12.5  0.376991  10.5512  7.49033
12.5  0.439823  8.13975  3.54348
12.5  0.502655  4.95894  1.22669
12.5  0.565487  4.20426  0.582123
12.5  0.628319  3.64325  0.325428
12.5  0.69115  3.76824  0.267524
12.5  0.753982  3.04607  0.161332
12.5  0.816814  2.87438  0.120261
12.5  0.879646  2.80257  0.12339
12.5  0.942478  2.77572  0.132694
12.5  1.00531  2.47869  0.109655
12.5  1.06814  2.55365  0.109118
12.5  1.13097  2.04127  0.102491
12.5  1.19381  2.37374  0.122251
12.5  1.25664  2.06269  0.0992116
12.5  1.31947  2.24916  0.117806
12.5  1.3823  2.39676  0.10813
12.5  1.44513  2.40591  0.112454
12.5  1.50796  2.41849  0.111428
12.5  1.5708  2.19235  0.108127
12.5  1.63363  2.18319  0.106188
12.5  1.69646  2.40238  0.122942
12.5  1.75929  2.06983  0.090586
12.5  1.82212  2.38697  0.116328
12.5  1.88496  2.51672  0.108864
12.5  1.94779  2.36985  0.095726
12.5  2.01062  2.56134  0.108372
12.5  2.07345  2.23459  0.102739
12.5  2.13628  2.56286  0.112182
12.5  2.19911  2.62406  0.106355
12.5  2.26195  2.6375  0.114248
12.5  2.32478  2.58727  0.124614
12.5  2.38761  3.07942  0.20259
12.5  2.45044  3.2871  0.32509
12.5  2.51327  4.82755  0.688645
12.5  2.57611  6.40522  1.7925
12.5  2.63894  8.16707  2.94314
12.5  2.70177  14.3279  27.5015
12.5  2.7646  13.2677  14.0355
12.5  2.82743  39.802  39.6861
12.5  2.89027  0  0
12.5  2.9531  0  0
12.5  3.01593  0  0
12.5  3.07876  0  0
13  0  0  0
13  0.0628319  0  0
13  0.125664  0  0
13  0.188496  0  0
13  0.251327  0.25876  1.70225
13  0.314159  12.9188  25.3933
13  0.376991  39.816  34.3171
13  0.439823  7.76851  3.69477
13  0.502655  4.83206  0.92862
13  0.565487  3.56402  0.423982
13  0.628319  4.17658  0.381474
13  0.69115  2.99832  0.191529
13  0.753982  2.989  0.177166
13  0.816814  2.58969  0.121136
13  0.879646  2.54647  0.112702
13  0.942478  2.43759  0.109948
13  1.00531  2.29568  0.0984599
13  1.06814  2.59728  0.143921
13  1.13097  2.43585  0.101273
13  1.19381  2.51431  0.132402
13  1.25664  2.0084  0.0980365
13  1.31947  2.40969  0.130783
13  1.3823  2.38597  0.117097
13  1.44513  2.01279  0.0978811
13  1.50796  2.28713  0.107097
13  1.5708  2.27228  0.108573
13  1.63363  2.19124  0.0981834
13  1.69646  2.37855  0.132015
13  1.75929  2.15415  0.106361
13  1.82212  2.167  0.0945885
13  1.88496  2.02693  0.0942435
13  1.94779  2.46756  0.115253
13  2.01062  2.6368  0.109104
13  2.07345  2.7572  0.139736
13  2.13628  2.26853  0.109453
13  2.19911  2.58691  0.122287
13  2.26195  2.86642  0.13623
13  2.32478  2.86543  0.136797
13  2.38761  3.37253  0.262674
13  2.45044  3.14382  0.286957
13  2.51327  3.76606  0.554124
13  2.57611  5.58722  1.06223
13  2.63894  8.22975  3.32483
13  2.70177  7.5705  4.53506
13  2.7646  16.0961  29.7589
13  2.82743  0.25876  1.70225
13  2.89027  0  0
13  2.9531  0  0
13  3.01593  0  0
13  3.07876  0  0
13.5  0  0  0
13.5  0.0628319  0  0
13.5  0.125664  0  0
13.5  0.188496  0  0
13.5  0.251327  3.33437  24.4671
13.5  0.314159  7.70396  8.24507
13.5  0.376991  9.23496  7.9528
13.5  0.439823  6.27038  2.38583
13.5  0.502655  5.02798  1.03616
13.5  0.565487  4.72936  0.665345
13.5  0.628319  3.43017  0.369989
13.5  0.69115  3.08541  0.209669
13.5  0.753982  2.86145  0.129939
13.5  0.816814  2.82683  0.114239
13.5  0.879646  2.70667  0.104581
13.5  0.942478  2.38691  0.106185
13.5  1.00531  2.27144  0.0929412
13.5  1.06814  2.30269  0.0959349
13.5  1.13097  2.37066  0.103315
13.5  1.19381  2.4857  0.11366
13.5  1.25664  2.18027  0.102108
13.5  1.31947  2.44582  0.1197
13.5  1.3823  2.03987  0.111142
13.5  1.44513  2.2933  0.116809
13.5  1.50796  2.33091  0.119318
13.5  1.5708  2.36428  0.122783
13.5  1.63363  2.43099  0.144829
13.5  1.69646  1.88465  0.0887215
13.5  1.75929  2.4196  0.121486
13.5  1.82212  2.46501  0.127836
13.5  1.88496  2.3162  0.118655
13.5  1.94779  2.43318  0.114464
13.5  2.01062  2.4817  0.106597
13.5  2.07345  2.12266  0.101788
13.5  2.13628  2.41232  0.103258
13.5  2.19911  2.69031  0.117695
13.5  2.26195  2.7225  0.120434
13.5  2.32478  3.00514  0.171499
13.5  2.38761  3.25039  0.21692
13.5  2.45044  3.50745  0.322981
13.5  2.51327  3.55135  0.435059
13.5  2.57611  4.8875  1.15585
13.5  2.63894  10.4344  7.46893
13.5  2.70177  9.56593  6.35616
13.5  2.7646  14.8154  30.5482
13.5  2.82743  60.7619  31.1724
13.5  2.89027  0  0
13.5  2.9531  0  0
13.5  3.01593  0  0
13.5  3.07876  0  0
14  0  0  0
14  0.0628319  0  0
14  0.125664  0  0
14  0.188496  0  0
14  0.251327  10.028  17.2771
14  0.314159  46.6276  38.0358
14  0.376991  8.49043  4.65109
14  0.439823  6.78362  2.25508
14  0.502655  6.33362  1.54867
14  0.565487  2.96529  0.380112
14  0.628319  3.45805  0.284592
14  0.69115  3.44976  0.252396
14  0.753982  3.03143  0.169674
14  0.816814  2.7695  0.117978
14  0.879646  2.7668  0.117038
14  0.942478  2.47623  0.10586
14  1.00531  2.38208  0.111366
14  1.06814  2.34945  0.103833
14  1.13097  2.34368  0.105912
14  1.19381  2.30493  0.1092
14  1.25664  2.17096  0.102496
14  1.31947  2.17529  0.0895612
14  1.3823  2.48425  0.133226
14  1.44513  2.35609  0.109517
14  1.50796  2.16784  0.10604
14  1.5708  2.19898  0.0967827
14  1.63363  2.1663  0.10211
14  1.69646  2.2967  0.114275
14  1.75929  2.37402  0.117488
14  1.82212  2.47457  0.132852
14  1.88496  2.28386  0.127633
14  1.94779  2.26641  0.0904921
14  2.01062  2.57107  0.112562
14  2.07345  2.46416  0.116851
14  2.13628  2.44225  0.105153
14  2.19911  2.62542  0.109602
14  2.26195  2.98578  0.137608
14  2.32478  3.01504  0.155501
14  2.38761  2.96209  0.232004
14  2.45044  3.68386  0.426213
14  2.51327  4.34607  0.700815
14  2.57611  5.25193  0.81675
14  2.63894  12.6995  11.4305
14  2.70177  10.9915  9.22136
14  2.7646  41.1222  40.1174
14  2.82743  34.265  32.2146
14  2.89027  0  0
14  2.9531  0  0
14  3.01593  0  0
14  3.07876  0  0
14.5  0  0  0
14.5  0.0628319  0  0
14.5  0.125664  0  0
14.5  0.188496  0  0
14.5  0.251327  57.8809  55.6884
14.5  0.314159  28.6027  26.6261
14.5  0.376991  9.44052  5.36967
14.5  0.439823  6.02825  1.90847
14.5  0.502655  5.45196  1.11773
14.5  0.565487  4.53445  0.454952
14.5  0.628319  3.35226  0.432546
14.5  0.69115  3.03957  0.21132
14.5  0.753982  2.82409  0.139339
14.5  0.816814  2.87161  0.125839
14.5  0.879646  2.58334  0.107434
14.5  0.942478  2.32467  0.103924
14.5  1.00531  2.38937  0.110851
14.5  1.06814  2.38156  0.110787
14.5  1.13097  2.53739  0.113995
14.5  1.19381  2.42921  0.107186
14.5  1.25664  2.52242  0.122875
14.5  1.31947  2.407  0.117385
14.5  1.3823  2.28018  0.10868
14.5  1.44513  2.07873  0.0999116
14.5  1.50796  2.40281  0.119957
14.5  1.5708  2.2898  0.122786
14.5  1.63363  2.31288  0.110442
14.5  1.69646  2.39511  0.107945
14.5  1.75929  2.32535  0.113473
14.5  1.82212  2.3211  0.106924
14.5  1.88496  2.21383  0.106823
14.5  1.94779  2.4861  0.108367
14.5  2.01062  2.32736  0.124825
14.5  2.07345  2.36732  0.0949039
14.5  2.13628  2.67591  0.108074
14.5  2.19911  2.57598  0.102256
14.5  2.26195  2.84666  0.144111
14.5  2.32478  3.01154  0.142865
14.5  2.38761  3.25108  0.21119
14.5  2.45044  3.86484  0.408674
14.5  2.51327  3.65175  0.53261
14.5  2.57611  5.21251  0.871235
14.5  2.63894  5.70641  1.223
14.5  2.70177  15.9951  30.7863
14.5  2.7646  13.5952  29.6123
14.5  2.82743  0  0
14.5  2.89027  0  0
14.5  2.9531  0  0
14.5  3.01593  0  0
14.5  3.07876  0  0
15  0  0  0
15  0.0628319  0  0
15  0.125664  0  0
15  0.188496  0  0
15  0.251327  49.0531  37.4574
15  0.314159  13.9521  15.5079
15  0.376991  8.76646  5.26918
15  0.439823  7.81225  3.34001
15  0.502655  6.28815  1.39061
15  0.565487  4.08399  0.524503
15  0.628319  3.29905  0.362831
15  0.69115  3.50223  0.207585
15  0.753982  3.03665  0.182108
15  0.816814  2.83622  0.135244
15  0.879646  2.54339  0.100961
15  0.942478  2.6167  0.11384
15  1.00531  2.45495  0.103131
15  1.06814  2.38121  0.100787
15  1.13097  2.0986  0.0956632
15  1.19381  2.3192  0.111067
15  1.25664  2.37606  0.110242
15  1.31947  2.29847  0.119366
15  1.3823  2.39997  0.117923
15  1.44513  2.17537  0.0955334
15  1.50796  2.4298  0.116534
15  1.5708  2.20905  0.100625
15  1.63363  2.26205  0.11096
15  1.69646  2.25949  0.118374
15  1.75929  2.24273  0.115444
15  1.82212  2.20965  0.0909266
15  1.88496  2.50851  0.128583
15  1.94779  2.17403  0.093842
15  2.01062  2.42439  0.0997138
15  2.07345  2.44049  0.110132
15  2.13628  2.56669  0.1022
15  2.19911  2.48479  0.101493
15  2.26195  2.76809  0.116206
15  2.32478  2.74814  0.161395
15  2.38761  3.17987  0.180113
15  2.45044  3.65194  0.265545
15  2.51327  4.75038  0.834688
15  2.57611  6.09639  1.51286
15  2.63894  7.07226  2.40929
15  2.70177  10.4012  7.31699
15  2.7646  44.4131  34.9811
15  2.82743  53.8221  31.0335
15  2.89027  0  0
15  2.9531  0  0
15  3.01593  0  0
15  3.07876  0  0
15.5  0  0  0
15.5  0.0628319  0  0
15.5  0.125664  0  0
15.5  0.188496  0  0
15.5  0.251327  13.3589  23.2651
15.5  0.314159  15.5304  28.7516
15.5  0.376991  18.6893  32.8339
15.5  0.439823  15.0085  27.238
15.5  0.502655  6.84521  2.09847
15.5  0.565487  4.12489  0.519207
15.5  0.628319  3.71665  0.444409
15.5  0.69115  3.36666  0.236825
15.5  0.753982  2.85686  0.127584
15.5  0.816814  2.62731  0.104344
15.5  0.879646  2.68062  0.114102
15.5  0.942478  2.56193  0.0920943
15.5  1.00531  2.55958  0.10445
15.5  1.06814  2.33621  0.118879
15.5  1.13097  2.23822  0.0971578
15.5  1.19381  2.21499  0.0914816
15.5  1.25664  2.44351  0.10588
15.5  1.31947  2.69228  0.140021
15.5  1.3823  2.48383  0.117258
15.5  1.44513  2.1535  0.102269
15.5  1.50796  2.22937  0.0992664
15.5  1.5708  2.15423  0.106686
15.5  1.63363  2.2221  0.1019
15.5  1.69646  2.2098  0.0989239
15.5  1.75929  2.2619  0.120578
15.5  1.82212  2.31309  0.116867
15.5  1.88496  2.38445  0.12931
15.5  1.94779  2.46801  0.120932
15.5  2.01062  2.48486  0.131301
15.5  2.07345  2.7299  0.142788
15.5  2.13628  2.67949  0.113179
15.5  2.19911  2.7431  0.110179
15.5  2.26195  2.79245  0.104533
15.5  2.32478  2.67453  0.152601
15.5  2.38761  2.62916  0.195502
15.5  2.45044  3.65044  0.406047
15.5  2.51327  4.78022  0.602871
15.5  2.57611  5.55037  1.44061
15.5  2.63894  8.79676  3.38828
15.5  2.70177  15.0115  16.0251
15.5  2.7646  10.7894  12.1325
15.5  2.82743  16.4436  16.4206
15.5  2.89027  0  0
15.5  2.9531  0  0
15.5  3.01593  0  0
15.5  3.07876  0  0
16  0  0  0
16  0.0628319  0  0
16  0.125664  0  0
16  0.188496  0  0
16  0.251327  36.5841  31.8348
16  0.314159  16.6873  31.5479
16  0.376991  9.62614  5.98579
16  0.439823  5.52165  1.48118
16  0.502655  5.61107  1.33494
16  0.565487  4.05854  0.464289
16  0.628319  4.14186  0.362959
16  0.69115  3.07521  0.191696
16  0.753982  3.41606  0.211752
16  0.816814  2.60132  0.113799
16  0.879646  2.60679  0.106533
16  0.942478  2.5503  0.117885
16  1.00531  2.66232  0.123039
16  1.06814  2.52002  0.118134
16  1.13097  2.40334  0.131989
16  1.19381  2.29553  0.132898
16  1.25664  2.39243  0.116726
16  1.31947  2.21407  0.103829
16  1.3823  2.19767  0.103317
16  1.44513  1.93206  0.080336
16  1.50796  2.40201  0.123122
16  1.5708  2.25006  0.107349
16  1.63363  2.337  0.106177
16  1.69646  2.32481  0.121386
16  1.75929  2.25058  0.107081
16  1.82212  2.23184  0.100801
16  1.88496  2.38412  0.106845
16  1.94779  2.42963  0.1376
16  2.01062  2.47979  0.115942
16  2.07345  2.66037  0.125673
16  2.13628  2.44297  0.117157
16  2.19911  2.58153  0.11958
16  2.26195  2.551  0.101767
16  2.32478  3.05074  0.164331
16  2.38761  3.42288  0.235233
16  2.45044  3.26396  0.260962
16  2.51327  4.76174  0.767158
16  2.57611  4.82869  0.765736
16  2.63894  8.27503  3.83973
16  2.70177  8.01332  4.02237
16  2.7646  15.8034  32.1794
16  2.82743  60.3944  49.11
16  2.89027  0  0
16  2.9531  0  0
16  3.01593  0  0
16  3.07876  0  0
16.5  0  0  0
16.5  0.0628319  0  0
16.5  0.125664  0  0
16.5  0.188496  0  0
16.5  0.251327  61.6366  56.5081
16.5  0.314159  25.4969  30.0765
16.5  0.376991  9.42324  5.84619
16.5  0.439823  6.76205  2.05482
16.5  0.502655  6.14976  1.37669
16.5  0.565487  3.87628  0.561561
16.5  0.628319  3.48609  0.300238
16.5  0.69115  2.89209  0.24904
16.5  0.753982  2.84739  0.136441
16.5  0.816814  3.00532  0.122684
16.5  0.879646  2.83911  0.129986
16.5  0.942478  2.3579  0.118162
16.5  1.00531  2.81387  0.127106
16.5  1.06814  2.29433  0.113632
16.5  1.13097  2.21081  0.101011
16.5  1.19381  2.41677  0.103055
16.5  1.25664  2.17376  0.102036
16.5  1.31947  2.24927  0.103062
16.5  1.3823  2.2657  0.129146
16.5  1.44513  2.20579  0.113348
16.5  1.50796  1.99185  0.101614
16.5  1.5708  2.1611  0.10368
16.5  1.63363  2.19625  0.111411
16.5  1.69646  2.1769  0.100285
16.5  1.75929  2.23551  0.0972147
16.5  1.82212  2.29965  0.108067
16.5  1.88496  2.03103  0.0981048
16.5  1.94779  2.5783  0.142076
16.5  2.01062  2.65506  0.132837
16.5  2.07345  2.7395  0.120856
16.5  2.13628  2.28629  0.0995438
16.5  2.19911  2.68709  0.106811
16.5  2.26195  2.74546  0.11208
16.5  2.32478  2.56134  0.128888
16.5  2.38761  3.3981  0.247682
16.5  2.45044  2.50442  0.254673
16.5  2.51327  4.62616  0.67583
16.5  2.57611  6.98704  2.2428
16.5  2.63894  7.75569  3.70631
16.5  2.70177  14.4305  27.941
16.5  2.7646  39.6593  37.5863
16.5  2.82743  5.88351  5.10687
16.5  2.89027  0  0
16.5  2.9531  0  0
16.5  3.01593  0  0
16.5  3.07876  0  0
17  0  0  0
17  0.0628319  0  0
17  0.125664  0  0
17  0.188496  0  0
17  0.251327  31.5751  23.1628
17  0.314159  55.319  34.4664
17  0.376991  10.5455  7.76166
17  0.439823  8.03069  3.01639
17  0.502655  5.49725  0.92458
17  0.565487  3.59631  0.497767
17  0.628319  3.55521  0.270739
17  0.69115  3.2887  0.218063
17  0.753982  3.04129  0.146656
17  0.816814  2.79118  0.13446
17  0.879646  2.44647  0.0973369
17  0.942478  2.43599  0.111064
17  1.00531  2.4159  0.103731
17  1.06814  2.35236  0.105309
17  1.13097  2.33616  0.0924314
17  1.19381  2.47345  0.115726
17  1.25664  2.15358  0.0906088
17  1.31947  2.219  0.105057
17  1.3823  2.32866  0.119153
17  1.44513  2.36496  0.115443
17  1.50796  2.38304  0.127736
17  1.5708  2.07689  0.0978428
17  1.63363  2.2315  0.100247
17  1.69646  2.58591  0.143933
17  1.75929  2.18689  0.102695
17  1.82212  2.28101  0.0985306
17  1.88496  2.26326  0.100187
17  1.94779  2.38536  0.107638
17  2.01062  2.51633  0.11243
17  2.07345  2.56366  0.0991135
17  2.13628  2.36246  0.0936395
17  2.19911  2.80596  0.116827
17  2.26195  2.43053  0.115778
17  2.32478  3.00682  0.143235
17  2.38761  2.83195  0.174472
17  2.45044  3.66452  0.286376
17  2.51327  4.34527  0.591824
17  2.57611  6.73902  1.77935
17  2.63894  6.52694  1.64766
17  2.70177  9.6303  6.02642
17  2.7646  21.19  31.251
17  2.82743  48.2954  24.8241
17  2.89027  0  0
17  2.9531  0  0
17  3.01593  0  0
17  3.07876  0  0
17.5  0  0  0
17.5  0.0628319  0  0
17.5  0.125664  0  0
17.5  0.188496  0  0
17.5  0.251327  30.7524  19.9782
17.5  0.314159  43.0558  38.3345
17.5  0.376991  5.19237  1.99046
17.5  0.439823  7.09146  2.28001
17.5  0.502655  4.10444  0.569123
17.5  0.565487  3.97765  0.492049
17.5  0.628319  3.38889  0.35145
17.5  0.69115  3.11087  0.187441
17.5  0.753982  2.69914  0.134351
17.5  0.816814  2.59083  0.121665
17.5  0.879646  2.60426  0.101401
17.5  0.942478  2.40917  0.103729
17.5  1.00531  2.25663  0.100296
17.5  1.06814  2.48486  0.11883
17.5  1.13097  2.5344  0.110619
17.5  1.19381  2.22293  0.102138
17.5  1.25664  2.5382  0.130816
17.5  1.31947  2.29829  0.100473
17.5  1.3823  2.31443  0.118211
17.5  1.44513  2.31165  0.111213
17.5  1.50796  2.27412  0.114595
17.5  1.5708  2.06289  0.104822
17.5  1.63363  2.40377  0.140824
17.5  1.69646  2.22858  0.107574
17.5  1.75929  2.23852  0.0996485
17.5  1.82212  2.51491  0.133177
17.5  1.88496  2.46357  0.109049
17.5  1.94779  2.35119  0.106836
17.5  2.01062  2.36237  0.115336
17.5  2.07345  2.45437  0.104543
17.5  2.13628  2.39579  0.105319
17.5  2.19911  2.33675  0.0928653
17.5  2.26195  2.89622  0.13406
17.5  2.32478  2.8076  0.157376
17.5  2.38761  3.20395  0.202153
17.5  2.45044  3.78363  0.412551
17.5  2.51327  4.34721  0.65367
17.5  2.57611  6.45455  1.8594
17.5  2.63894  7.29414  2.93436
17.5  2.70177  9.9988  7.01721
17.5  2.7646  35.9265  23.5081
17.5  2.82743  45.8229  23.7537
17.5  2.89027  0  0
17.5  2.9531  0  0
17.5  3.01593  0  0
17.5  3.07876  0  0
18  0  0  0
18  0.0628319  0  0
18  0.125664  0  0
18  0.188496  0  0
18  0.251327  48.2652  24.4501
18  0.314159  36.1601  29.2555
18  0.376991  11.9332  9.4829
18  0.439823  9.40335  5.05515
18  0.502655  6.55096  1.79993
18  0.565487  4.79022  0.911518
18  0.628319  3.2646  0.28087
18  0.69115  2.88602  0.25303
18  0.753982  2.58335  0.10887
18  0.816814  2.60145  0.107097
18  0.879646  2.58503  0.107728
18  0.942478  2.53769  0.115725
18  1.00531  2.40624  0.102572
18  1.06814  2.45289  0.111822
18  1.13097  2.36593  0.109899
18  1.19381  2.36872  0.096511
18  1.25664  2.58157  0.127503
18  1.31947  2.24815  0.108273
18  1.3823  2.32716  0.111355
18  1.44513  2.342  0.119713
18  1.50796  2.23708  0.112979
18  1.5708  2.32304  0.110555
18  1.63363  2.35251  0.111776
18  1.69646  2.18108  0.092003
18  1.75929  2.24307  0.105686
18  1.82212  2.44251  0.123832
18  1.88496  2.37871  0.119639
18  1.94779  2.46237  0.134419
18  2.01062  2.43822  0.108309
18  2.07345  2.35823  0.10082
18  2.13628  2.37893  0.0912099
18  2.19911  2.74265  0.107178
18  2.26195  2.74925  0.120688
18  2.32478  2.86219  0.161406
18  2.38761  3.23864  0.208413
18  2.45044  3.74072  0.348808
18  2.51327  4.89677  0.674131
18  2.57611  5.4572  1.00061
18  2.63894  8.12417  3.95796
18  2.70177  7.9804  3.2504
18  2.7646  20.5986  28.8017
18  2.82743  24.6536  24.2917
18  2.89027  0  0
18  2.9531  0  0
18  3.01593  0  0
18  3.07876  0  0
18.5  0  0  0
18.5  0.0628319  0  0
18.5  0.125664  0  0
18.5  0.188496  0  0
18.5  0.251327  36.6346  18.6212
18.5  0.314159  12.6601  14.1724
18.5  0.376991  10.9803  9.40139
18.5  0.439823  7.06753  2.46802
18.5  0.502655  5.34174  1.1095
18.5  0.565487  3.61554  0.472428
18.5  0.628319  3.11518  0.235613
18.5  0.69115  3.34121  0.22082
18.5  0.753982  2.78537  0.128827
18.5  0.816814  2.66543  0.106261
18.5  0.879646  2.61567  0.119272
18.5  0.942478  2.39419  0.0917106
18.5  1.00531  2.58956  0.114159
18.5  1.06814  2.45186  0.11117
18.5  1.13097  2.26676  0.0961563
18.5  1.19381  2.05073  0.0997653
18.5  1.25664  2.43111  0.129202
18.5  1.31947  2.25881  0.130063
18.5  1.3823  2.18822  0.112612
18.5  1.44513  2.05273  0.087781
18.5  1.50796  2.24448  0.11898
18.5  1.5708  2.31614  0.108578
18.5  1.63363  2.63647  0.127308
18.5  1.69646  2.52867  0.194629
18.5  1.75929  2.50548  0.118328
18.5  1.82212  2.28672  0.0971843
18.5  1.88496  2.30523  0.101301
18.5  1.94779  2.45915  0.106103
18.5  2.01062  2.28741  0.0946482
18.5  2.07345  2.50103  0.121087
18.5  2.13628  2.61256  0.101857
18.5  2.19911  2.79583  0.108836
18.5  2.26195  2.52447  0.105501
18.5  2.32478  2.71776  0.130827
18.5  2.38761  3.38212  0.223897
18.5  2.45044  3.30983  0.262989
18.5  2.51327  4.24401  0.643653
18.5  2.57611  6.10279  1.25974
18.5  2.63894  13.0407  11.5387
18.5  2.70177  10.9699  7.03692
18.5  2.7646  46.3026  35.5552
18.5  2.82743  43.0616  21.8007
18.5  2.89027  0  0
18.5  2.9531  0  0
18.5  3.01593  0  0
18.5  3.07876  0  0
19  0  0  0
19  0.0628319  0  0
19  0.125664  0  0
19  0.188496  0  0
19  0.251327  11.3423  16.5023
19  0.314159  17.1984  34.4392
19  0.376991  10.3079  8.11302
19  0.439823  8.11967  3.20714
19  0.502655  5.43455  0.933635
19  0.565487  4.83845  0.792911
19  0.628319  3.36878  0.284084
19  0.69115  3.02308  0.234137
19  0.753982  2.7836  0.133802
19  0.816814  2.89939  0.139603
19  0.879646  2.64629  0.117488
19  0.942478  2.54424  0.123018
19  1.00531  2.39418  0.102614
19  1.06814  2.3833  0.113131
19  1.13097  2.52552  0.110672
19  1.19381  2.27896  0.103235
19  1.25664  2.27986  0.112224
19  1.31947  2.01302  0.0900022
19  1.3823  2.00361  0.0995264
19  1.44513  2.1341  0.0949481
19  1.50796  2.2127  0.11979
19  1.5708  2.13636  0.121054
19  1.63363  2.29583  0.105102
19  1.69646  2.27355  0.100072
19  1.75929  2.23439  0.100735
19  1.82212  2.35758  0.111325
19  1.88496  2.18418  0.106264
19  1.94779  2.49571  0.12994
19  2.01062  2.33675  0.117855
19  2.07345  2.32262  0.0988007
19  2.13628  2.3727  0.107008
19  2.19911  2.72605  0.110659
19  2.26195  2.94518  0.126811
19  2.32478  2.71131  0.13432
19  2.38761  3.00976  0.269625
19  2.45044  3.87046  0.445483
19  2.51327  3.31469  0.410681
19  2.57611  5.79807  1.15019
19  2.63894  7.93122  2.52739
19  2.70177  24.6515  27.069
19  2.7646  9.93278  9.03298
19  2.82743  9.21849  23.3189
19  2.89027  0  0
19  2.9531  0  0
19  3.01593  0  0
19  3.07876  0  0
19.5  0  0  0
19.5  0.0628319  0  0
19.5  0.125664  0  0
19.5  0.188496  0  0
19.5  0.251327  54.1987  37.4321
19.5  0.314159  11.9345  13.2304
19.5  0.376991  6.0956  2.66559
19.5  0.439823  7.07807  2.90752
19.5  0.502655  5.02575  0.83676
19.5  0.565487  4.58169  0.720542
19.5  0.628319  3.55662  0.382113
19.5  0.69115  2.9058  0.171788
19.5  0.753982  2.9941  0.161332
19.5  0.816814  2.51909  0.107311
19.5  0.879646  2.56806  0.0963111
19.5  0.942478  2.61096  0.117072
19.5  1.00531  2.78015  0.121595
19.5  1.06814  2.32859  0.116803
19.5  1.13097  2.42066  0.105592
19.5  1.19381  2.45583  0.142157
19.5  1.25664  2.19868  0.118183
19.5  1.31947  2.42193  0.135766
19.5  1.3823  2.19959  0.111978
19.5  1.44513  2.01056  0.0992009
19.5  1.50796  2.39575  0.121026
19.5  1.5708  2.07643  0.094437
19.5  1.63363  2.29633  0.10457
19.5  1.69646  2.24805  0.108021
19.5  1.75929  2.29134  0.0971505
19.5  1.82212  2.37088  0.109766
19.5  1.88496  1.9881  0.112398
19.5  1.94779  2.34441  0.10269
19.5  2.01062  2.38559  0.0956799
19.5  2.07345  2.50871  0.11948
19.5  2.13628  2.51712  0.10012
19.5  2.19911  2.64283  0.0990079
19.5  2.26195  2.77757  0.115458
19.5  2.32478  2.7253  0.136714
19.5  2.38761  2.75413  0.161537
19.5  2.45044  2.69541  0.200873
19.5  2.51327  3.62249  0.524398
19.5  2.57611  4.83845  0.87467
19.5  2.63894  6.15841  1.85061
19.5  2.70177  11.3799  8.70863
19.5  2.7646  41.6902  32.3817
19.5  2.82743  36.7253  24.1015
19.5  2.89027  0  0
19.5  2.9531  0  0
19.5  3.01593  0  0
19.5  3.07876  0  0
20  0  0  0
20  0.0628319  0  0
20  0.125664  0  0
20  0.188496  0  0
20  0.251327  35.0032  23.1115
20  0.314159  9.83037  9.43896
20  0.376991  11.8918  10.3609
20  0.439823  6.87197  3.07194
20  0.502655  6.06549  1.4171
20  0.565487  3.99003  0.481947
20  0.628319  3.7248  0.374056
20  0.69115  3.01385  0.166232
20  0.753982  2.80872  0.135895
20  0.816814  2.6614  0.116788
20  0.879646  2.61051  0.0917382
20  0.942478  2.50953  0.105764
20  1.00531  2.76987  0.128245
20  1.06814  2.4448  0.116323
20  1.13097  2.25572  0.119206
20  1.19381  2.28551  0.110081
20  1.25664  2.36866  0.120096
20  1.31947  2.32288  0.123769
20  1.3823  2.18153  0.102116
20  1.44513  2.33762  0.12416
20  1.50796  2.49143  0.130426
20  1.5708  2.29041  0.110706
20  1.63363  2.4482  0.125183
20  1.69646  2.18562  0.119131
20  1.75929  2.39577  0.11504
20  1.82212  2.20864  0.104234
20  1.88496  2.20504  0.105543
20  1.94779  2.43757  0.118532
20  2.01062  2.0671  0.109588
20  2.07345  2.42408  0.113149
20  2.13628  2.61186  0.111425
20  2.19911  2.57305  0.107835
20  2.26195  2.87959  0.121519
20  2.32478  2.7812  0.143052
20  2.38761  2.70127  0.176111
20  2.45044  3.60688  0.397109
20  2.51327  4.14369  0.497963
20  2.57611  5.04738  1.12886
20  2.63894  9.37152  4.25759
20  2.70177  11.2341  8.85464
20  2.7646  17.5657  25.9964
20  2.82743  61.6774  49.7269
20  2.89027  0  0
20  2.9531  0  0
20  3.01593  0  0
20  3.07876  0  0
20.5  0  0  0
20.5  0.0628319  0  0
20.5  0.125664  0  0
20.5  0.188496  0  0
20.5  0.251327  45.9991  26.2771
20.5  0.314159  25.9901  28.3792
20.5  0.376991  8.42485  4.76826
20.5  0.439823  8.03916  4.09739
20.5  0.502655  5.61552  1.37962
20.5  0.565487  4.44259  0.505325
20.5  0.628319  3.94104  0.466591
20.5  0.69115  3.3937  0.259584
20.5  0.753982  2.59456  0.132881
20.5  0.816814  2.80191  0.126464
20.5  0.879646  2.78334  0.121175
20.5  0.942478  2.58524  0.116679
20.5  1.00531  2.41852  0.114087
20.5  1.06814  2.21917  0.112066
20.5  1.13097  2.34947  0.105158
20.5  1.19381  2.30927  0.101162
20.5  1.25664  2.18494  0.0997483
20.5  1.31947  2.3949  0.106472
20.5  1.3823  2.29538  0.115604
20.5  1.44513  2.03133  0.0906497
20.5  1.50796  2.28224  0.105706
20.5  1.5708  2.29861  0.114624
20.5  1.63363  2.28435  0.114621
20.5  1.69646  2.31484  0.109824
20.5  1.75929  2.54067  0.129558
20.5  1.82212  2.41652  0.160438
20.5  1.88496  2.2899  0.102096
20.5  1.94779  2.35622  0.0997409
20.5  2.01062  2.29027  0.10779
20.5  2.07345  2.55681  0.121013
20.5  2.13628  2.37303  0.111542
20.5  2.19911  2.67662  0.114072
20.5  2.26195  2.49677  0.108859
20.5  2.32478  2.58914  0.14995
20.5  2.38761  2.73182  0.191378
20.5  2.45044  3.26418  0.271406
20.5  2.51327  4.41272  0.530588
20.5  2.57611  5.01693  1.10895
20.5  2.63894  6.29268  2.05087
20.5  2.70177  10.4819  7.10803
20.5  2.7646  17.4381  28.9717
20.5  2.82743  4.89161  7.51366
20.5  2.89027  0  0
20.5  2.9531  0  0
20.5  3.01593  0  0
20.5  3.07876  0  0
21  0  0  0
21  0.0628319  0  0
21  0.125664  0  0
21  0.188496  0  0
21  0.251327  55.7631  28.3368
21  0.314159  12.3841  10.669
21  0.376991  8.29674  4.1517
21  0.439823  9.02308  4.8257
21  0.502655  8.2192  3.27401
21  0.565487  3.5897  0.351125
21  0.628319  3.16168  0.238719
21  0.69115  2.97821  0.185611
21  0.753982  2.92014  0.158398
21  0.816814  2.77231  0.12759
21  0.879646  2.69761  0.127037
21  0.942478  2.47686  0.110307
21  1.00531  2.35699  0.0979248
21  1.06814  2.60818  0.127438
21  1.13097  2.24322  0.0907085
21  1.19381  2.33849  0.109698
21  1.25664  2.36557  0.11524
21  1.31947  2.23908  0.0974822
21  1.3823  2.07303  0.0896896
21  1.44513  2.36533  0.120209
21  1.50796  1.85827  0.0927649
21  1.5708  2.42227  0.115816
21  1.63363  2.47614  0.11771
21  1.69646  2.16205  0.115677
21  1.75929  2.18671  0.112376
21  1.82212  1.96014  0.101346
21  1.88496  2.38864  0.12387
21  1.94779  2.28908  0.108284
21  2.01062  2.38216  0.106828
21  2.07345  2.40616  0.109498
21  2.13628  2.69304  0.12222
21  2.19911  2.67673  0.111963
21  2.26195  2.94729  0.13195
21  2.32478  2.89144  0.155759
21  2.38761  3.32898  0.259489
21  2.45044  3.02872  0.264554
21  2.51327  4.79367  0.671793
21  2.57611  4.89273  0.905015
21  2.63894  7.54845  3.21867
21  2.70177  12.0249  11.7751
21  2.7646  25.9481  37.0494
21  2.82743  52.002  29.8123
21  2.89027  0  0
21  2.9531  0  0
21  3.01593  0  0
21  3.07876  0  0
21.5  0  0  0
21.5  0.0628319  0  0
21.5  0.125664  0  0
21.5  0.188496  0  0
21.5  0.251327  13.5674  25.7169
21.5  0.314159  14.5434  29.2566
21.5  0.376991  7.51495  3.80509
21.5  0.439823  9.83478  7.54776
21.5  0.502655  4.91784  0.800439
21.5  0.565487  3.77288  0.411863
21.5  0.628319  3.64231  0.45431
21.5  0.69115  3.38071  0.286102
21.5  0.753982  3.13626  0.160233
21.5  0.816814  2.76601  0.11865
21.5  0.879646  2.57954  0.111737
21.5  0.942478  2.69821  0.115452
21.5  1.00531  2.64235  0.136212
21.5  1.06814  2.58157  0.113735
21.5  1.13097  2.42265  0.125431
21.5  1.19381  2.45333  0.107453
21.5  1.25664  1.98467  0.0988315
21.5  1.31947  2.26431  0.11277
21.5  1.3823  2.18084  0.101517
21.5  1.44513  2.40299  0.116176
21.5  1.50796  2.15179  0.0888468
21.5  1.5708  2.2325  0.127609
21.5  1.63363  2.27035  0.0973923
21.5  1.69646  2.25317  0.117626
21.5  1.75929  2.15468  0.124984
21.5  1.82212  2.26779  0.111174
21.5  1.88496  2.47588  0.117312
21.5  1.94779  2.38821  0.115784
21.5  2.01062  2.33861  0.110988
21.5  2.07345  2.43387  0.10599
21.5  2.13628  2.40165  0.106038
21.5  2.19911  2.51531  0.103281
21.5  2.26195  2.57319  0.10701
21.5  2.32478  2.77005  0.133596
21.5  2.38761  3.36488  0.256594
21.5  2.45044  3.80864  0.41448
21.5  2.51327  4.09875  0.517598
21.5  2.57611  7.02526  2.16018
21.5  2.63894  13.7924  15.6258
21.5  2.70177  40.6405  30.5552
21.5  2.7646  14.6601  29.3849
21.5  2.82743  26.8967  25.272
21.5  2.89027  0  0
21.5  2.9531  0  0
21.5  3.01593  0  0
21.5  3.07876  0  0
22  0  0  0
22  0.0628319  0  0
22  0.125664  0  0
22  0.188496  0  0
22  0.251327  18.6239  37.7732
22  0.314159  29.4529  33.9441
22  0.376991  7.19296  2.95109
22  0.439823  7.03569  1.94153
22  0.502655  4.35039  0.716795
22  0.565487  4.37484  0.615386
22  0.628319  3.6374  0.306217
22  0.69115  2.57282  0.196178
22  0.753982  3.06053  0.139244
22  0.816814  2.66192  0.117651
22  0.879646  2.51203  0.0989198
22  0.942478  2.67227  0.118576
22  1.00531  2.42778  0.124609
22  1.06814  2.3304  0.1069
22  1.13097  2.38993  0.111592
22  1.19381  2.36798  0.120034
22  1.25664  2.33839  0.128423
22  1.31947  2.36545  0.10848
22  1.3823  2.15849  0.08969
22  1.44513  2.23749  0.115662
22  1.50796  2.29753  0.107094
22  1.5708  2.17474  0.103601
22  1.63363  2.09221  0.109662
22  1.69646  2.12657  0.109191
22  1.75929  2.28387  0.116762
22  1.82212  2.1428  0.110316
22  1.88496  2.22917  0.112134
22  1.94779  2.53959  0.122647
22  2.01062  2.54788  0.126614
22  2.07345  2.43461  0.111792
22  2.13628  2.53348  0.10725
22  2.19911  2.56947  0.107494
22  2.26195  2.54751  0.110297
22  2.32478  3.05125  0.162341
22  2.38761  2.89448  0.208802
22  2.45044  3.76871  0.320114
22  2.51327  4.44674  0.532276
22  2.57611  5.95565  1.35015
22  2.63894  8.67865  4.54785
22  2.70177  7.56182  5.13335
22  2.7646  10.0219  8.87325
22  2.82743  46.5752  33.5877
22  2.89027  0.238312  1.31111
22  2.9531  0  0
22  3.01593  0  0
22  3.07876  0  0
22.5  0  0  0
22.5  0.0628319  0  0
22.5  0.125664  0  0
22.5  0.188496  0  0
22.5  0.251327  51.4731  43.9758
22.5  0.314159  16.0098  21.4131
22.5  0.376991  9.76609  6.38353
22.5  0.439823  7.7955  3.2051
22.5  0.502655  7.11998  2.25891
22.5  0.565487  4.47566  0.626787
22.5  0.628319  3.37043  0.271814
22.5  0.69115  3.28755  0.222167
22.5  0.753982  3.10826  0.166533
22.5  0.816814  2.77376  0.113491
22.5  0.879646  2.55763  0.109711
22.5  0.942478  2.49746  0.0994144
22.5  1.00531  2.2618  0.0936487
22.5  1.06814  2.32403  0.0995963
22.5  1.13097  2.33785  0.104333
22.5  1.19381  1.92587  0.104858
22.5  1.25664  2.17403  0.10791
22.5  1.31947  2.24113  0.114136
22.5  1.3823  2.13366  0.10053
22.5  1.44513  2.48159  0.124912
22.5  1.50796  2.43245  0.114349
22.5  1.5708  2.22332  0.111362
22.5  1.63363  2.09899  0.102091
22.5  1.69646  2.62431  0.147667
22.5  1.75929  2.40358  0.116465
22.5  1.82212  2.15044  0.120183
22.5  1.88496  2.21267  0.0896453
22.5  1.94779  2.24303  0.110966
22.5  2.01062  2.17679  0.107206
22.5  2.07345  2.42797  0.098879
22.5  2.13628  2.54685  0.0982204
22.5  2.19911  2.70569  0.13269
22.5  2.26195  2.63204  0.103389
22.5  2.32478  2.94392  0.154826
22.5  2.38761  3.12951  0.190576
22.5  2.45044  3.95229  0.404738
22.5  2.51327  4.00143  0.451276
22.5  2.57611  6.8033  1.88825
22.5  2.63894  6.73243  2.13349
22.5  2.70177  9.12414  5.66802
22.5  2.7646  31.9312  28.3471
22.5  2.82743  8.63562  22.1981
22.5  2.89027  0  0
22.5  2.9531  0  0
22.5  3.01593  0  0
22.5  3.07876  0  0
23  0  0  0
23  0.0628319  0  0
23  0.125664  0  0
23  0.188496  0  0
23  0.251327  34.0776  24.4857
23  0.314159  15.0206  28.2318
23  0.376991  10.3765  8.2124
23  0.439823  9.85986  6.47369
23  0.502655  6.1757  1.80677
23  0.565487  3.79999  0.631864
23  0.628319  3.78851  0.36107
23  0.69115  2.96525  0.198146
23  0.753982  2.86639  0.145805
23  0.816814  2.48228  0.107846
23  0.879646  2.53467  0.111587
23  0.942478  2.51958  0.0986639
23  1.00531  2.39858  0.0916278
23  1.06814  2.41898  0.112685
23  1.13097  2.4143  0.117746
23  1.19381  2.37968  0.112749
23  1.25664  2.16756  0.109518
23  1.31947  2.19919  0.113559
23  1.3823  2.28443  0.0981309
23  1.44513  2.43679  0.129396
23  1.50796  2.22896  0.110905
23  1.5708  2.33169  0.10969
23  1.63363  2.15087  0.101973
23  1.69646  2.12613  0.0936705
23  1.75929  2.22763  0.0937404
23  1.82212  2.21681  0.0934564
23  1.88496  2.29243  0.119975
23  1.94779  2.18879  0.0956903
23  2.01062  2.46037  0.118694
23  2.07345  2.35116  0.10111
23  2.13628  2.55542  0.103078
23  2.19911  2.61644  0.107854
23  2.26195  2.71318  0.121591
23  2.32478  2.76688  0.137495
23  2.38761  2.9115  0.189528
23  2.45044  4.08617  0.478178
23  2.51327  3.79601  0.630838
23  2.57611  6.05128  1.21086
23  2.63894  7.51337  2.50708
23  2.70177  9.67044  6.1708
23  2.7646  12.8617  15.488
23  2.82743  51.6106  49.9027
23  2.89027  0  0
23  2.9531  0  0
23  3.01593  0  0
23  3.07876  0  0
23.5  0  0  0
23.5  0.0628319  0  0
23.5  0.125664  0  0
23.5  0.188496  0  0
23.5  0.251327  28.061  23.4158
23.5  0.314159  36.5006  33.0624
23.5  0.376991  15.3651  27.9608
23.5  0.439823  7.4942  2.82719
23.5  0.502655  4.40619  0.705324
23.5  0.565487  3.43511  0.422034
23.5  0.628319  3.84905  0.399882
23.5  0.69115  2.86134  0.174238
23.5  0.753982  3.00174  0.176278
23.5  0.816814  2.63119  0.104339
23.5  0.879646  2.87244  0.12887
23.5  0.942478  2.58795  0.128053
23.5  1.00531  2.34682  0.102667
23.5  1.06814  2.52411  0.10366
23.5  1.13097  2.48846  0.105274
23.5  1.19381  2.25864  0.0995406
23.5  1.25664  2.49406  0.122636
23.5  1.31947  2.20752  0.108203
23.5  1.3823  2.55572  0.128312
23.5  1.44513  2.30902  0.113965
23.5  1.50796  2.28394  0.110535
23.5  1.5708  2.16397  0.100915
23.5  1.63363  2.13778  0.10473
23.5  1.69646  2.24032  0.0980008
23.5  1.75929  2.23331  0.109793
23.5  1.82212  2.15714  0.113102
23.5  1.88496  2.40968  0.115846
23.5  1.94779  2.12379  0.106074
23.5  2.01062  2.25943  0.103578
23.5  2.07345  2.57847  0.120092
23.5  2.13628  2.43374  0.110762
23.5  2.19911  2.52604  0.100467
23.5  2.26195  2.78822  0.118524
23.5  2.32478  2.93547  0.183876
23.5  2.38761  3.282  0.238241
23.5  2.45044  3.46937  0.366051
23.5  2.51327  3.63407  0.422305
23.5  2.57611  4.32579  0.792757
23.5  2.63894  6.76233  2.42286
23.5  2.70177  8.69563  3.77025
23.5  2.7646  10.4111  9.1298
23.5  2.82743  44.9476  22.6649
23.5  2.89027  0  0
23.5  2.9531  0  0
23.5  3.01593  0  0
23.5  3.07876  0  0
24  0  0  0
24  0.0628319  0  0
24  0.125664  0  0
24  0.188496  0  0
24  0.251327  13.8613  25.7426
24  0.314159  13.063  15.5729
24  0.376991  8.68044  4.00006
24  0.439823  6.99641  2.02081
24  0.502655  4.96036  0.767127
24  0.565487  3.8092  0.482086
24  0.628319  4.0768  0.436693
24  0.69115  2.81791  0.193021
24  0.753982  2.87513  0.165359
24  0.816814  2.73656  0.137327
24  0.879646  2.73261  0.102898
24  0.942478  2.33878  0.0978444
24  1.00531  2.24916  0.0886344
24  1.06814  2.4442  0.11754
24  1.13097  2.46166  0.11835
24  1.19381  2.39468  0.111405
24  1.25664  2.30439  0.113405
24  1.31947  2.47857  0.139867
24  1.3823  2.24282  0.124861
24  1.44513  1.9563  0.0875203
24  1.50796  2.13815  0.110028
24  1.5708  2.26357  0.0971993
24  1.63363  2.39912  0.118507
24  1.69646  2.25931  0.100455
24  1.75929  2.36763  0.104266
24  1.82212  2.39033  0.114102
24  1.88496  2.14442  0.100209
24  1.94779  2.10011  0.0906051
24  2.01062  2.38833  0.100939
24  2.07345  2.49587  0.0997367
24  2.13628  2.60125  0.107307
24  2.19911  2.50323  0.0967716
24  2.26195  2.54366  0.113752
24  2.32478  2.88714  0.185654
24  2.38761  2.87419  0.18506
24  2.45044  3.70789  0.328999
24  2.51327  4.77957  0.796652
24  2.57611  5.16941  1.01937
24  2.63894  8.75813  3.43452
24  2.70177  6.73815  3.85027
24  2.7646  43.8214  32.9354
24  2.82743  37.9314  37.8004
24  2.89027  0  0
24  2.9531  0  0
24  3.01593  0  0
24  3.07876  0  0
24.5  0  0  0
24.5  0.0628319  0  0
24.5  0.125664  0  0
24.5  0.188496  0  0
24.5  0.251327  60.1143  30.2748
24.5  0.314159  14.7104  27.5647
24.5  0.376991  7.10666  3.10008
24.5  0.439823  8.11194  3.57351
24.5  0.502655  4.84192  0.91409
24.5  0.565487  3.5517  0.451508
24.5  0.628319  3.14362  0.252539
24.5  0.69115  2.62774  0.178181
24.5  0.753982  2.6338  0.129545
24.5  0.816814  2.5604  0.0994427
24.5  0.879646  2.60888  0.0960306
24.5  0.942478  2.57091  0.0959177
24.5  1.00531  2.24109  0.0951076
24.5  1.06814  2.29567  0.095209
24.5  1.13097  2.31746  0.137218
24.5  1.19381  2.23538  0.0951167
24.5  1.25664  2.1654  0.100279
24.5  1.31947  2.14242  0.118672
24.5  1.3823  1.99771  0.0965383
24.5  1.44513  2.18825  0.109456
24.5  1.50796  2.27256  0.118326
24.5  1.5708  2.24063  0.103764
24.5  1.63363  2.05329  0.0950077
24.5  1.69646  2.12485  0.102955
24.5  1.75929  2.30414  0.116367
24.5  1.82212  2.17135  0.101685
24.5  1.88496  2.28365  0.101421
24.5  1.94779  2.43404  0.126669
24.5  2.01062  2.44906  0.103158
24.5  2.07345  2.52626  0.0993174
24.5  2.13628  2.48732  0.103011
24.5  2.19911  2.39232  0.0951997
24.5  2.26195  2.63596  0.109574
24.5  2.32478  3.03132  0.16005
24.5  2.38761  3.27735  0.220752
24.5  2.45044  3.58181  0.282075
24.5  2.51327  3.55462  0.604015
24.5  2.57611  4.81707  0.904973
24.5  2.63894  7.08403  1.91306
24.5  2.70177  11.0324  11.0431
24.5  2.7646  13.1639  27.7398
24.5  2.82743  20.0615  23.5225
24.5  2.89027  0  0
24.5  2.9531  0  0
24.5  3.01593  0  0
24.5  3.07876  0  0
