2  0  0  0
2  0.0628319  0  0
2  0.125664  0  0
2  0.188496  0  0
2  0.251327  0  0
2  0.314159  0  0
2  0.376991  0  0
2  0.439823  0  0
2  0.502655  0  0
2  0.565487  0  0
2  0.628319  0  0
2  0.69115  0  0
2  0.753982  0  0
2  0.816814  0  0
2  0.879646  0  0
2  0.942478  0  0
2  1.00531  0  0
2  1.06814  0  0
2  1.13097  0  0
2  1.19381  0  0
2  1.25664  0  0
2  1.31947  0  0
2  1.3823  0  0
2  1.44513  0  0
2  1.50796  0  0
2  1.5708  0  0
2  1.63363  0  0
2  1.69646  0  0
2  1.75929  0  0
2  1.82212  0  0
2  1.88496  0  0
2  1.94779  0  0
2  2.01062  0  0
2  2.07345  0  0
2  2.13628  0  0
2  2.19911  0  0
2  2.26195  0  0
2  2.32478  0  0
2  2.38761  0  0
2  2.45044  0  0
2  2.51327  0  0
2  2.57611  0  0
2  2.63894  0  0
2  2.70177  0  0
2  2.7646  0  0
2  2.82743  0  0
2  2.89027  0  0
2  2.9531  0  0
2  3.01593  0  0
2  3.07876  0  0
2.5  0  0  0
2.5  0.0628319  0  0
2.5  0.125664  0  0
2.5  0.188496  0  0
2.5  0.251327  0  0
2.5  0.314159  0  0
2.5  0.376991  0  0
2.5  0.439823  0  0
2.5  0.502655  0  0
2.5  0.565487  0  0
2.5  0.628319  0  0
2.5  0.69115  0  0
2.5  0.753982  0  0
2.5  0.816814  0  0
2.5  0.879646  0  0
2.5  0.942478  0  0
2.5  1.00531  0  0
2.5  1.06814  0  0
2.5  1.13097  0  0
2.5  1.19381  0  0
2.5  1.25664  0  0
2.5  1.31947  0  0
2.5  1.3823  0  0
2.5  1.44513  0  0
2.5  1.50796  0  0
2.5  1.5708  0  0
2.5  1.63363  0  0
2.5  1.69646  0  0
2.5  1.75929  0  0
2.5  1.82212  0  0
2.5  1.88496  0  0
2.5  1.94779  0  0
2.5  2.01062  0  0
2.5  2.07345  0  0
2.5  2.13628  0  0
2.5  2.19911  0  0
2.5  2.26195  0  0
2.5  2.32478  0  0
2.5  2.38761  0  0
2.5  2.45044  0  0
2.5  2.51327  0  0
2.5  2.57611  0  0
2.5  2.63894  0  0
2.5  2.70177  0  0
2.5  2.7646  0  0
2.5  2.82743  0  0
2.5  2.89027  0  0
2.5  2.9531  0  0
2.5  3.01593  0  0
2.5  3.07876  0  0
3  0  0  0
3  0.0628319  0  0
3  0.125664  0  0
3  0.188496  0  0
3  0.251327  0  0
3  0.314159  0  0
3  0.376991  0  0
3  0.439823  0  0
3  0.502655  0  0
3  0.565487  0  0
3  0.628319  0  0
3  0.69115  0  0
3  0.753982  0  0
3  0.816814  0  0
3  0.879646  0  0
3  0.942478  0  0
3  1.00531  0  0
3  1.06814  0  0
3  1.13097  0  0
3  1.19381  0  0
3  1.25664  0  0
3  1.31947  0  0
3  1.3823  0  0
3  1.44513  0  0
3  1.50796  0  0
3  1.5708  0  0
3  1.63363  0  0
3  1.69646  0  0
3  1.75929  0  0
3  1.82212  0  0
3  1.88496  0  0
3  1.94779  0  0
3  2.01062  0  0
3  2.07345  0  0
3  2.13628  0  0
3  2.19911  0  0
3  2.26195  0  0
3  2.32478  0  0
3  2.38761  0  0
3  2.45044  0  0
3  2.51327  0  0
3  2.57611  0  0
3  2.63894  0  0
3  2.70177  0  0
3  2.7646  0  0
3  2.82743  0  0
3  2.89027  0  0
3  2.9531  0  0
3  3.01593  0  0
3  3.07876  0  0
3.5  0  0  0
3.5  0.0628319  0  0
3.5  0.125664  0  0
3.5  0.188496  0  0
3.5  0.251327  0  0
3.5  0.314159  0  0
3.5  0.376991  0  0
3.5  0.439823  0  0
3.5  0.502655  0  0
3.5  0.565487  0  0
3.5  0.628319  0  0
3.5  0.69115  0  0
3.5  0.753982  0  0
3.5  0.816814  0  0
3.5  0.879646  0  0
3.5  0.942478  0  0
3.5  1.00531  0  0
3.5  1.06814  0  0
3.5  1.13097  0  0
3.5  1.19381  0  0
3.5  1.25664  0  0
3.5  1.31947  0  0
3.5  1.3823  0  0
3.5  1.44513  0  0
3.5  1.50796  0  0
3.5  1.5708  0  0
3.5  1.63363  0  0
3.5  1.69646  0  0
3.5  1.75929  0  0
3.5  1.82212  0  0
3.5  1.88496  0  0
3.5  1.94779  0  0
3.5  2.01062  0  0
3.5  2.07345  0  0
3.5  2.13628  0  0
3.5  2.19911  0  0
3.5  2.26195  0  0
3.5  2.32478  0  0
3.5  2.38761  0  0
3.5  2.45044  0  0
3.5  2.51327  0  0
3.5  2.57611  0  0
3.5  2.63894  0  0
3.5  2.70177  0  0
3.5  2.7646  0  0
3.5  2.82743  0  0
3.5  2.89027  0  0
3.5  2.9531  0  0
3.5  3.01593  0  0
3.5  3.07876  0  0
4  0  0  0
4  0.0628319  0  0
4  0.125664  0  0
4  0.188496  0  0
4  0.251327  0  0
4  0.314159  0  0
4  0.376991  0  0
4  0.439823  0  0
4  0.502655  0  0
4  0.565487  0  0
4  0.628319  0  0
4  0.69115  0  0
4  0.753982  0  0
4  0.816814  0  0
4  0.879646  0  0
4  0.942478  0  0
4  1.00531  0  0
4  1.06814  0  0
4  1.13097  0  0
4  1.19381  0  0
4  1.25664  0  0
4  1.31947  0  0
4  1.3823  0  0
4  1.44513  0  0
4  1.50796  0  0
4  1.5708  0  0
4  1.63363  0  0
4  1.69646  0  0
4  1.75929  0  0
4  1.82212  0  0
4  1.88496  0  0
4  1.94779  0  0
4  2.01062  0  0
4  2.07345  0  0
4  2.13628  0  0
4  2.19911  0  0
4  2.26195  0  0
4  2.32478  0  0
4  2.38761  0  0
4  2.45044  0  0
4  2.51327  0  0
4  2.57611  0  0
4  2.63894  0  0
4  2.70177  0  0
4  2.7646  0  0
4  2.82743  0  0
4  2.89027  0  0
4  2.9531  0  0
4  3.01593  0  0
4  3.07876  0  0
4.5  0  0  0
4.5  0.0628319  0  0
4.5  0.125664  0  0
4.5  0.188496  0  0
4.5  0.251327  0  0
4.5  0.314159  0  0
4.5  0.376991  0  0
4.5  0.439823  0  0
4.5  0.502655  0  0
4.5  0.565487  0  0
4.5  0.628319  0  0
4.5  0.69115  0  0
4.5  0.753982  0  0
4.5  0.816814  0  0
4.5  0.879646  0  0
4.5  0.942478  0  0
4.5  1.00531  0  0
4.5  1.06814  0  0
4.5  1.13097  0  0
4.5  1.19381  0  0
4.5  1.25664  0  0
4.5  1.31947  0  0
4.5  1.3823  0  0
4.5  1.44513  0  0
4.5  1.50796  0  0
4.5  1.5708  0  0
4.5  1.63363  0  0
4.5  1.69646  0  0
4.5  1.75929  0  0
4.5  1.82212  0  0
4.5  1.88496  0  0
4.5  1.94779  0  0
4.5  2.01062  0  0
4.5  2.07345  0  0
4.5  2.13628  0  0
4.5  2.19911  0  0
4.5  2.26195  0  0
4.5  2.32478  0  0
4.5  2.38761  0  0
4.5  2.45044  0  0
4.5  2.51327  0  0
4.5  2.57611  0  0
4.5  2.63894  0  0
4.5  2.70177  0  0
4.5  2.7646  0  0
4.5  2.82743  0  0
4.5  2.89027  0  0
4.5  2.9531  0  0
4.5  3.01593  0  0
4.5  3.07876  0  0
5  0  0  0
5  0.0628319  0  0
5  0.125664  0  0
5  0.188496  0  0
5  0.251327  0  0
5  0.314159  0  0
5  0.376991  0  0
5  0.439823  0  0
5  0.502655  0  0
5  0.565487  0  0
5  0.628319  0  0
5  0.69115  0  0
5  0.753982  0  0
5  0.816814  0  0
5  0.879646  0  0
5  0.942478  0  0
5  1.00531  0  0
5  1.06814  0  0
5  1.13097  0  0
5  1.19381  0  0
5  1.25664  0  0
5  1.31947  0  0
5  1.3823  0  0
5  1.44513  0  0
5  1.50796  0  0
5  1.5708  0  0
5  1.63363  0  0
5  1.69646  0  0
5  1.75929  0  0
5  1.82212  0  0
5  1.88496  0  0
5  1.94779  0  0
5  2.01062  0  0
5  2.07345  0  0
5  2.13628  0  0
5  2.19911  0  0
5  2.26195  0  0
5  2.32478  0  0
5  2.38761  0  0
5  2.45044  0  0
5  2.51327  0  0
5  2.57611  0  0
5  2.63894  0  0
5  2.70177  0  0
5  2.7646  0  0
5  2.82743  0  0
5  2.89027  0  0
5  2.9531  0  0
5  3.01593  0  0
5  3.07876  0  0
5.5  0  0  0
5.5  0.0628319  0  0
5.5  0.125664  0  0
5.5  0.188496  0  0
5.5  0.251327  0  0
5.5  0.314159  0  0
5.5  0.376991  0  0
5.5  0.439823  0  0
5.5  0.502655  0  0
5.5  0.565487  0  0
5.5  0.628319  0  0
5.5  0.69115  0  0
5.5  0.753982  0  0
5.5  0.816814  0  0
5.5  0.879646  0  0
5.5  0.942478  0  0
5.5  1.00531  0  0
5.5  1.06814  0  0
5.5  1.13097  0  0
5.5  1.19381  0  0
5.5  1.25664  0  0
5.5  1.31947  0  0
5.5  1.3823  0  0
5.5  1.44513  0  0
5.5  1.50796  0  0
5.5  1.5708  0  0
5.5  1.63363  0  0
5.5  1.69646  0  0
5.5  1.75929  0  0
5.5  1.82212  0  0
5.5  1.88496  0  0
5.5  1.94779  0  0
5.5  2.01062  0  0
5.5  2.07345  0  0
5.5  2.13628  0  0
5.5  2.19911  0  0
5.5  2.26195  0  0
5.5  2.32478  0  0
5.5  2.38761  0  0
5.5  2.45044  0  0
5.5  2.51327  0  0
5.5  2.57611  0  0
5.5  2.63894  0  0
5.5  2.70177  0  0
5.5  2.7646  0  0
5.5  2.82743  0  0
5.5  2.89027  0  0
5.5  2.9531  0  0
5.5  3.01593  0  0
5.5  3.07876  0  0
6  0  0  0
6  0.0628319  0  0
6  0.125664  0  0
6  0.188496  0  0
6  0.251327  0  0
6  0.314159  0  0
6  0.376991  0  0
6  0.439823  0  0
6  0.502655  0  0
6  0.565487  0  0
6  0.628319  0  0
6  0.69115  0  0
6  0.753982  0  0
6  0.816814  0  0
6  0.879646  0  0
6  0.942478  0  0
6  1.00531  0  0
6  1.06814  0  0
6  1.13097  0  0
6  1.19381  0  0
6  1.25664  0  0
6  1.31947  0  0
6  1.3823  0  0
6  1.44513  0  0
6  1.50796  0  0
6  1.5708  0  0
6  1.63363  0  0
6  1.69646  0  0
6  1.75929  0  0
6  1.82212  0  0
6  1.88496  0  0
6  1.94779  0  0
6  2.01062  0  0
6  2.07345  0  0
6  2.13628  0  0
6  2.19911  0  0
6  2.26195  0  0
6  2.32478  0  0
6  2.38761  0  0
6  2.45044  0  0
6  2.51327  0  0
6  2.57611  0  0
6  2.63894  0  0
6  2.70177  0  0
6  2.7646  0  0
6  2.82743  0  0
6  2.89027  0  0
6  2.9531  0  0
6  3.01593  0  0
6  3.07876  0  0
6.5  0  0  0
6.5  0.0628319  0  0
6.5  0.125664  0  0
6.5  0.188496  0  0
6.5  0.251327  0  0
6.5  0.314159  0  0
6.5  0.376991  0  0
6.5  0.439823  0  0
6.5  0.502655  0  0
6.5  0.565487  0  0
6.5  0.628319  0  0
6.5  0.69115  0  0
6.5  0.753982  0  0
6.5  0.816814  0  0
6.5  0.879646  0  0
6.5  0.942478  0  0
6.5  1.00531  0  0
6.5  1.06814  0  0
6.5  1.13097  0  0
6.5  1.19381  0  0
6.5  1.25664  0  0
6.5  1.31947  0  0
6.5  1.3823  0  0
6.5  1.44513  0  0
6.5  1.50796  0  0
6.5  1.5708  0  0
6.5  1.63363  0  0
6.5  1.69646  0  0
6.5  1.75929  0  0
6.5  1.82212  0  0
6.5  1.88496  0  0
6.5  1.94779  0  0
6.5  2.01062  0  0
6.5  2.07345  0  0
6.5  2.13628  0  0
6.5  2.19911  0  0
6.5  2.26195  0  0
6.5  2.32478  0  0
6.5  2.38761  0  0
6.5  2.45044  0  0
6.5  2.51327  0  0
6.5  2.57611  0  0
6.5  2.63894  0  0
6.5  2.70177  0  0
6.5  2.7646  0  0
6.5  2.82743  0  0
6.5  2.89027  0  0
6.5  2.9531  0  0
6.5  3.01593  0  0
6.5  3.07876  0  0
7  0  0  0
7  0.0628319  0  0
7  0.125664  0  0
7  0.188496  0  0
7  0.251327  0  0
7  0.314159  0  0
7  0.376991  0  0
7  0.439823  0  0
7  0.502655  0  0
7  0.565487  0  0
7  0.628319  0  0
7  0.69115  0  0
7  0.753982  0  0
7  0.816814  0  0
7  0.879646  0  0
7  0.942478  0  0
7  1.00531  0  0
7  1.06814  0  0
7  1.13097  0  0
7  1.19381  0  0
7  1.25664  0  0
7  1.31947  0  0
7  1.3823  0  0
7  1.44513  0  0
7  1.50796  0  0
7  1.5708  0  0
7  1.63363  0  0
7  1.69646  0  0
7  1.75929  0  0
7  1.82212  0  0
7  1.88496  0  0
7  1.94779  0  0
7  2.01062  0  0
7  2.07345  0  0
7  2.13628  0  0
7  2.19911  0  0
7  2.26195  0  0
7  2.32478  0  0
7  2.38761  0  0
7  2.45044  0  0
7  2.51327  0  0
7  2.57611  0  0
7  2.63894  0  0
7  2.70177  0  0
7  2.7646  0  0
7  2.82743  0  0
7  2.89027  0  0
7  2.9531  0  0
7  3.01593  0  0
7  3.07876  0  0
7.5  0  0  0
7.5  0.0628319  0  0
7.5  0.125664  0  0
7.5  0.188496  0  0
7.5  0.251327  0  0
7.5  0.314159  0  0
7.5  0.376991  0  0
7.5  0.439823  0  0
7.5  0.502655  0  0
7.5  0.565487  0  0
7.5  0.628319  0  0
7.5  0.69115  0  0
7.5  0.753982  0  0
7.5  0.816814  0  0
7.5  0.879646  0  0
7.5  0.942478  0  0
7.5  1.00531  0  0
7.5  1.06814  0  0
7.5  1.13097  0  0
7.5  1.19381  0.248903  2.13154
7.5  1.25664  3.61286  1.68806
7.5  1.31947  2.59083  0.291386
7.5  1.3823  3.04119  0.272278
7.5  1.44513  2.81187  0.228502
7.5  1.50796  2.71844  0.171722
7.5  1.5708  2.878  0.225144
7.5  1.63363  3.1177  0.254778
7.5  1.69646  2.87749  0.215925
7.5  1.75929  3.00011  0.46331
7.5  1.82212  3.09632  2.26001
7.5  1.88496  0  0
7.5  1.94779  0  0
7.5  2.01062  0  0
7.5  2.07345  0  0
7.5  2.13628  0  0
7.5  2.19911  0  0
7.5  2.26195  0  0
7.5  2.32478  0  0
7.5  2.38761  0  0
7.5  2.45044  0  0
7.5  2.51327  0  0
7.5  2.57611  0  0
7.5  2.63894  0  0
7.5  2.70177  0  0
7.5  2.7646  0  0
7.5  2.82743  0  0
7.5  2.89027  0  0
7.5  2.9531  0  0
7.5  3.01593  0  0
7.5  3.07876  0  0
8  0  0  0
8  0.0628319  0  0
8  0.125664  0  0
8  0.188496  0  0
8  0.251327  0  0
8  0.314159  0  0
8  0.376991  0  0
8  0.439823  0  0
8  0.502655  0  0
8  0.565487  0  0
8  0.628319  0  0
8  0.69115  0  0
8  0.753982  0  0
8  0.816814  0.252745  1.76779
8  0.879646  0  0
8  0.942478  0  0
8  1.00531  0  0
8  1.06814  5.84077  6.5328
8  1.13097  2.60007  0.29032
8  1.19381  2.68101  0.167012
8  1.25664  2.94949  0.21162
8  1.31947  2.91758  0.176986
8  1.3823  3.11496  0.204527
8  1.44513  3.20603  0.221058
8  1.50796  3.04355  0.192339
8  1.5708  3.17835  0.215482
8  1.63363  3.41278  0.207817
8  1.69646  3.2056  0.213748
8  1.75929  3.18241  0.222976
8  1.82212  2.92624  0.197469
8  1.88496  2.94984  0.239485
8  1.94779  3.14329  0.331821
8  2.01062  8.98267  10.109
8  2.07345  0  0
8  2.13628  0  0
8  2.19911  0  0
8  2.26195  0  0
8  2.32478  0  0
8  2.38761  0  0
8  2.45044  0  0
8  2.51327  0  0
8  2.57611  0  0
8  2.63894  0  0
8  2.70177  0  0
8  2.7646  0  0
8  2.82743  0  0
8  2.89027  0  0
8  2.9531  0  0
8  3.01593  0  0
8  3.07876  0  0
8.5  0  0  0
8.5  0.0628319  0  0
8.5  0.125664  0  0
8.5  0.188496  0  0
8.5  0.251327  0  0
8.5  0.314159  0  0
8.5  0.376991  0  0
8.5  0.439823  0  0
8.5  0.502655  0  0
8.5  0.565487  0  0
8.5  0.628319  0  0
8.5  0.69115  0  0
8.5  0.753982  0  0
8.5  0.816814  0  0
8.5  0.879646  0  0
8.5  0.942478  3.29989  2.04824
8.5  1.00531  2.72767  0.159152
8.5  1.06814  2.96946  0.135985
8.5  1.13097  3.39759  0.170241
8.5  1.19381  3.13008  0.15851
8.5  1.25664  3.19442  0.130096
8.5  1.31947  3.29701  0.148446
8.5  1.3823  3.45389  0.137708
8.5  1.44513  3.20501  0.14435
8.5  1.50796  3.24071  0.153483
8.5  1.5708  3.23679  0.152069
8.5  1.63363  3.14132  0.11158
8.5  1.69646  3.40195  0.153682
8.5  1.75929  3.11618  0.142764
8.5  1.82212  3.30679  0.142797
8.5  1.88496  3.16224  0.142611
8.5  1.94779  2.98124  0.125584
8.5  2.01062  3.07707  0.143422
8.5  2.07345  3.13314  0.24051
8.5  2.13628  3.86324  1.83258
8.5  2.19911  0  0
8.5  2.26195  0  0
8.5  2.32478  0  0
8.5  2.38761  0  0
8.5  2.45044  0  0
8.5  2.51327  0  0
8.5  2.57611  0  0
8.5  2.63894  0  0
8.5  2.70177  0  0
8.5  2.7646  0  0
8.5  2.82743  0  0
8.5  2.89027  0  0
8.5  2.9531  0  0
8.5  3.01593  0  0
8.5  3.07876  0  0
9  0  0  0
9  0.0628319  0  0
9  0.125664  0  0
9  0.188496  0  0
9  0.251327  0  0
9  0.314159  0  0
9  0.376991  0  0
9  0.439823  0  0
9  0.502655  0  0
9  0.565487  0  0
9  0.628319  0  0
9  0.69115  0  0
9  0.753982  0  0
9  0.816814  0.247646  1.9136
9  0.879646  2.06722  0.691396
9  0.942478  2.85646  0.171859
9  1.00531  3.01835  0.176727
9  1.06814  3.14116  0.146142
9  1.13097  3.17665  0.167215
9  1.19381  3.06277  0.151701
9  1.25664  2.85919  0.12518
9  1.31947  3.3532  0.136151
9  1.3823  3.18143  0.142397
9  1.44513  3.21684  0.162471
9  1.50796  3.15306  0.155846
9  1.5708  3.43629  0.172474
9  1.63363  3.08198  0.133999
9  1.69646  3.44641  0.16304
9  1.75929  3.05476  0.125878
9  1.82212  3.11  0.143994
9  1.88496  3.28503  0.157654
9  1.94779  3.31921  0.133354
9  2.01062  3.3947  0.192628
9  2.07345  3.25324  0.174653
9  2.13628  2.92961  0.170347
9  2.19911  2.93185  0.472308
9  2.26195  0.252745  1.76779
9  2.32478  0.252745  1.76779
9  2.38761  0  0
9  2.45044  0  0
9  2.51327  0  0
9  2.57611  0  0
9  2.63894  0  0
9  2.70177  0  0
9  2.7646  0  0
9  2.82743  0  0
9  2.89027  0  0
9  2.9531  0  0
9  3.01593  0  0
9  3.07876  0  0
9.5  0  0  0
9.5  0.0628319  0  0
9.5  0.125664  0  0
9.5  0.188496  0  0
9.5  0.251327  0  0
9.5  0.314159  0  0
9.5  0.376991  0  0
9.5  0.439823  0  0
9.5  0.502655  0  0
9.5  0.565487  0  0
9.5  0.628319  0  0
9.5  0.69115  0  0
9.5  0.753982  0  0
9.5  0.816814  3.14258  0.746606
9.5  0.879646  2.90906  0.13978
9.5  0.942478  3.10401  0.125443
9.5  1.00531  3.13362  0.103605
9.5  1.06814  3.33286  0.144476
9.5  1.13097  3.31513  0.169455
9.5  1.19381  3.5083  0.153882
9.5  1.25664  3.46323  0.15941
9.5  1.31947  3.65047  0.165782
9.5  1.3823  3.44681  0.146381
9.5  1.44513  3.72383  0.14577
9.5  1.50796  3.38502  0.126154
9.5  1.5708  3.32799  0.141071
9.5  1.63363  3.94397  0.211346
9.5  1.69646  3.55634  0.183313
9.5  1.75929  3.53641  0.147299
9.5  1.82212  3.20779  0.153866
9.5  1.88496  3.37831  0.186287
9.5  1.94779  3.61599  0.137911
9.5  2.01062  3.27639  0.147058
9.5  2.07345  3.27384  0.144666
9.5  2.13628  3.15447  0.125357
9.5  2.19911  2.73302  0.107918
9.5  2.26195  2.25798  0.652146
9.5  2.32478  0  0
9.5  2.38761  0  0
9.5  2.45044  0  0
9.5  2.51327  0  0
9.5  2.57611  0  0
9.5  2.63894  0  0
9.5  2.70177  0  0
9.5  2.7646  0  0
9.5  2.82743  0  0
9.5  2.89027  0  0
9.5  2.9531  0  0
9.5  3.01593  0  0
9.5  3.07876  0  0
10  0  0  0
10  0.0628319  0  0
10  0.125664  0  0
10  0.188496  0  0
10  0.251327  0  0
10  0.314159  0  0
10  0.376991  0  0
10  0.439823  0  0
10  0.502655  0  0
10  0.565487  0  0
10  0.628319  0  0
10  0.69115  0  0
10  0.753982  2.01466  0.732434
10  0.816814  2.70221  0.121956
10  0.879646  3.043  0.150965
10  0.942478  3.02021  0.129683
10  1.00531  3.11353  0.125721
10  1.06814  3.34136  0.12864
10  1.13097  3.33924  0.125709
10  1.19381  3.24377  0.130963
10  1.25664  3.11592  0.161391
10  1.31947  3.34829  0.125253
10  1.3823  3.70471  0.205796
10  1.44513  3.64466  0.174397
10  1.50796  2.98125  0.142517
10  1.5708  3.26666  0.157153
10  1.63363  3.31387  0.160845
10  1.69646  3.34174  0.150612
10  1.75929  3.56617  0.156437
10  1.82212  3.15952  0.141505
10  1.88496  3.16644  0.122571
10  1.94779  3.28539  0.14148
10  2.01062  3.43543  0.149986
10  2.07345  3.08649  0.125735
10  2.13628  3.2991  0.160446
10  2.19911  3.31157  0.141403
10  2.26195  2.68748  0.148074
10  2.32478  2.30322  0.767432
10  2.38761  0.252745  1.76779
10  2.45044  0  0
10  2.51327  0  0
10  2.57611  0  0
10  2.63894  0  0
10  2.70177  0  0
10  2.7646  0  0
10  2.82743  0  0
10  2.89027  0  0
10  2.9531  0  0
10  3.01593  0  0
10  3.07876  0  0
10.5  0  0  0
10.5  0.0628319  0  0
10.5  0.125664  0  0
10.5  0.188496  0  0
10.5  0.251327  0  0
10.5  0.314159  0  0
10.5  0.376991  0  0
10.5  0.439823  0  0
10.5  0.502655  0  0
10.5  0.565487  0  0
10.5  0.628319  0  0
10.5  0.69115  0.247597  1.35485
10.5  0.753982  2.56996  0.165676
10.5  0.816814  3.01869  0.129247
10.5  0.879646  3.2136  0.152598
10.5  0.942478  3.23211  0.124637
10.5  1.00531  3.16118  0.12323
10.5  1.06814  3.40269  0.125109
10.5  1.13097  3.51764  0.146941
10.5  1.19381  3.64137  0.140179
10.5  1.25664  3.44322  0.157551
10.5  1.31947  3.36153  0.15114
10.5  1.3823  3.59945  0.163235
10.5  1.44513  3.66533  0.162387
10.5  1.50796  3.45931  0.134932
10.5  1.5708  3.65766  0.185996
10.5  1.63363  3.55729  0.144978
10.5  1.69646  3.58947  0.211311
10.5  1.75929  3.42392  0.152868
10.5  1.82212  3.56001  0.160491
10.5  1.88496  3.33649  0.147434
10.5  1.94779  3.46949  0.158602
10.5  2.01062  3.32803  0.130661
10.5  2.07345  3.67144  0.162113
10.5  2.13628  3.1115  0.113192
10.5  2.19911  3.08419  0.127764
10.5  2.26195  2.97436  0.1128
10.5  2.32478  2.89944  0.179449
10.5  2.38761  0.247597  1.67581
10.5  2.45044  0  0
10.5  2.51327  0  0
10.5  2.57611  0  0
10.5  2.63894  0  0
10.5  2.70177  0  0
10.5  2.7646  0  0
10.5  2.82743  0  0
10.5  2.89027  0  0
10.5  2.9531  0  0
10.5  3.01593  0  0
10.5  3.07876  0  0
11  0  0  0
11  0.0628319  0  0
11  0.125664  0  0
11  0.188496  0  0
11  0.251327  0  0
11  0.314159  0  0
11  0.376991  0  0
11  0.439823  0  0
11  0.502655  0  0
11  0.565487  0  0
11  0.628319  0  0
11  0.69115  2.79379  0.390323
11  0.753982  2.90073  0.139198
11  0.816814  2.99617  0.126966
11  0.879646  3.33009  0.126824
11  0.942478  2.9529  0.107612
11  1.00531  3.12354  0.128093
11  1.06814  3.13755  0.138274
11  1.13097  3.44382  0.139505
11  1.19381  3.3392  0.154682
11  1.25664  3.56225  0.163821
11  1.31947  3.42314  0.147292
11  1.3823  3.42971  0.127865
11  1.44513  3.54156  0.138747
11  1.50796  3.51476  0.163799
11  1.5708  3.58638  0.145202
11  1.63363  3.48621  0.185349
11  1.69646  3.41314  0.172751
11  1.75929  3.84631  0.17052
11  1.82212  3.3957  0.162157
11  1.88496  3.4538  0.146386
11  1.94779  3.57667  0.164332
11  2.01062  3.35847  0.13897
11  2.07345  3.3518  0.139804
11  2.13628  3.29075  0.141711
11  2.19911  3.17721  0.128433
11  2.26195  2.83155  0.108676
11  2.32478  2.71951  0.118195
11  2.38761  3.53929  1.28057
11  2.45044  0  0
11  2.51327  0  0
11  2.57611  0  0
11  2.63894  0  0
11  2.70177  0  0
11  2.7646  0  0
11  2.82743  0  0
11  2.89027  0  0
11  2.9531  0  0
11  3.01593  0  0
11  3.07876  0  0
11.5  0  0  0
11.5  0.0628319  0  0
11.5  0.125664  0  0
11.5  0.188496  0  0
11.5  0.251327  0  0
11.5  0.314159  0  0
11.5  0.376991  0  0
11.5  0.439823  0  0
11.5  0.502655  0  0
11.5  0.565487  0  0
11.5  0.628319  16.3233  15.0561
11.5  0.69115  2.43621  0.169427
11.5  0.753982  2.9799  0.11939
11.5  0.816814  3.12483  0.112981
11.5  0.879646  3.41904  0.125958
11.5  0.942478  3.49791  0.151145
11.5  1.00531  3.43069  0.127245
11.5  1.06814  3.52696  0.116155
11.5  1.13097  3.49024  0.15088
11.5  1.19381  3.52569  0.152369
11.5  1.25664  3.58704  0.159131
11.5  1.31947  3.78256  0.158773
11.5  1.3823  3.93712  0.175634
11.5  1.44513  3.73681  0.169637
11.5  1.50796  3.60578  0.153637
11.5  1.5708  3.96396  0.161907
11.5  1.63363  3.64215  0.133323
11.5  1.69646  4.00091  0.200921
11.5  1.75929  3.85818  0.180671
11.5  1.82212  3.69785  0.157116
11.5  1.88496  3.95013  0.173732
11.5  1.94779  3.60213  0.141603
11.5  2.01062  3.49651  0.153844
11.5  2.07345  3.61917  0.166916
11.5  2.13628  3.28366  0.132354
11.5  2.19911  3.39587  0.134968
11.5  2.26195  3.0459  0.116329
11.5  2.32478  2.93918  0.16406
11.5  2.38761  2.46909  0.169287
11.5  2.45044  0.251454  2.03789
11.5  2.51327  0  0
11.5  2.57611  0  0
11.5  2.63894  0  0
11.5  2.70177  0  0
11.5  2.7646  0  0
11.5  2.82743  0  0
11.5  2.89027  0  0
11.5  2.9531  0  0
11.5  3.01593  0  0
11.5  3.07876  0  0
12  0  0  0
12  0.0628319  0  0
12  0.125664  0  0
12  0.188496  0  0
12  0.251327  0  0
12  0.314159  0  0
12  0.376991  0  0
12  0.439823  0  0
12  0.502655  0  0
12  0.565487  0  0
12  0.628319  3.93056  0.888348
12  0.69115  2.98276  0.152127
12  0.753982  3.13647  0.128221
12  0.816814  3.1903  0.150301
12  0.879646  3.13554  0.108823
12  0.942478  3.13547  0.118203
12  1.00531  3.35202  0.134664
12  1.06814  3.43829  0.162918
12  1.13097  3.61505  0.157119
12  1.19381  3.31849  0.14978
12  1.25664  4.07598  0.214611
12  1.31947  3.54959  0.152419
12  1.3823  3.64924  0.161431
12  1.44513  3.46458  0.157958
12  1.50796  3.58598  0.183141
12  1.5708  3.61797  0.171985
12  1.63363  3.87401  0.199736
12  1.69646  3.78003  0.187999
12  1.75929  3.35834  0.149085
12  1.82212  3.49715  0.142415
12  1.88496  3.26826  0.134064
12  1.94779  3.42197  0.156926
12  2.01062  3.58011  0.118838
12  2.07345  3.38615  0.15513
12  2.13628  3.29479  0.11215
12  2.19911  3.09206  0.116044
12  2.26195  3.14356  0.114395
12  2.32478  2.67585  0.118067
12  2.38761  3.11122  0.174717
12  2.45044  3.76361  0.833063
12  2.51327  0.252745  1.76779
12  2.57611  0  0
12  2.63894  0  0
12  2.70177  0  0
12  2.7646  0  0
12  2.82743  0  0
12  2.89027  0  0
12  2.9531  0  0
12  3.01593  0  0
12  3.07876  0  0
12.5  0  0  0
12.5  0.0628319  0  0
12.5  0.125664  0  0
12.5  0.188496  0  0
12.5  0.251327  0  0
12.5  0.314159  0  0
12.5  0.376991  0  0
12.5  0.439823  0  0
12.5  0.502655  0  0
12.5  0.565487  0.247646  1.9136
12.5  0.628319  3.12465  0.246124
12.5  0.69115  3.16879  0.171114
12.5  0.753982  3.22669  0.142124
12.5  0.816814  3.40393  0.142081
12.5  0.879646  3.23646  0.125283
12.5  0.942478  3.28086  0.142608
12.5  1.00531  3.77684  0.171268
12.5  1.06814  3.67524  0.145665
12.5  1.13097  3.76905  0.165545
12.5  1.19381  3.55368  0.141846
12.5  1.25664  4.03947  0.177119
12.5  1.31947  3.55833  0.150123
12.5  1.3823  3.6742  0.17984
12.5  1.44513  3.6179  0.190883
12.5  1.50796  3.69053  0.205586
12.5  1.5708  4.23667  0.190384
12.5  1.63363  3.7247  0.165078
12.5  1.69646  3.65913  0.139438
12.5  1.75929  4.13341  0.191543
12.5  1.82212  3.56384  0.143926
12.5  1.88496  3.58273  0.150852
12.5  1.94779  3.89605  0.165267
12.5  2.01062  3.59691  0.172114
12.5  2.07345  3.44117  0.139603
12.5  2.13628  3.68234  0.147746
12.5  2.19911  3.517  0.150716
12.5  2.26195  2.99853  0.12689
12.5  2.32478  3.10103  0.126535
12.5  2.38761  2.94383  0.139847
12.5  2.45044  2.60012  0.251532
12.5  2.51327  0.248903  2.13154
12.5  2.57611  0  0
12.5  2.63894  0  0
12.5  2.70177  0  0
12.5  2.7646  0  0
12.5  2.82743  0  0
12.5  2.89027  0  0
12.5  2.9531  0  0
12.5  3.01593  0  0
12.5  3.07876  0  0
13  0  0  0
13  0.0628319  0  0
13  0.125664  0  0
13  0.188496  0  0
13  0.251327  0  0
13  0.314159  0  0
13  0.376991  0  0
13  0.439823  0  0
13  0.502655  0  0
13  0.565487  3.26155  1.81239
13  0.628319  2.66982  0.19358
13  0.69115  2.87472  0.15953
13  0.753982  3.16064  0.130053
13  0.816814  3.19297  0.141959
13  0.879646  3.71598  0.141023
13  0.942478  3.7269  0.151903
13  1.00531  3.56466  0.141014
13  1.06814  3.50727  0.124114
13  1.13097  3.80233  0.163567
13  1.19381  3.8959  0.157087
13  1.25664  3.74395  0.150791
13  1.31947  3.81723  0.175698
13  1.3823  3.76187  0.15911
13  1.44513  3.93938  0.167719
13  1.50796  3.63309  0.143599
13  1.5708  3.74037  0.175934
13  1.63363  3.57617  0.130456
13  1.69646  3.67758  0.150408
13  1.75929  3.84188  0.200039
13  1.82212  3.80436  0.180954
13  1.88496  3.77379  0.145729
13  1.94779  3.59795  0.161089
13  2.01062  3.41532  0.150778
13  2.07345  3.78764  0.182094
13  2.13628  3.40371  0.128876
13  2.19911  3.40473  0.141156
13  2.26195  3.16007  0.126321
13  2.32478  3.27031  0.170692
13  2.38761  3.15324  0.145315
13  2.45044  2.90272  0.240472
13  2.51327  2.22291  18.557
13  2.57611  0  0
13  2.63894  0  0
13  2.70177  0  0
13  2.7646  0  0
13  2.82743  0  0
13  2.89027  0  0
13  2.9531  0  0
13  3.01593  0  0
13  3.07876  0  0
13.5  0  0  0
13.5  0.0628319  0  0
13.5  0.125664  0  0
13.5  0.188496  0  0
13.5  0.251327  0  0
13.5  0.314159  0  0
13.5  0.376991  0  0
13.5  0.439823  0  0
13.5  0.502655  0  0
13.5  0.565487  2.96394  0.653577
13.5  0.628319  3.15325  0.203352
13.5  0.69115  3.112  0.157306
13.5  0.753982  3.15377  0.13309
13.5  0.816814  3.33526  0.122274
13.5  0.879646  3.47837  0.135518
13.5  0.942478  3.22458  0.118926
13.5  1.00531  3.32157  0.114111
13.5  1.06814  3.78337  0.202887
13.5  1.13097  4.14672  0.169128
13.5  1.19381  3.86783  0.210761
13.5  1.25664  3.73886  0.147352
13.5  1.31947  3.68054  0.205384
13.5  1.3823  3.60824  0.1662
13.5  1.44513  3.8549  0.167375
13.5  1.50796  3.9374  0.188207
13.5  1.5708  4.12659  0.163061
13.5  1.63363  3.82114  0.162643
13.5  1.69646  3.92796  0.181444
13.5  1.75929  4.02478  0.161435
13.5  1.82212  3.63478  0.153994
13.5  1.88496  3.51326  0.171519
13.5  1.94779  3.87273  0.159603
13.5  2.01062  3.67486  0.135747
13.5  2.07345  3.57173  0.14114
13.5  2.13628  3.48812  0.141112
13.5  2.19911  3.5701  0.134411
13.5  2.26195  2.98085  0.109691
13.5  2.32478  3.19622  0.137644
13.5  2.38761  3.14224  0.145179
13.5  2.45044  3.19878  0.23194
13.5  2.51327  4.07756  1.33869
13.5  2.57611  0  0
13.5  2.63894  0  0
13.5  2.70177  0  0
13.5  2.7646  0  0
13.5  2.82743  0  0
13.5  2.89027  0  0
13.5  2.9531  0  0
13.5  3.01593  0  0
13.5  3.07876  0  0
14  0  0  0
14  0.0628319  0  0
14  0.125664  0  0
14  0.188496  0  0
14  0.251327  0  0
14  0.314159  0  0
14  0.376991  0  0
14  0.439823  0  0
14  0.502655  0.252745  1.76779
14  0.565487  2.30705  0.281163
14  0.628319  3.1474  0.196771
14  0.69115  3.31182  0.1678
14  0.753982  3.38568  0.149224
14  0.816814  3.36727  0.137771
14  0.879646  3.43279  0.125936
14  0.942478  3.56507  0.12929
14  1.00531  3.31916  0.143121
14  1.06814  3.76068  0.161434
14  1.13097  3.37402  0.143442
14  1.19381  3.82483  0.144987
14  1.25664  3.83885  0.218452
14  1.31947  3.76624  0.16928
14  1.3823  4.00361  0.150849
14  1.44513  4.03969  0.164696
14  1.50796  4.25143  0.189389
14  1.5708  4.02907  0.177771
14  1.63363  3.91013  0.189451
14  1.69646  4.25902  0.185776
14  1.75929  3.78033  0.176684
14  1.82212  3.97879  0.169651
14  1.88496  3.72412  0.177911
14  1.94779  3.8509  0.167098
14  2.01062  3.659  0.149967
14  2.07345  3.48714  0.124831
14  2.13628  3.56085  0.145218
14  2.19911  3.32511  0.143247
14  2.26195  3.32025  0.169617
14  2.32478  3.35337  0.151682
14  2.38761  3.32612  0.166752
14  2.45044  3.24387  0.253407
14  2.51327  2.6806  0.30145
14  2.57611  0  0
14  2.63894  0  0
14  2.70177  0  0
14  2.7646  0  0
14  2.82743  0  0
14  2.89027  0  0
14  2.9531  0  0
14  3.01593  0  0
14  3.07876  0  0
14.5  0  0  0
14.5  0.0628319  0  0
14.5  0.125664  0  0
14.5  0.188496  0  0
14.5  0.251327  0  0
14.5  0.314159  0  0
14.5  0.376991  0  0
14.5  0.439823  0  0
14.5  0.502655  0  0
14.5  0.565487  2.61679  0.272845
14.5  0.628319  3.04126  0.188351
14.5  0.69115  3.11203  0.171973
14.5  0.753982  3.11659  0.134243
14.5  0.816814  3.31489  0.141709
14.5  0.879646  3.5496  0.13855
14.5  0.942478  3.33112  0.124079
14.5  1.00531  3.62788  0.131284
14.5  1.06814  4.00705  0.143154
14.5  1.13097  3.82838  0.192959
14.5  1.19381  4.04558  0.183709
14.5  1.25664  4.28373  0.204686
14.5  1.31947  4.48787  0.188208
14.5  1.3823  4.02135  0.160085
14.5  1.44513  4.20691  0.165758
14.5  1.50796  4.32982  0.193039
14.5  1.5708  4.44056  0.184687
14.5  1.63363  3.8484  0.160432
14.5  1.69646  4.16745  0.168836
14.5  1.75929  4.02871  0.158336
14.5  1.82212  3.88293  0.186147
14.5  1.88496  4.12241  0.198369
14.5  1.94779  3.52463  0.162325
14.5  2.01062  3.45197  0.139499
14.5  2.07345  3.82897  0.148778
14.5  2.13628  3.94132  0.142278
14.5  2.19911  3.63768  0.141056
14.5  2.26195  3.46452  0.148401
14.5  2.32478  3.12824  0.130582
14.5  2.38761  3.20035  0.17103
14.5  2.45044  3.01647  0.195548
14.5  2.51327  3.17034  0.265542
14.5  2.57611  24.9254  20.5599
14.5  2.63894  0  0
14.5  2.70177  0  0
14.5  2.7646  0  0
14.5  2.82743  0  0
14.5  2.89027  0  0
14.5  2.9531  0  0
14.5  3.01593  0  0
14.5  3.07876  0  0
15  0  0  0
15  0.0628319  0  0
15  0.125664  0  0
15  0.188496  0  0
15  0.251327  0  0
15  0.314159  0  0
15  0.376991  0  0
15  0.439823  0  0
15  0.502655  2.2229  0.839647
15  0.565487  2.93951  0.2275
15  0.628319  2.95176  0.194533
15  0.69115  3.13924  0.173226
15  0.753982  3.24121  0.158158
15  0.816814  3.39612  0.12989
15  0.879646  3.49499  0.125988
15  0.942478  3.38033  0.124674
15  1.00531  3.66125  0.16327
15  1.06814  3.91032  0.172964
15  1.13097  4.01533  0.1583
15  1.19381  3.86261  0.167829
15  1.25664  3.95836  0.186874
15  1.31947  3.89371  0.160876
15  1.3823  4.01149  0.163713
15  1.44513  3.78128  0.152473
15  1.50796  3.95594  0.19444
15  1.5708  4.42586  0.192583
15  1.63363  4.10111  0.173373
15  1.69646  4.00959  0.189524
15  1.75929  4.2062  0.189423
15  1.82212  4.13426  0.157363
15  1.88496  3.61539  0.137861
15  1.94779  3.59522  0.175007
15  2.01062  3.76039  0.136983
15  2.07345  3.95353  0.133051
15  2.13628  3.7268  0.134656
15  2.19911  3.44181  0.13394
15  2.26195  3.6769  0.148708
15  2.32478  3.28618  0.147928
15  2.38761  3.11617  0.138804
15  2.45044  2.84215  0.147389
15  2.51327  2.88354  0.208068
15  2.57611  17.2285  24.8911
15  2.63894  0  0
15  2.70177  0  0
15  2.7646  0  0
15  2.82743  0  0
15  2.89027  0  0
15  2.9531  0  0
15  3.01593  0  0
15  3.07876  0  0
15.5  0  0  0
15.5  0.0628319  0  0
15.5  0.125664  0  0
15.5  0.188496  0  0
15.5  0.251327  0  0
15.5  0.314159  0  0
15.5  0.376991  0  0
15.5  0.439823  0  0
15.5  0.502655  3.9988  1.06012
15.5  0.565487  3.43853  0.273667
15.5  0.628319  3.33769  0.254393
15.5  0.69115  3.27355  0.17403
15.5  0.753982  3.49211  0.154704
15.5  0.816814  3.46469  0.127316
15.5  0.879646  3.69393  0.121939
15.5  0.942478  3.63486  0.125512
15.5  1.00531  3.71042  0.160004
15.5  1.06814  3.85042  0.176542
15.5  1.13097  4.37088  0.186204
15.5  1.19381  4.23682  0.166029
15.5  1.25664  4.11647  0.165782
15.5  1.31947  4.4855  0.197028
15.5  1.3823  4.02486  0.186239
15.5  1.44513  4.1857  0.195415
15.5  1.50796  4.38259  0.206484
15.5  1.5708  4.07051  0.157887
15.5  1.63363  4.17468  0.168337
15.5  1.69646  4.38466  0.199771
15.5  1.75929  4.30295  0.188873
15.5  1.82212  4.10997  0.183333
15.5  1.88496  4.04418  0.187476
15.5  1.94779  4.10327  0.152538
15.5  2.01062  3.68932  0.149255
15.5  2.07345  3.80156  0.133658
15.5  2.13628  3.479  0.129605
15.5  2.19911  3.52257  0.121902
15.5  2.26195  3.58312  0.155349
15.5  2.32478  3.6641  0.17805
15.5  2.38761  3.38345  0.171212
15.5  2.45044  3.26041  0.182005
15.5  2.51327  2.80328  0.24039
15.5  2.57611  3.64779  0.922081
15.5  2.63894  0  0
15.5  2.70177  0  0
15.5  2.7646  0  0
15.5  2.82743  0  0
15.5  2.89027  0  0
15.5  2.9531  0  0
15.5  3.01593  0  0
15.5  3.07876  0  0
16  0  0  0
16  0.0628319  0  0
16  0.125664  0  0
16  0.188496  0  0
16  0.251327  0  0
16  0.314159  0  0
16  0.376991  0  0
16  0.439823  0  0
16  0.502655  2.04967  0.309028
16  0.565487  2.81355  0.303237
16  0.628319  2.92203  0.190015
16  0.69115  3.34376  0.16268
16  0.753982  3.50022  0.133551
16  0.816814  3.72567  0.152465
16  0.879646  3.77767  0.14836
16  0.942478  3.75227  0.151289
16  1.00531  3.86124  0.174933
16  1.06814  3.74426  0.146123
16  1.13097  3.62786  0.165971
16  1.19381  4.10626  0.173518
16  1.25664  4.1303  0.16806
16  1.31947  3.91372  0.145563
16  1.3823  4.15576  0.20132
16  1.44513  4.54776  0.193736
16  1.50796  4.07149  0.162007
16  1.5708  4.11857  0.202963
16  1.63363  3.90327  0.187442
16  1.69646  4.10271  0.177189
16  1.75929  4.49812  0.220059
16  1.82212  3.98166  0.154647
16  1.88496  3.76023  0.163369
16  1.94779  4.28715  0.206634
16  2.01062  4.06024  0.154189
16  2.07345  3.51437  0.119013
16  2.13628  4.06606  0.170984
16  2.19911  3.81985  0.148881
16  2.26195  3.5114  0.163499
16  2.32478  3.55279  0.151922
16  2.38761  3.05442  0.142667
16  2.45044  3.06617  0.187764
16  2.51327  2.83341  0.251834
16  2.57611  2.60921  0.411778
16  2.63894  0  0
16  2.70177  0  0
16  2.7646  0  0
16  2.82743  0  0
16  2.89027  0  0
16  2.9531  0  0
16  3.01593  0  0
16  3.07876  0  0
16.5  0  0  0
16.5  0.0628319  0  0
16.5  0.125664  0  0
16.5  0.188496  0  0
16.5  0.251327  0  0
16.5  0.314159  0  0
16.5  0.376991  0  0
16.5  0.439823  0  0
16.5  0.502655  3.07295  0.313081
16.5  0.565487  2.99668  0.251642
16.5  0.628319  3.0002  0.194821
16.5  0.69115  3.25755  0.194745
16.5  0.753982  3.23611  0.120247
16.5  0.816814  3.76783  0.144553
16.5  0.879646  3.80697  0.142447
16.5  0.942478  3.52398  0.143887
16.5  1.00531  3.95779  0.14814
16.5  1.06814  4.1102  0.167656
16.5  1.13097  4.2792  0.157415
16.5  1.19381  4.82218  0.184463
16.5  1.25664  4.20824  0.18419
16.5  1.31947  4.22515  0.159933
16.5  1.3823  3.94371  0.150207
16.5  1.44513  4.26556  0.202972
16.5  1.50796  4.48389  0.184872
16.5  1.5708  4.58429  0.232336
16.5  1.63363  4.62448  0.23387
16.5  1.69646  4.1485  0.209636
16.5  1.75929  4.2763  0.182697
16.5  1.82212  4.35162  0.180771
16.5  1.88496  4.21645  0.161419
16.5  1.94779  4.13975  0.204149
16.5  2.01062  3.78063  0.186843
16.5  2.07345  3.88728  0.168768
16.5  2.13628  3.89741  0.138327
16.5  2.19911  3.84635  0.146494
16.5  2.26195  3.7866  0.15748
16.5  2.32478  3.35579  0.142397
16.5  2.38761  3.44684  0.161768
16.5  2.45044  3.07736  0.179308
16.5  2.51327  2.93278  0.208767
16.5  2.57611  3.0803  0.51289
16.5  2.63894  0  0
16.5  2.70177  0  0
16.5  2.7646  0  0
16.5  2.82743  0  0
16.5  2.89027  0  0
16.5  2.9531  0  0
16.5  3.01593  0  0
16.5  3.07876  0  0
17  0  0  0
17  0.0628319  0  0
17  0.125664  0  0
17  0.188496  0  0
17  0.251327  0  0
17  0.314159  0  0
17  0.376991  0  0
17  0.439823  0.251454  2.03789
17  0.502655  3.08506  0.333482
17  0.565487  3.27329  0.259456
17  0.628319  3.04671  0.166413
17  0.69115  3.36132  0.163216
17  0.753982  3.45185  0.16695
17  0.816814  3.6496  0.148679
17  0.879646  3.8804  0.153375
17  0.942478  4.25438  0.173377
17  1.00531  4.13067  0.162234
17  1.06814  3.99251  0.165572
17  1.13097  4.10962  0.168608
17  1.19381  3.98122  0.151249
17  1.25664  4.48147  0.198097
17  1.31947  4.18097  0.184516
17  1.3823  4.22457  0.172259
17  1.44513  4.45097  0.176772
17  1.50796  4.84222  0.196279
17  1.5708  4.43496  0.163625
17  1.63363  4.26443  0.214591
17  1.69646  4.56967  0.209451
17  1.75929  4.3682  0.180115
17  1.82212  4.40208  0.175411
17  1.88496  4.00161  0.186901
17  1.94779  4.07647  0.17494
17  2.01062  3.94268  0.162233
17  2.07345  3.82578  0.144154
17  2.13628  3.98988  0.162772
17  2.19911  3.74342  0.142221
17  2.26195  3.51266  0.130469
17  2.32478  3.39691  0.127729
17  2.38761  3.51762  0.203238
17  2.45044  3.12492  0.170152
17  2.51327  2.8808  0.248383
17  2.57611  2.82692  0.268404
17  2.63894  0  0
17  2.70177  0  0
17  2.7646  0  0
17  2.82743  0  0
17  2.89027  0  0
17  2.9531  0  0
17  3.01593  0  0
17  3.07876  0  0
17.5  0  0  0
17.5  0.0628319  0  0
17.5  0.125664  0  0
17.5  0.188496  0  0
17.5  0.251327  0  0
17.5  0.314159  0  0
17.5  0.376991  0  0
17.5  0.439823  4.83407  3.99153
17.5  0.502655  2.6034  0.323139
17.5  0.565487  3.07926  0.245473
17.5  0.628319  3.10133  0.236729
17.5  0.69115  2.82766  0.163981
17.5  0.753982  3.7482  0.150161
17.5  0.816814  3.83135  0.149173
17.5  0.879646  3.84128  0.151527
17.5  0.942478  4.02042  0.16568
17.5  1.00531  4.33124  0.169338
17.5  1.06814  4.24604  0.17852
17.5  1.13097  4.27165  0.182026
17.5  1.19381  4.86567  0.2177
17.5  1.25664  4.36588  0.186804
17.5  1.31947  4.22692  0.168144
17.5  1.3823  4.5876  0.210465
17.5  1.44513  4.42069  0.183669
17.5  1.50796  4.74635  0.177699
17.5  1.5708  4.63591  0.17279
17.5  1.63363  4.63087  0.175389
17.5  1.69646  4.95564  0.220577
17.5  1.75929  4.46955  0.182176
17.5  1.82212  4.66473  0.250982
17.5  1.88496  4.42377  0.203191
17.5  1.94779  4.16934  0.164405
17.5  2.01062  4.11277  0.211204
17.5  2.07345  3.94909  0.150048
17.5  2.13628  4.13027  0.168523
17.5  2.19911  3.64105  0.139324
17.5  2.26195  3.8295  0.15128
17.5  2.32478  3.5838  0.165033
17.5  2.38761  3.29592  0.18162
17.5  2.45044  3.71127  0.223566
17.5  2.51327  2.88736  0.185419
17.5  2.57611  3.17419  0.276025
17.5  2.63894  29.5531  16.3843
17.5  2.70177  0  0
17.5  2.7646  0  0
17.5  2.82743  0  0
17.5  2.89027  0  0
17.5  2.9531  0  0
17.5  3.01593  0  0
17.5  3.07876  0  0
18  0  0  0
18  0.0628319  0  0
18  0.125664  0  0
18  0.188496  0  0
18  0.251327  0  0
18  0.314159  0  0
18  0.376991  0  0
18  0.439823  2.9571  1.48311
18  0.502655  2.90801  0.402297
18  0.565487  3.28842  0.204989
18  0.628319  3.41297  0.187747
18  0.69115  3.35431  0.159432
18  0.753982  3.72119  0.16562
18  0.816814  3.6112  0.122827
18  0.879646  3.86569  0.151016
18  0.942478  4.25238  0.161201
18  1.00531  4.20728  0.156014
18  1.06814  3.9648  0.171424
18  1.13097  4.18541  0.197752
18  1.19381  4.16093  0.167834
18  1.25664  4.48366  0.17673
18  1.31947  4.51965  0.206177
18  1.3823  4.47367  0.167209
18  1.44513  4.66253  0.208409
18  1.50796  4.92528  0.22867
18  1.5708  4.69478  0.200059
18  1.63363  4.53143  0.223295
18  1.69646  4.35837  0.153913
18  1.75929  4.91335  0.218844
18  1.82212  4.28371  0.154359
18  1.88496  4.5057  0.171315
18  1.94779  4.41705  0.177135
18  2.01062  4.31319  0.17188
18  2.07345  4.22013  0.163563
18  2.13628  3.86293  0.141146
18  2.19911  3.66399  0.163363
18  2.26195  3.85561  0.178437
18  2.32478  3.38266  0.137021
18  2.38761  3.57008  0.158394
18  2.45044  3.10501  0.190181
18  2.51327  3.0714  0.259275
18  2.57611  3.4456  0.408205
18  2.63894  4.05059  2.82876
18  2.70177  0  0
18  2.7646  0  0
18  2.82743  0  0
18  2.89027  0  0
18  2.9531  0  0
18  3.01593  0  0
18  3.07876  0  0
18.5  0  0  0
18.5  0.0628319  0  0
18.5  0.125664  0  0
18.5  0.188496  0  0
18.5  0.251327  0  0
18.5  0.314159  0  0
18.5  0.376991  0  0
18.5  0.439823  2.19562  0.860224
18.5  0.502655  3.04563  0.319435
18.5  0.565487  3.04986  0.253521
18.5  0.628319  3.71301  0.210457
18.5  0.69115  3.74147  0.18927
18.5  0.753982  3.38927  0.140304
18.5  0.816814  3.71703  0.125545
18.5  0.879646  3.84892  0.122915
18.5  0.942478  4.39302  0.162615
18.5  1.00531  4.33887  0.148021
18.5  1.06814  4.29787  0.206981
18.5  1.13097  4.54266  0.17697
18.5  1.19381  4.73267  0.209509
18.5  1.25664  4.62662  0.203513
18.5  1.31947  4.52633  0.206142
18.5  1.3823  4.50455  0.255492
18.5  1.44513  4.52964  0.174384
18.5  1.50796  4.68435  0.191179
18.5  1.5708  4.40498  0.187475
18.5  1.63363  4.55208  0.204691
18.5  1.69646  4.59156  0.18883
18.5  1.75929  4.48168  0.206857
18.5  1.82212  4.68312  0.196462
18.5  1.88496  4.67953  0.207027
18.5  1.94779  4.25992  0.20104
18.5  2.01062  4.17974  0.154866
18.5  2.07345  4.21238  0.177359
18.5  2.13628  4.05498  0.147981
18.5  2.19911  4.00217  0.156009
18.5  2.26195  3.70474  0.137797
18.5  2.32478  3.61071  0.151867
18.5  2.38761  3.36942  0.144325
18.5  2.45044  3.28553  0.186169
18.5  2.51327  3.12017  0.258122
18.5  2.57611  2.87171  0.277073
18.5  2.63894  2.7509  0.588642
18.5  2.70177  0  0
18.5  2.7646  0  0
18.5  2.82743  0  0
18.5  2.89027  0  0
18.5  2.9531  0  0
18.5  3.01593  0  0
18.5  3.07876  0  0
19  0  0  0
19  0.0628319  0  0
19  0.125664  0  0
19  0.188496  0  0
19  0.251327  0  0
19  0.314159  0  0
19  0.376991  0  0
19  0.439823  3.6342  1.12395
19  0.502655  3.01949  0.290284
19  0.565487  3.54506  0.238483
19  0.628319  3.26982  0.222645
19  0.69115  3.78891  0.198891
19  0.753982  3.69289  0.197608
19  0.816814  3.92528  0.17278
19  0.879646  4.10222  0.163347
19  0.942478  4.00509  0.18046
19  1.00531  4.05139  0.140267
19  1.06814  4.29557  0.158857
19  1.13097  4.01492  0.176277
19  1.19381  4.3002  0.210967
19  1.25664  4.24994  0.192084
19  1.31947  4.59797  0.179301
19  1.3823  4.55019  0.188214
19  1.44513  4.64826  0.192472
19  1.50796  4.66233  0.21237
19  1.5708  4.76699  0.191723
19  1.63363  4.99091  0.224283
19  1.69646  4.38872  0.197622
19  1.75929  4.76131  0.206855
19  1.82212  4.46917  0.20493
19  1.88496  4.76951  0.226312
19  1.94779  4.11451  0.174486
19  2.01062  4.21429  0.165804
19  2.07345  4.29027  0.16713
19  2.13628  4.40268  0.166512
19  2.19911  4.20726  0.161684
19  2.26195  3.9516  0.172741
19  2.32478  3.44244  0.135897
19  2.38761  3.64874  0.196748
19  2.45044  3.32821  0.177656
19  2.51327  3.72224  0.287146
19  2.57611  3.22666  0.336532
19  2.63894  1.13436  0.205257
19  2.70177  0  0
19  2.7646  0  0
19  2.82743  0  0
19  2.89027  0  0
19  2.9531  0  0
19  3.01593  0  0
19  3.07876  0  0
19.5  0  0  0
19.5  0.0628319  0  0
19.5  0.125664  0  0
19.5  0.188496  0  0
19.5  0.251327  0  0
19.5  0.314159  0  0
19.5  0.376991  0.251454  2.03789
19.5  0.439823  2.85553  0.479886
19.5  0.502655  3.0786  0.277308
19.5  0.565487  2.99017  0.201786
19.5  0.628319  2.91564  0.209103
19.5  0.69115  3.4452  0.136748
19.5  0.753982  3.99269  0.18156
19.5  0.816814  4.07849  0.181631
19.5  0.879646  4.12737  0.155844
19.5  0.942478  4.29034  0.17212
19.5  1.00531  4.72435  0.197521
19.5  1.06814  4.53465  0.198709
19.5  1.13097  4.37207  0.214386
19.5  1.19381  4.48241  0.180867
19.5  1.25664  4.46833  0.199044
19.5  1.31947  4.94824  0.226863
19.5  1.3823  4.57962  0.166748
19.5  1.44513  4.9318  0.237991
19.5  1.50796  4.78283  0.202405
19.5  1.5708  5.14692  0.221022
19.5  1.63363  5.01841  0.206791
19.5  1.69646  4.62813  0.195017
19.5  1.75929  4.87632  0.202095
19.5  1.82212  4.56189  0.222277
19.5  1.88496  4.37484  0.175833
19.5  1.94779  4.40981  0.205539
19.5  2.01062  4.47694  0.17255
19.5  2.07345  4.0961  0.170694
19.5  2.13628  4.27135  0.173988
19.5  2.19911  4.04496  0.127932
19.5  2.26195  3.93385  0.156313
19.5  2.32478  3.85515  0.154877
19.5  2.38761  3.51407  0.189701
19.5  2.45044  3.01553  0.158185
19.5  2.51327  3.09663  0.213467
19.5  2.57611  3.28662  0.32951
19.5  2.63894  3.26958  1.31554
19.5  2.70177  0  0
19.5  2.7646  0  0
19.5  2.82743  0  0
19.5  2.89027  0  0
19.5  2.9531  0  0
19.5  3.01593  0  0
19.5  3.07876  0  0
20  0  0  0
20  0.0628319  0  0
20  0.125664  0  0
20  0.188496  0  0
20  0.251327  0  0
20  0.314159  0  0
20  0.376991  0.248903  2.13154
20  0.439823  3.0786  0.40803
20  0.502655  3.14445  0.255106
20  0.565487  3.02715  0.259551
20  0.628319  3.25822  0.198457
20  0.69115  3.83285  0.232348
20  0.753982  3.76  0.164473
20  0.816814  3.91942  0.166098
20  0.879646  4.10119  0.146579
20  0.942478  3.9085  0.185129
20  1.00531  4.28265  0.177781
20  1.06814  4.46364  0.157945
20  1.13097  4.61687  0.189709
20  1.19381  4.80891  0.181886
20  1.25664  4.86096  0.183562
20  1.31947  5.00082  0.188932
20  1.3823  4.8256  0.222881
20  1.44513  4.72395  0.194029
20  1.50796  4.70314  0.179953
20  1.5708  5.10763  0.194878
20  1.63363  4.76937  0.192137
20  1.69646  4.91096  0.231472
20  1.75929  4.6292  0.20896
20  1.82212  4.41034  0.207311
20  1.88496  4.63994  0.219958
20  1.94779  4.48555  0.197437
20  2.01062  4.52293  0.20346
20  2.07345  4.26337  0.182749
20  2.13628  4.33427  0.157312
20  2.19911  4.0977  0.144118
20  2.26195  4.08642  0.15702
20  2.32478  4.04048  0.168509
20  2.38761  3.60975  0.172359
20  2.45044  3.39102  0.184268
20  2.51327  3.21943  0.234154
20  2.57611  3.14314  0.341371
20  2.63894  1.90248  0.273295
20  2.70177  0  0
20  2.7646  0  0
20  2.82743  0  0
20  2.89027  0  0
20  2.9531  0  0
20  3.01593  0  0
20  3.07876  0  0
20.5  0  0  0
20.5  0.0628319  0  0
20.5  0.125664  0  0
20.5  0.188496  0  0
20.5  0.251327  0  0
20.5  0.314159  0  0
20.5  0.376991  0.251454  2.03789
20.5  0.439823  2.89381  0.442382
20.5  0.502655  3.05196  0.316648
20.5  0.565487  3.50426  0.451801
20.5  0.628319  3.66144  0.210216
20.5  0.69115  3.94111  0.242697
20.5  0.753982  3.62484  0.148785
20.5  0.816814  4.14488  0.173069
20.5  0.879646  4.23933  0.150145
20.5  0.942478  4.30358  0.17232
20.5  1.00531  4.03677  0.162584
20.5  1.06814  4.12951  0.155793
20.5  1.13097  4.57378  0.206369
20.5  1.19381  4.59551  0.178078
20.5  1.25664  4.78451  0.225945
20.5  1.31947  5.23666  0.208129
20.5  1.3823  4.89116  0.217028
20.5  1.44513  4.45337  0.22181
20.5  1.50796  4.8707  0.215731
20.5  1.5708  4.49251  0.214252
20.5  1.63363  4.71828  0.203381
20.5  1.69646  5.1919  0.204791
20.5  1.75929  4.55905  0.191413
20.5  1.82212  4.70845  0.174235
20.5  1.88496  4.60421  0.200766
20.5  1.94779  4.24746  0.185504
20.5  2.01062  4.76165  0.196147
20.5  2.07345  4.29087  0.167077
20.5  2.13628  4.48652  0.153489
20.5  2.19911  4.52991  0.181684
20.5  2.26195  4.37101  0.178042
20.5  2.32478  4.171  0.159841
20.5  2.38761  3.82996  0.199238
20.5  2.45044  3.45501  0.244046
20.5  2.51327  3.57982  0.292
20.5  2.57611  3.63551  0.43019
20.5  2.63894  2.63532  0.313523
20.5  2.70177  0  0
20.5  2.7646  0  0
20.5  2.82743  0  0
20.5  2.89027  0  0
20.5  2.9531  0  0
20.5  3.01593  0  0
20.5  3.07876  0  0
21  0  0  0
21  0.0628319  0  0
21  0.125664  0  0
21  0.188496  0  0
21  0.251327  0  0
21  0.314159  0  0
21  0.376991  0.247646  1.9136
21  0.439823  3.48879  0.846563
21  0.502655  3.42851  0.305416
21  0.565487  2.77362  0.1874
21  0.628319  3.54223  0.201173
21  0.69115  3.68966  0.164095
21  0.753982  3.60189  0.137302
21  0.816814  3.9352  0.171514
21  0.879646  4.41447  0.167881
21  0.942478  4.24007  0.147866
21  1.00531  4.64854  0.162711
21  1.06814  4.39071  0.171512
21  1.13097  4.75699  0.196296
21  1.19381  5.01208  0.192193
21  1.25664  4.46977  0.235693
21  1.31947  5.03976  0.214675
21  1.3823  5.14056  0.238158
21  1.44513  4.80037  0.240025
21  1.50796  5.21445  0.240931
21  1.5708  5.01236  0.235804
21  1.63363  4.93352  0.190273
21  1.69646  4.16763  0.175264
21  1.75929  5.39243  0.240004
21  1.82212  4.36253  0.207531
21  1.88496  4.46451  0.1931
21  1.94779  4.42889  0.182152
21  2.01062  4.50463  0.185517
21  2.07345  4.50667  0.214559
21  2.13628  4.37661  0.160525
21  2.19911  4.28555  0.200559
21  2.26195  3.95782  0.123392
21  2.32478  3.9702  0.206238
21  2.38761  3.80685  0.175627
21  2.45044  3.13341  0.194989
21  2.51327  3.3153  0.236724
21  2.57611  3.23838  0.328511
21  2.63894  3.29178  0.4627
21  2.70177  1.11146  8.1557
21  2.7646  0  0
21  2.82743  0  0
21  2.89027  0  0
21  2.9531  0  0
21  3.01593  0  0
21  3.07876  0  0
21.5  0  0  0
21.5  0.0628319  0  0
21.5  0.125664  0  0
21.5  0.188496  0  0
21.5  0.251327  0  0
21.5  0.314159  0  0
21.5  0.376991  0.996134  6.03266
21.5  0.439823  3.16524  0.379402
21.5  0.502655  3.7476  0.379516
21.5  0.565487  2.45591  0.21542
21.5  0.628319  3.76355  0.276878
21.5  0.69115  3.34203  0.164545
21.5  0.753982  3.82816  0.150194
21.5  0.816814  4.00223  0.159879
21.5  0.879646  4.40619  0.169136
21.5  0.942478  4.63367  0.219125
21.5  1.00531  4.34771  0.142334
21.5  1.06814  4.50221  0.170266
21.5  1.13097  4.77377  0.206167
21.5  1.19381  4.92535  0.191081
21.5  1.25664  5.32446  0.216828
21.5  1.31947  4.63226  0.218489
21.5  1.3823  5.03173  0.202519
21.5  1.44513  4.84655  0.179535
21.5  1.50796  4.79891  0.207956
21.5  1.5708  4.51313  0.161639
21.5  1.63363  4.99658  0.239747
21.5  1.69646  4.80251  0.183603
21.5  1.75929  5.22831  0.19938
21.5  1.82212  4.72092  0.225679
21.5  1.88496  5.10516  0.228788
21.5  1.94779  4.93282  0.219487
21.5  2.01062  4.9626  0.217493
21.5  2.07345  4.3148  0.162547
21.5  2.13628  4.60189  0.170296
21.5  2.19911  4.42242  0.149169
21.5  2.26195  4.39081  0.151816
21.5  2.32478  4.1262  0.152953
21.5  2.38761  3.54427  0.180423
21.5  2.45044  3.33148  0.18343
21.5  2.51327  3.22987  0.218776
21.5  2.57611  3.09381  0.245002
21.5  2.63894  2.77951  0.341097
21.5  2.70177  4.4416  4.07682
21.5  2.7646  0  0
21.5  2.82743  0  0
21.5  2.89027  0  0
21.5  2.9531  0  0
21.5  3.01593  0  0
21.5  3.07876  0  0
22  0  0  0
22  0.0628319  0  0
22  0.125664  0  0
22  0.188496  0  0
22  0.251327  0  0
22  0.314159  0  0
22  0.376991  29.5531  16.3843
22  0.439823  2.88044  0.343123
22  0.502655  3.15444  0.214329
22  0.565487  3.22977  0.221684
22  0.628319  3.48559  0.214341
22  0.69115  3.57142  0.182357
22  0.753982  4.01761  0.183065
22  0.816814  4.05717  0.14617
22  0.879646  4.54644  0.178381
22  0.942478  4.56346  0.205022
22  1.00531  4.38657  0.168696
22  1.06814  4.46958  0.175835
22  1.13097  5.34445  0.225075
22  1.19381  4.62388  0.202428
22  1.25664  4.67803  0.195729
22  1.31947  5.06601  0.222658
22  1.3823  5.26259  0.216767
22  1.44513  5.59847  0.279863
22  1.50796  4.55936  0.205837
22  1.5708  4.81628  0.206278
22  1.63363  4.58884  0.181703
22  1.69646  4.98431  0.22212
22  1.75929  4.69861  0.193116
22  1.82212  4.96284  0.185658
22  1.88496  4.57937  0.217529
22  1.94779  4.86693  0.214148
22  2.01062  4.17483  0.158751
22  2.07345  4.37696  0.15274
22  2.13628  4.2705  0.166856
22  2.19911  4.24254  0.154777
22  2.26195  4.06665  0.173923
22  2.32478  3.93207  0.162208
22  2.38761  3.80219  0.185811
22  2.45044  3.95353  0.266606
22  2.51327  3.09958  0.197577
22  2.57611  3.19707  0.367658
22  2.63894  2.72551  0.340134
22  2.70177  3.43721  5.33215
22  2.7646  0  0
22  2.82743  0  0
22  2.89027  0  0
22  2.9531  0  0
22  3.01593  0  0
22  3.07876  0  0
22.5  0  0  0
22.5  0.0628319  0  0
22.5  0.125664  0  0
22.5  0.188496  0  0
22.5  0.251327  0  0
22.5  0.314159  0  0
22.5  0.376991  6.12404  7.43702
22.5  0.439823  2.64715  0.399195
22.5  0.502655  3.1131  0.401386
22.5  0.565487  3.42858  0.281373
22.5  0.628319  3.81372  0.240022
22.5  0.69115  3.86183  0.186828
22.5  0.753982  4.33056  0.19329
22.5  0.816814  4.75109  0.199708
22.5  0.879646  4.36072  0.149304
22.5  0.942478  4.48398  0.16731
22.5  1.00531  4.82408  0.18856
22.5  1.06814  5.03279  0.209553
22.5  1.13097  4.66115  0.233579
22.5  1.19381  4.71178  0.175782
22.5  1.25664  4.83839  0.208774
22.5  1.31947  4.80004  0.208654
22.5  1.3823  5.30288  0.240691
22.5  1.44513  5.43683  0.231599
22.5  1.50796  4.85447  0.202966
22.5  1.5708  5.36948  0.220797
22.5  1.63363  5.15393  0.209799
22.5  1.69646  4.88229  0.259029
22.5  1.75929  4.98036  0.198271
22.5  1.82212  4.92617  0.231605
22.5  1.88496  4.7471  0.209865
22.5  1.94779  5.14013  0.199122
22.5  2.01062  5.10927  0.206887
22.5  2.07345  4.48197  0.155535
22.5  2.13628  4.78141  0.179118
22.5  2.19911  4.53557  0.166936
22.5  2.26195  4.26919  0.166662
22.5  2.32478  4.30352  0.173961
22.5  2.38761  3.73167  0.181057
22.5  2.45044  3.62924  0.185689
22.5  2.51327  3.43172  0.275769
22.5  2.57611  3.69337  0.334018
22.5  2.63894  1.73095  0.175326
22.5  2.70177  4.08116  2.27707
22.5  2.7646  0  0
22.5  2.82743  0  0
22.5  2.89027  0  0
22.5  2.9531  0  0
22.5  3.01593  0  0
22.5  3.07876  0  0
23  0  0  0
23  0.0628319  0  0
23  0.125664  0  0
23  0.188496  0  0
23  0.251327  0  0
23  0.314159  0  0
23  0.376991  2.74415  0.787234
23  0.439823  2.79675  0.659904
23  0.502655  2.53316  0.218752
23  0.565487  4.41947  0.365792
23  0.628319  3.3561  0.176511
23  0.69115  3.88612  0.19867
23  0.753982  4.165  0.165063
23  0.816814  4.10543  0.145777
23  0.879646  4.41313  0.197345
23  0.942478  4.10555  0.162578
23  1.00531  4.6061  0.179732
23  1.06814  4.26522  0.164693
23  1.13097  4.77027  0.190998
23  1.19381  4.72179  0.218404
23  1.25664  4.94706  0.245005
23  1.31947  5.03418  0.205213
23  1.3823  4.80937  0.229602
23  1.44513  5.16578  0.188988
23  1.50796  4.87587  0.201005
23  1.5708  4.90339  0.205364
23  1.63363  5.12282  0.218599
23  1.69646  4.76484  0.198346
23  1.75929  5.34798  0.217753
23  1.82212  5.32185  0.226052
23  1.88496  4.73721  0.177994
23  1.94779  4.63645  0.182327
23  2.01062  4.47986  0.201774
23  2.07345  4.10961  0.149153
23  2.13628  4.59753  0.207052
23  2.19911  4.13189  0.180241
23  2.26195  4.21032  0.167898
23  2.32478  4.16538  0.170665
23  2.38761  4.26554  0.233866
23  2.45044  3.37507  0.213965
23  2.51327  3.55422  0.472205
23  2.57611  3.32352  0.284935
23  2.63894  3.03706  0.319145
23  2.70177  4.80822  5.22665
23  2.7646  0  0
23  2.82743  0  0
23  2.89027  0  0
23  2.9531  0  0
23  3.01593  0  0
23  3.07876  0  0
23.5  0  0  0
23.5  0.0628319  0  0
23.5  0.125664  0  0
23.5  0.188496  0  0
23.5  0.251327  0  0
23.5  0.314159  0  0
23.5  0.376991  17.5411  22.5493
23.5  0.439823  3.22076  0.389673
23.5  0.502655  2.87483  0.416263
23.5  0.565487  2.88087  0.228839
23.5  0.628319  4.45363  0.337127
23.5  0.69115  3.54306  0.144591
23.5  0.753982  4.19219  0.160096
23.5  0.816814  4.10527  0.16987
23.5  0.879646  4.42647  0.180896
23.5  0.942478  4.75398  0.197514
23.5  1.00531  4.48371  0.179716
23.5  1.06814  4.98865  0.189619
23.5  1.13097  4.9418  0.224311
23.5  1.19381  4.73875  0.183888
23.5  1.25664  5.08032  0.231574
23.5  1.31947  4.87989  0.177978
23.5  1.3823  4.97707  0.176322
23.5  1.44513  4.99532  0.203864
23.5  1.50796  4.9314  0.24764
23.5  1.5708  4.90474  0.236425
23.5  1.63363  4.8505  0.167843
23.5  1.69646  5.20845  0.197437
23.5  1.75929  5.33409  0.242764
23.5  1.82212  4.96569  0.218152
23.5  1.88496  5.06801  0.210916
23.5  1.94779  5.19109  0.194992
23.5  2.01062  5.27647  0.20668
23.5  2.07345  4.85028  0.196838
23.5  2.13628  4.37145  0.15071
23.5  2.19911  4.70313  0.179913
23.5  2.26195  4.46442  0.18041
23.5  2.32478  4.0005  0.194192
23.5  2.38761  3.69441  0.193155
23.5  2.45044  3.81336  0.194653
23.5  2.51327  3.15103  0.21618
23.5  2.57611  3.6293  0.293631
23.5  2.63894  2.98654  0.330158
23.5  2.70177  1.8196  0.545176
23.5  2.7646  0.248903  2.13154
23.5  2.82743  0  0
23.5  2.89027  0  0
23.5  2.9531  0  0
23.5  3.01593  0  0
23.5  3.07876  0  0
24  0  0  0
24  0.0628319  0  0
24  0.125664  0  0
24  0.188496  0  0
24  0.251327  0  0
24  0.314159  0  0
24  0.376991  3.16939  0.941608
24  0.439823  4.0148  0.687293
24  0.502655  3.4187  0.298639
24  0.565487  3.06524  0.228259
24  0.628319  3.99845  0.210198
24  0.69115  3.55675  0.157141
24  0.753982  4.06739  0.1696
24  0.816814  4.42496  0.166571
24  0.879646  4.20155  0.153902
24  0.942478  4.57671  0.149133
24  1.00531  4.71046  0.207849
24  1.06814  5.14607  0.217193
24  1.13097  4.86161  0.210133
24  1.19381  5.00285  0.22174
24  1.25664  5.29865  0.238226
24  1.31947  5.23108  0.262298
24  1.3823  4.90807  0.239307
24  1.44513  5.65694  0.275222
24  1.50796  5.35214  0.262331
24  1.5708  5.24146  0.208259
24  1.63363  5.27607  0.272784
24  1.69646  4.87971  0.234818
24  1.75929  4.8195  0.189372
24  1.82212  5.1486  0.225661
24  1.88496  5.01198  0.214101
24  1.94779  5.04949  0.211629
24  2.01062  5.08051  0.172311
24  2.07345  4.90139  0.187092
24  2.13628  4.53782  0.180772
24  2.19911  4.32632  0.182454
24  2.26195  4.46188  0.181869
24  2.32478  4.08272  0.172971
24  2.38761  4.08237  0.215753
24  2.45044  4.19415  0.308277
24  2.51327  3.40449  0.190376
24  2.57611  3.11411  0.25703
24  2.63894  3.41403  0.346956
24  2.70177  2.57572  0.466912
24  2.7646  0  0
24  2.82743  0  0
24  2.89027  0  0
24  2.9531  0  0
24  3.01593  0  0
24  3.07876  0  0
24.5  0  0  0
24.5  0.0628319  0  0
24.5  0.125664  0  0
24.5  0.188496  0  0
24.5  0.251327  0  0
24.5  0.314159  0.247646  1.9136
24.5  0.376991  5.42065  2.61989
24.5  0.439823  3.06642  0.342624
24.5  0.502655  3.06322  0.313453
24.5  0.565487  3.39961  0.210987
24.5  0.628319  3.79252  0.235618
24.5  0.69115  4.19798  0.194295
24.5  0.753982  4.16405  0.172963
24.5  0.816814  4.41511  0.162416
24.5  0.879646  4.34808  0.158397
24.5  0.942478  4.67634  0.198574
24.5  1.00531  4.91306  0.18269
24.5  1.06814  5.50859  0.237355
24.5  1.13097  4.96396  0.183793
24.5  1.19381  4.89377  0.189261
24.5  1.25664  4.77752  0.18825
24.5  1.31947  5.43915  0.243918
24.5  1.3823  5.46016  0.212287
24.5  1.44513  5.28574  0.238029
24.5  1.50796  5.14121  0.217954
24.5  1.5708  5.49507  0.254138
24.5  1.63363  5.57795  0.239242
24.5  1.69646  5.07491  0.226776
24.5  1.75929  5.54815  0.231753
24.5  1.82212  5.5438  0.20485
24.5  1.88496  5.0548  0.205059
24.5  1.94779  4.79525  0.201894
24.5  2.01062  5.25897  0.233945
24.5  2.07345  4.87221  0.182158
24.5  2.13628  4.42223  0.142911
24.5  2.19911  4.95662  0.191537
24.5  2.26195  4.08404  0.138687
24.5  2.32478  4.10315  0.172142
24.5  2.38761  3.96563  0.230271
24.5  2.45044  3.67767  0.196429
24.5  2.51327  3.53726  0.193974
24.5  2.57611  3.59663  0.358134
24.5  2.63894  2.90136  0.305669
24.5  2.70177  3.50727  0.742447
24.5  2.7646  0  0
24.5  2.82743  0  0
24.5  2.89027  0  0
24.5  2.9531  0  0
24.5  3.01593  0  0
24.5  3.07876  0  0
