4  0  0  0
4  0.0628319  0  0
4  0.125664  0  0
4  0.188496  0  0
4  0.251327  0  0
4  0.314159  0  0
4  0.376991  0  0
4  0.439823  0  0
4  0.502655  0  0
4  0.565487  0  0
4  0.628319  0  0
4  0.69115  0  0
4  0.753982  0  0
4  0.816814  0  0
4  0.879646  0  0
4  0.942478  0  0
4  1.00531  0  0
4  1.06814  0  0
4  1.13097  0  0
4  1.19381  0  0
4  1.25664  0  0
4  1.31947  0  0
4  1.3823  0  0
4  1.44513  0  0
4  1.50796  0  0
4  1.5708  0  0
4  1.63363  0  0
4  1.69646  0  0
4  1.75929  0  0
4  1.82212  0  0
4  1.88496  0  0
4  1.94779  0  0
4  2.01062  0  0
4  2.07345  0  0
4  2.13628  0  0
4  2.19911  0  0
4  2.26195  0  0
4  2.32478  0  0
4  2.38761  0  0
4  2.45044  0  0
4  2.51327  0  0
4  2.57611  0  0
4  2.63894  0  0
4  2.70177  0  0
4  2.7646  0  0
4  2.82743  0  0
4  2.89027  0  0
4  2.9531  0  0
4  3.01593  0  0
4  3.07876  0  0
4.5  0  0  0
4.5  0.0628319  0  0
4.5  0.125664  0  0
4.5  0.188496  0  0
4.5  0.251327  0  0
4.5  0.314159  0  0
4.5  0.376991  0  0
4.5  0.439823  0  0
4.5  0.502655  0  0
4.5  0.565487  0  0
4.5  0.628319  0  0
4.5  0.69115  0  0
4.5  0.753982  0  0
4.5  0.816814  0  0
4.5  0.879646  0  0
4.5  0.942478  0  0
4.5  1.00531  0  0
4.5  1.06814  0  0
4.5  1.13097  0  0
4.5  1.19381  0  0
4.5  1.25664  0  0
4.5  1.31947  0  0
4.5  1.3823  0  0
4.5  1.44513  0  0
4.5  1.50796  0  0
4.5  1.5708  0  0
4.5  1.63363  0  0
4.5  1.69646  0  0
4.5  1.75929  0  0
4.5  1.82212  0  0
4.5  1.88496  0  0
4.5  1.94779  0  0
4.5  2.01062  0  0
4.5  2.07345  0  0
4.5  2.13628  0  0
4.5  2.19911  0  0
4.5  2.26195  0  0
4.5  2.32478  0  0
4.5  2.38761  0  0
4.5  2.45044  0  0
4.5  2.51327  0  0
4.5  2.57611  0  0
4.5  2.63894  0  0
4.5  2.70177  0  0
4.5  2.7646  0  0
4.5  2.82743  0  0
4.5  2.89027  0  0
4.5  2.9531  0  0
4.5  3.01593  0  0
4.5  3.07876  0  0
5  0  0  0
5  0.0628319  0  0
5  0.125664  0  0
5  0.188496  0  0
5  0.251327  0  0
5  0.314159  0  0
5  0.376991  0  0
5  0.439823  0  0
5  0.502655  0  0
5  0.565487  0  0
5  0.628319  0  0
5  0.69115  0  0
5  0.753982  0  0
5  0.816814  0  0
5  0.879646  0  0
5  0.942478  0  0
5  1.00531  0  0
5  1.06814  0  0
5  1.13097  0  0
5  1.19381  0  0
5  1.25664  0  0
5  1.31947  0  0
5  1.3823  0  0
5  1.44513  0  0
5  1.50796  0  0
5  1.5708  0  0
5  1.63363  0  0
5  1.69646  0  0
5  1.75929  0  0
5  1.82212  0  0
5  1.88496  0  0
5  1.94779  0  0
5  2.01062  0  0
5  2.07345  0  0
5  2.13628  0  0
5  2.19911  0  0
5  2.26195  0  0
5  2.32478  0  0
5  2.38761  0  0
5  2.45044  0  0
5  2.51327  0  0
5  2.57611  0  0
5  2.63894  0  0
5  2.70177  0  0
5  2.7646  0  0
5  2.82743  0  0
5  2.89027  0  0
5  2.9531  0  0
5  3.01593  0  0
5  3.07876  0  0
5.5  0  0  0
5.5  0.0628319  0  0
5.5  0.125664  0  0
5.5  0.188496  0  0
5.5  0.251327  0  0
5.5  0.314159  0  0
5.5  0.376991  0  0
5.5  0.439823  0  0
5.5  0.502655  0  0
5.5  0.565487  0  0
5.5  0.628319  0  0
5.5  0.69115  0  0
5.5  0.753982  0  0
5.5  0.816814  0  0
5.5  0.879646  0  0
5.5  0.942478  0  0
5.5  1.00531  0  0
5.5  1.06814  0  0
5.5  1.13097  0  0
5.5  1.19381  0  0
5.5  1.25664  0  0
5.5  1.31947  0  0
5.5  1.3823  0  0
5.5  1.44513  0  0
5.5  1.50796  0  0
5.5  1.5708  0  0
5.5  1.63363  0  0
5.5  1.69646  0  0
5.5  1.75929  0  0
5.5  1.82212  0  0
5.5  1.88496  0  0
5.5  1.94779  0  0
5.5  2.01062  0  0
5.5  2.07345  0  0
5.5  2.13628  0  0
5.5  2.19911  0  0
5.5  2.26195  0  0
5.5  2.32478  0  0
5.5  2.38761  0  0
5.5  2.45044  0  0
5.5  2.51327  0  0
5.5  2.57611  0  0
5.5  2.63894  0  0
5.5  2.70177  0  0
5.5  2.7646  0  0
5.5  2.82743  0  0
5.5  2.89027  0  0
5.5  2.9531  0  0
5.5  3.01593  0  0
5.5  3.07876  0  0
6  0  0  0
6  0.0628319  0  0
6  0.125664  0  0
6  0.188496  0  0
6  0.251327  0  0
6  0.314159  0  0
6  0.376991  0  0
6  0.439823  0  0
6  0.502655  0  0
6  0.565487  0  0
6  0.628319  0  0
6  0.69115  0  0
6  0.753982  0  0
6  0.816814  0  0
6  0.879646  0  0
6  0.942478  0  0
6  1.00531  0  0
6  1.06814  0  0
6  1.13097  0  0
6  1.19381  0  0
6  1.25664  0  0
6  1.31947  0  0
6  1.3823  0  0
6  1.44513  0  0
6  1.50796  0  0
6  1.5708  0  0
6  1.63363  0  0
6  1.69646  0  0
6  1.75929  0  0
6  1.82212  0  0
6  1.88496  0  0
6  1.94779  0  0
6  2.01062  0  0
6  2.07345  0  0
6  2.13628  0  0
6  2.19911  0  0
6  2.26195  0  0
6  2.32478  0  0
6  2.38761  0  0
6  2.45044  0  0
6  2.51327  0  0
6  2.57611  0  0
6  2.63894  0  0
6  2.70177  0  0
6  2.7646  0  0
6  2.82743  0  0
6  2.89027  0  0
6  2.9531  0  0
6  3.01593  0  0
6  3.07876  0  0
6.5  0  0  0
6.5  0.0628319  0  0
6.5  0.125664  0  0
6.5  0.188496  0  0
6.5  0.251327  0  0
6.5  0.314159  0  0
6.5  0.376991  0  0
6.5  0.439823  0  0
6.5  0.502655  0  0
6.5  0.565487  0  0
6.5  0.628319  0  0
6.5  0.69115  0  0
6.5  0.753982  0  0
6.5  0.816814  0  0
6.5  0.879646  0  0
6.5  0.942478  0  0
6.5  1.00531  0  0
6.5  1.06814  0  0
6.5  1.13097  0  0
6.5  1.19381  0  0
6.5  1.25664  0  0
6.5  1.31947  0  0
6.5  1.3823  0  0
6.5  1.44513  0  0
6.5  1.50796  0  0
6.5  1.5708  0  0
6.5  1.63363  0  0
6.5  1.69646  0  0
6.5  1.75929  0  0
6.5  1.82212  0  0
6.5  1.88496  0  0
6.5  1.94779  0  0
6.5  2.01062  0  0
6.5  2.07345  0  0
6.5  2.13628  0  0
6.5  2.19911  0  0
6.5  2.26195  0  0
6.5  2.32478  0  0
6.5  2.38761  0  0
6.5  2.45044  0  0
6.5  2.51327  0  0
6.5  2.57611  0  0
6.5  2.63894  0  0
6.5  2.70177  0  0
6.5  2.7646  0  0
6.5  2.82743  0  0
6.5  2.89027  0  0
6.5  2.9531  0  0
6.5  3.01593  0  0
6.5  3.07876  0  0
7  0  0  0
7  0.0628319  0  0
7  0.125664  0  0
7  0.188496  0  0
7  0.251327  0  0
7  0.314159  0  0
7  0.376991  0  0
7  0.439823  0  0
7  0.502655  0  0
7  0.565487  0  0
7  0.628319  0  0
7  0.69115  0  0
7  0.753982  0  0
7  0.816814  0  0
7  0.879646  0  0
7  0.942478  0  0
7  1.00531  0  0
7  1.06814  0  0
7  1.13097  0  0
7  1.19381  0  0
7  1.25664  0  0
7  1.31947  0  0
7  1.3823  0  0
7  1.44513  0  0
7  1.50796  0  0
7  1.5708  0  0
7  1.63363  0  0
7  1.69646  0  0
7  1.75929  0  0
7  1.82212  0  0
7  1.88496  0  0
7  1.94779  0  0
7  2.01062  0  0
7  2.07345  0  0
7  2.13628  0  0
7  2.19911  0  0
7  2.26195  0  0
7  2.32478  0  0
7  2.38761  0  0
7  2.45044  0  0
7  2.51327  0  0
7  2.57611  0  0
7  2.63894  0  0
7  2.70177  0  0
7  2.7646  0  0
7  2.82743  0  0
7  2.89027  0  0
7  2.9531  0  0
7  3.01593  0  0
7  3.07876  0  0
7.5  0  0  0
7.5  0.0628319  0  0
7.5  0.125664  0  0
7.5  0.188496  0  0
7.5  0.251327  0  0
7.5  0.314159  0  0
7.5  0.376991  0  0
7.5  0.439823  0  0
7.5  0.502655  0  0
7.5  0.565487  0  0
7.5  0.628319  0  0
7.5  0.69115  0  0
7.5  0.753982  0  0
7.5  0.816814  0  0
7.5  0.879646  0  0
7.5  0.942478  0  0
7.5  1.00531  0  0
7.5  1.06814  0  0
7.5  1.13097  0  0
7.5  1.19381  0  0
7.5  1.25664  0  0
7.5  1.31947  0  0
7.5  1.3823  0  0
7.5  1.44513  0  0
7.5  1.50796  0  0
7.5  1.5708  0  0
7.5  1.63363  0  0
7.5  1.69646  0  0
7.5  1.75929  0  0
7.5  1.82212  0  0
7.5  1.88496  0  0
7.5  1.94779  0  0
7.5  2.01062  0  0
7.5  2.07345  0  0
7.5  2.13628  0  0
7.5  2.19911  0  0
7.5  2.26195  0  0
7.5  2.32478  0  0
7.5  2.38761  0  0
7.5  2.45044  0  0
7.5  2.51327  0  0
7.5  2.57611  0  0
7.5  2.63894  0  0
7.5  2.70177  0  0
7.5  2.7646  0  0
7.5  2.82743  0  0
7.5  2.89027  0  0
7.5  2.9531  0  0
7.5  3.01593  0  0
7.5  3.07876  0  0
8  0  0  0
8  0.0628319  0  0
8  0.125664  0  0
8  0.188496  0  0
8  0.251327  0  0
8  0.314159  0  0
8  0.376991  0  0
8  0.439823  0  0
8  0.502655  0  0
8  0.565487  0  0
8  0.628319  0  0
8  0.69115  0  0
8  0.753982  0  0
8  0.816814  0  0
8  0.879646  0  0
8  0.942478  0  0
8  1.00531  0  0
8  1.06814  0  0
8  1.13097  0  0
8  1.19381  0  0
8  1.25664  0.248781  2.11825
8  1.31947  2.43755  1.75326
8  1.3823  3.54332  0.843636
8  1.44513  2.83437  0.629955
8  1.50796  3.30966  0.833736
8  1.5708  3.23176  0.716058
8  1.63363  4.48643  1.28367
8  1.69646  2.94572  0.587476
8  1.75929  3.24431  2.30627
8  1.82212  0  0
8  1.88496  0  0
8  1.94779  0  0
8  2.01062  0  0
8  2.07345  0  0
8  2.13628  0  0
8  2.19911  0  0
8  2.26195  0  0
8  2.32478  0  0
8  2.38761  0  0
8  2.45044  0  0
8  2.51327  0  0
8  2.57611  0  0
8  2.63894  0  0
8  2.70177  0  0
8  2.7646  0  0
8  2.82743  0  0
8  2.89027  0  0
8  2.9531  0  0
8  3.01593  0  0
8  3.07876  0  0
8.5  0  0  0
8.5  0.0628319  0  0
8.5  0.125664  0  0
8.5  0.188496  0  0
8.5  0.251327  0  0
8.5  0.314159  0  0
8.5  0.376991  0  0
8.5  0.439823  0  0
8.5  0.502655  0  0
8.5  0.565487  0  0
8.5  0.628319  0  0
8.5  0.69115  0  0
8.5  0.753982  0  0
8.5  0.816814  0  0
8.5  0.879646  0  0
8.5  0.942478  0  0
8.5  1.00531  0  0
8.5  1.06814  28.269  24.7536
8.5  1.13097  3.24358  0.415978
8.5  1.19381  3.49  0.33128
8.5  1.25664  3.55689  0.258221
8.5  1.31947  3.73023  0.304901
8.5  1.3823  3.61398  0.224976
8.5  1.44513  3.70655  0.265519
8.5  1.50796  3.68168  0.252614
8.5  1.5708  3.23374  0.171371
8.5  1.63363  3.40624  0.199201
8.5  1.69646  3.982  0.289506
8.5  1.75929  3.28163  0.195217
8.5  1.82212  3.55056  0.231331
8.5  1.88496  3.38419  0.239474
8.5  1.94779  2.81913  0.350525
8.5  2.01062  16.5552  8.30177
8.5  2.07345  0  0
8.5  2.13628  0  0
8.5  2.19911  0  0
8.5  2.26195  0  0
8.5  2.32478  0  0
8.5  2.38761  0  0
8.5  2.45044  0  0
8.5  2.51327  0  0
8.5  2.57611  0  0
8.5  2.63894  0  0
8.5  2.70177  0  0
8.5  2.7646  0  0
8.5  2.82743  0  0
8.5  2.89027  0  0
8.5  2.9531  0  0
8.5  3.01593  0  0
8.5  3.07876  0  0
9  0  0  0
9  0.0628319  0  0
9  0.125664  0  0
9  0.188496  0  0
9  0.251327  0  0
9  0.314159  0  0
9  0.376991  0  0
9  0.439823  0  0
9  0.502655  0  0
9  0.565487  0  0
9  0.628319  0  0
9  0.69115  0  0
9  0.753982  0  0
9  0.816814  0  0
9  0.879646  0  0
9  0.942478  3.63843  1.984
9  1.00531  2.26454  0.295502
9  1.06814  3.6351  0.425737
9  1.13097  3.34871  0.28487
9  1.19381  3.84011  0.290229
9  1.25664  3.68397  0.256782
9  1.31947  3.43899  0.257793
9  1.3823  3.55924  0.24137
9  1.44513  3.59468  0.209802
9  1.50796  3.49566  0.28891
9  1.5708  3.51583  0.231251
9  1.63363  3.73636  0.240541
9  1.69646  3.26392  0.243776
9  1.75929  3.20606  0.243226
9  1.82212  3.37397  0.233201
9  1.88496  3.94614  0.385818
9  1.94779  3.60147  0.388935
9  2.01062  3.45987  0.325554
9  2.07345  2.41446  0.216721
9  2.13628  52.8126  43.6536
9  2.19911  0  0
9  2.26195  0  0
9  2.32478  0  0
9  2.38761  0  0
9  2.45044  0  0
9  2.51327  0  0
9  2.57611  0  0
9  2.63894  0  0
9  2.70177  0  0
9  2.7646  0  0
9  2.82743  0  0
9  2.89027  0  0
9  2.9531  0  0
9  3.01593  0  0
9  3.07876  0  0
9.5  0  0  0
9.5  0.0628319  0  0
9.5  0.125664  0  0
9.5  0.188496  0  0
9.5  0.251327  0  0
9.5  0.314159  0  0
9.5  0.376991  0  0
9.5  0.439823  0  0
9.5  0.502655  0  0
9.5  0.565487  0  0
9.5  0.628319  0  0
9.5  0.69115  0  0
9.5  0.753982  0  0
9.5  0.816814  0  0
9.5  0.879646  2.61657  0.245329
9.5  0.942478  3.38956  0.234576
9.5  1.00531  3.4174  0.185617
9.5  1.06814  3.41103  0.167961
9.5  1.13097  3.51566  0.151901
9.5  1.19381  3.21976  0.173604
9.5  1.25664  3.15731  0.13524
9.5  1.31947  3.51185  0.158706
9.5  1.3823  3.52669  0.177375
9.5  1.44513  3.48105  0.1337
9.5  1.50796  3.68765  0.191271
9.5  1.5708  3.70079  0.179188
9.5  1.63363  3.80813  0.170414
9.5  1.69646  3.65788  0.207399
9.5  1.75929  3.88187  0.196813
9.5  1.82212  3.48747  0.15451
9.5  1.88496  3.4639  0.135169
9.5  1.94779  3.29184  0.15082
9.5  2.01062  3.4197  0.177804
9.5  2.07345  3.29126  0.154069
9.5  2.13628  3.31361  0.195944
9.5  2.19911  3.21197  0.537443
9.5  2.26195  0.251454  1.28851
9.5  2.32478  0  0
9.5  2.38761  0  0
9.5  2.45044  0  0
9.5  2.51327  0  0
9.5  2.57611  0  0
9.5  2.63894  0  0
9.5  2.70177  0  0
9.5  2.7646  0  0
9.5  2.82743  0  0
9.5  2.89027  0  0
9.5  2.9531  0  0
9.5  3.01593  0  0
9.5  3.07876  0  0
10  0  0  0
10  0.0628319  0  0
10  0.125664  0  0
10  0.188496  0  0
10  0.251327  0  0
10  0.314159  0  0
10  0.376991  0  0
10  0.439823  0  0
10  0.502655  0  0
10  0.565487  0  0
10  0.628319  0  0
10  0.69115  0  0
10  0.753982  57.2173  28.944
10  0.816814  3.82026  0.578599
10  0.879646  2.93867  0.203103
10  0.942478  3.3444  0.168414
10  1.00531  3.33022  0.207329
10  1.06814  3.43368  0.170944
10  1.13097  3.48445  0.195096
10  1.19381  3.65575  0.222373
10  1.25664  3.59983  0.176714
10  1.31947  3.41091  0.159354
10  1.3823  3.71116  0.185099
10  1.44513  3.65178  0.146653
10  1.50796  3.44346  0.168764
10  1.5708  3.42928  0.160089
10  1.63363  3.73447  0.190051
10  1.69646  3.63128  0.17252
10  1.75929  3.42885  0.184657
10  1.82212  3.52254  0.174294
10  1.88496  3.60579  0.203609
10  1.94779  3.46091  0.167337
10  2.01062  3.61007  0.204251
10  2.07345  3.10528  0.17182
10  2.13628  3.15914  0.201256
10  2.19911  3.331  0.294117
10  2.26195  2.89793  0.341948
10  2.32478  0.250138  1.36012
10  2.38761  0  0
10  2.45044  0  0
10  2.51327  0  0
10  2.57611  0  0
10  2.63894  0  0
10  2.70177  0  0
10  2.7646  0  0
10  2.82743  0  0
10  2.89027  0  0
10  2.9531  0  0
10  3.01593  0  0
10  3.07876  0  0
10.5  0  0  0
10.5  0.0628319  0  0
10.5  0.125664  0  0
10.5  0.188496  0  0
10.5  0.251327  0  0
10.5  0.314159  0  0
10.5  0.376991  0  0
10.5  0.439823  0  0
10.5  0.502655  0  0
10.5  0.565487  0  0
10.5  0.628319  0  0
10.5  0.69115  0.248903  2.13154
10.5  0.753982  2.71176  0.206963
10.5  0.816814  3.44195  0.155395
10.5  0.879646  3.28907  0.13593
10.5  0.942478  3.66011  0.171512
10.5  1.00531  3.54382  0.146991
10.5  1.06814  3.49729  0.141679
10.5  1.13097  3.43183  0.145243
10.5  1.19381  3.43196  0.111897
10.5  1.25664  3.51847  0.149619
10.5  1.31947  3.69029  0.13859
10.5  1.3823  3.77181  0.141423
10.5  1.44513  3.80259  0.152078
10.5  1.50796  3.77468  0.170609
10.5  1.5708  3.88736  0.16268
10.5  1.63363  3.81262  0.165844
10.5  1.69646  3.66718  0.141771
10.5  1.75929  3.44493  0.152809
10.5  1.82212  3.55755  0.147435
10.5  1.88496  3.84665  0.153172
10.5  1.94779  3.27152  0.126009
10.5  2.01062  3.50042  0.15731
10.5  2.07345  3.38458  0.120123
10.5  2.13628  3.47056  0.132534
10.5  2.19911  3.15872  0.160218
10.5  2.26195  3.11106  0.159086
10.5  2.32478  3.5365  0.379303
10.5  2.38761  0.250138  2.26611
10.5  2.45044  0  0
10.5  2.51327  0  0
10.5  2.57611  0  0
10.5  2.63894  0  0
10.5  2.70177  0  0
10.5  2.7646  0  0
10.5  2.82743  0  0
10.5  2.89027  0  0
10.5  2.9531  0  0
10.5  3.01593  0  0
10.5  3.07876  0  0
11  0  0  0
11  0.0628319  0  0
11  0.125664  0  0
11  0.188496  0  0
11  0.251327  0  0
11  0.314159  0  0
11  0.376991  0  0
11  0.439823  0  0
11  0.502655  0  0
11  0.565487  0  0
11  0.628319  0  0
11  0.69115  3.27509  0.666276
11  0.753982  2.90703  0.1448
11  0.816814  3.31968  0.162233
11  0.879646  3.2045  0.137769
11  0.942478  3.5333  0.146888
11  1.00531  3.14365  0.114298
11  1.06814  3.32727  0.122178
11  1.13097  3.50428  0.146186
11  1.19381  3.68782  0.160626
11  1.25664  3.7497  0.147661
11  1.31947  3.68866  0.142843
11  1.3823  3.79001  0.164676
11  1.44513  3.41428  0.138897
11  1.50796  3.71953  0.128656
11  1.5708  3.81005  0.165375
11  1.63363  3.96492  0.164616
11  1.69646  3.66138  0.14956
11  1.75929  3.49364  0.153313
11  1.82212  3.56651  0.15501
11  1.88496  3.86052  0.166184
11  1.94779  3.23168  0.136132
11  2.01062  3.1465  0.112197
11  2.07345  3.31777  0.139109
11  2.13628  3.48704  0.158815
11  2.19911  3.07317  0.107553
11  2.26195  3.26527  0.16278
11  2.32478  2.79173  0.168781
11  2.38761  3.24866  0.691143
11  2.45044  0  0
11  2.51327  0  0
11  2.57611  0  0
11  2.63894  0  0
11  2.70177  0  0
11  2.7646  0  0
11  2.82743  0  0
11  2.89027  0  0
11  2.9531  0  0
11  3.01593  0  0
11  3.07876  0  0
11.5  0  0  0
11.5  0.0628319  0  0
11.5  0.125664  0  0
11.5  0.188496  0  0
11.5  0.251327  0  0
11.5  0.314159  0  0
11.5  0.376991  0  0
11.5  0.439823  0  0
11.5  0.502655  0  0
11.5  0.565487  0  0
11.5  0.628319  3.58201  1.90829
11.5  0.69115  3.10071  0.198854
11.5  0.753982  3.4254  0.142713
11.5  0.816814  3.22175  0.138682
11.5  0.879646  3.42417  0.122384
11.5  0.942478  3.48848  0.142651
11.5  1.00531  3.63718  0.133399
11.5  1.06814  3.94592  0.147181
11.5  1.13097  3.98635  0.157735
11.5  1.19381  3.90232  0.147308
11.5  1.25664  3.80699  0.169517
11.5  1.31947  3.87887  0.159179
11.5  1.3823  3.9378  0.161283
11.5  1.44513  4.37042  0.223073
11.5  1.50796  3.87149  0.142568
11.5  1.5708  3.81367  0.165564
11.5  1.63363  3.58898  0.124249
11.5  1.69646  3.81336  0.150461
11.5  1.75929  3.60487  0.155147
11.5  1.82212  3.88058  0.177798
11.5  1.88496  3.74329  0.154141
11.5  1.94779  3.68809  0.152779
11.5  2.01062  3.85101  0.154875
11.5  2.07345  3.52233  0.136093
11.5  2.13628  3.58609  0.159077
11.5  2.19911  3.28234  0.123961
11.5  2.26195  3.29164  0.113715
11.5  2.32478  3.13548  0.131095
11.5  2.38761  3.2376  0.251549
11.5  2.45044  4.77445  12.9022
11.5  2.51327  0  0
11.5  2.57611  0  0
11.5  2.63894  0  0
11.5  2.70177  0  0
11.5  2.7646  0  0
11.5  2.82743  0  0
11.5  2.89027  0  0
11.5  2.9531  0  0
11.5  3.01593  0  0
11.5  3.07876  0  0
12  0  0  0
12  0.0628319  0  0
12  0.125664  0  0
12  0.188496  0  0
12  0.251327  0  0
12  0.314159  0  0
12  0.376991  0  0
12  0.439823  0  0
12  0.502655  0  0
12  0.565487  6.66874  48.9342
12  0.628319  2.99117  0.40307
12  0.69115  3.21674  0.17805
12  0.753982  3.09608  0.13915
12  0.816814  3.18078  0.130972
12  0.879646  3.47677  0.141095
12  0.942478  3.41631  0.127316
12  1.00531  3.67308  0.14439
12  1.06814  3.69221  0.154626
12  1.13097  3.64882  0.167885
12  1.19381  3.40307  0.14471
12  1.25664  3.62014  0.151447
12  1.31947  3.93336  0.19192
12  1.3823  3.55542  0.142274
12  1.44513  4.06813  0.184403
12  1.50796  4.05501  0.197145
12  1.5708  3.78071  0.151746
12  1.63363  3.74768  0.148938
12  1.69646  4.07356  0.157345
12  1.75929  3.68796  0.156601
12  1.82212  4.27662  0.175583
12  1.88496  3.87991  0.142736
12  1.94779  3.90365  0.148893
12  2.01062  3.78556  0.144251
12  2.07345  3.34174  0.120255
12  2.13628  3.52324  0.124693
12  2.19911  3.29115  0.140307
12  2.26195  3.7434  0.173778
12  2.32478  3.30947  0.151291
12  2.38761  3.00999  0.209581
12  2.45044  3.16483  0.422303
12  2.51327  0  0
12  2.57611  0  0
12  2.63894  0  0
12  2.70177  0  0
12  2.7646  0  0
12  2.82743  0  0
12  2.89027  0  0
12  2.9531  0  0
12  3.01593  0  0
12  3.07876  0  0
12.5  0  0  0
12.5  0.0628319  0  0
12.5  0.125664  0  0
12.5  0.188496  0  0
12.5  0.251327  0  0
12.5  0.314159  0  0
12.5  0.376991  0  0
12.5  0.439823  0  0
12.5  0.502655  0  0
12.5  0.565487  2.39685  0.726366
12.5  0.628319  3.48718  0.266452
12.5  0.69115  3.15972  0.138244
12.5  0.753982  3.49043  0.164201
12.5  0.816814  3.4967  0.141394
12.5  0.879646  3.77086  0.153493
12.5  0.942478  3.4643  0.134863
12.5  1.00531  3.60724  0.134013
12.5  1.06814  3.82979  0.139873
12.5  1.13097  3.7503  0.15682
12.5  1.19381  3.75497  0.167213
12.5  1.25664  4.14419  0.157485
12.5  1.31947  3.90631  0.200167
12.5  1.3823  4.19269  0.160952
12.5  1.44513  3.89932  0.170365
12.5  1.50796  4.05335  0.177585
12.5  1.5708  4.24702  0.181464
12.5  1.63363  3.95639  0.192812
12.5  1.69646  4.13481  0.182208
12.5  1.75929  4.24232  0.21024
12.5  1.82212  3.68769  0.156775
12.5  1.88496  4.23978  0.200426
12.5  1.94779  3.88717  0.15767
12.5  2.01062  3.8365  0.157883
12.5  2.07345  3.69441  0.159739
12.5  2.13628  3.52413  0.116785
12.5  2.19911  3.71904  0.156201
12.5  2.26195  3.36158  0.150383
12.5  2.32478  3.35877  0.156516
12.5  2.38761  3.13172  0.156988
12.5  2.45044  2.94798  0.193823
12.5  2.51327  5.26157  7.63597
12.5  2.57611  0  0
12.5  2.63894  0  0
12.5  2.70177  0  0
12.5  2.7646  0  0
12.5  2.82743  0  0
12.5  2.89027  0  0
12.5  2.9531  0  0
12.5  3.01593  0  0
12.5  3.07876  0  0
13  0  0  0
13  0.0628319  0  0
13  0.125664  0  0
13  0.188496  0  0
13  0.251327  0  0
13  0.314159  0  0
13  0.376991  0  0
13  0.439823  0  0
13  0.502655  0  0
13  0.565487  2.4907  0.603765
13  0.628319  3.13699  0.17263
13  0.69115  3.15983  0.183641
13  0.753982  3.57289  0.144244
13  0.816814  3.20885  0.115997
13  0.879646  3.44832  0.114108
13  0.942478  3.75685  0.122614
13  1.00531  3.61881  0.149899
13  1.06814  3.48426  0.176685
13  1.13097  3.72656  0.146891
13  1.19381  3.85128  0.14295
13  1.25664  3.80473  0.16917
13  1.31947  3.96217  0.159519
13  1.3823  3.95771  0.151576
13  1.44513  4.15543  0.171545
13  1.50796  3.8923  0.150097
13  1.5708  4.07291  0.154614
13  1.63363  4.06809  0.16678
13  1.69646  3.92429  0.162677
13  1.75929  4.03279  0.178203
13  1.82212  4.08932  0.204458
13  1.88496  3.88159  0.165544
13  1.94779  3.92532  0.171104
13  2.01062  3.91864  0.143174
13  2.07345  3.70911  0.133844
13  2.13628  3.72668  0.139139
13  2.19911  3.64964  0.155115
13  2.26195  3.5338  0.140611
13  2.32478  3.33041  0.148341
13  2.38761  3.53992  0.201046
13  2.45044  3.05775  0.166951
13  2.51327  3.2701  0.902916
13  2.57611  0.248903  2.13154
13  2.63894  0  0
13  2.70177  0  0
13  2.7646  0  0
13  2.82743  0  0
13  2.89027  0  0
13  2.9531  0  0
13  3.01593  0  0
13  3.07876  0  0
13.5  0  0  0
13.5  0.0628319  0  0
13.5  0.125664  0  0
13.5  0.188496  0  0
13.5  0.251327  0  0
13.5  0.314159  0  0
13.5  0.376991  0  0
13.5  0.439823  0  0
13.5  0.502655  2.22291  16.3114
13.5  0.565487  3.11646  0.311497
13.5  0.628319  3.16484  0.176381
13.5  0.69115  3.01077  0.125444
13.5  0.753982  3.36489  0.135078
13.5  0.816814  3.73281  0.138206
13.5  0.879646  3.62047  0.135578
13.5  0.942478  3.86789  0.144114
13.5  1.00531  4.00316  0.154476
13.5  1.06814  3.80948  0.134624
13.5  1.13097  3.98661  0.138982
13.5  1.19381  3.96747  0.166879
13.5  1.25664  4.36033  0.154127
13.5  1.31947  4.15603  0.174394
13.5  1.3823  4.24354  0.204409
13.5  1.44513  4.14665  0.169849
13.5  1.50796  4.1284  0.181839
13.5  1.5708  4.29406  0.192176
13.5  1.63363  4.47653  0.155739
13.5  1.69646  4.18977  0.156538
13.5  1.75929  4.39519  0.176954
13.5  1.82212  3.97502  0.155917
13.5  1.88496  4.11523  0.153818
13.5  1.94779  3.87555  0.149175
13.5  2.01062  4.10351  0.18241
13.5  2.07345  3.78308  0.152452
13.5  2.13628  3.87006  0.154515
13.5  2.19911  3.65114  0.167458
13.5  2.26195  3.36753  0.150025
13.5  2.32478  3.33903  0.148227
13.5  2.38761  3.32107  0.141726
13.5  2.45044  3.26291  0.198968
13.5  2.51327  2.82302  0.235225
13.5  2.57611  0  0
13.5  2.63894  0  0
13.5  2.70177  0  0
13.5  2.7646  0  0
13.5  2.82743  0  0
13.5  2.89027  0  0
13.5  2.9531  0  0
13.5  3.01593  0  0
13.5  3.07876  0  0
14  0  0  0
14  0.0628319  0  0
14  0.125664  0  0
14  0.188496  0  0
14  0.251327  0  0
14  0.314159  0  0
14  0.376991  0  0
14  0.439823  0  0
14  0.502655  6.23179  7.79653
14  0.565487  3.18365  0.214063
14  0.628319  2.9978  0.209106
14  0.69115  3.45766  0.179301
14  0.753982  3.27637  0.158617
14  0.816814  3.51948  0.142106
14  0.879646  3.47193  0.114633
14  0.942478  3.86815  0.138988
14  1.00531  3.7739  0.152797
14  1.06814  3.90942  0.184681
14  1.13097  3.72358  0.145073
14  1.19381  4.03009  0.172156
14  1.25664  4.19592  0.161957
14  1.31947  4.14661  0.17041
14  1.3823  4.27108  0.205761
14  1.44513  4.22112  0.140916
14  1.50796  4.27537  0.183634
14  1.5708  4.09825  0.166165
14  1.63363  4.39928  0.189988
14  1.69646  4.46838  0.153874
14  1.75929  4.16416  0.172813
14  1.82212  4.20059  0.164047
14  1.88496  4.11589  0.178994
14  1.94779  3.81885  0.184942
14  2.01062  3.75412  0.135646
14  2.07345  3.75823  0.158831
14  2.13628  4.08023  0.154258
14  2.19911  3.70654  0.139814
14  2.26195  3.36108  0.127272
14  2.32478  3.22428  0.123231
14  2.38761  3.33045  0.162244
14  2.45044  3.2925  0.20397
14  2.51327  3.62661  0.264271
14  2.57611  28.0484  28.818
14  2.63894  0  0
14  2.70177  0  0
14  2.7646  0  0
14  2.82743  0  0
14  2.89027  0  0
14  2.9531  0  0
14  3.01593  0  0
14  3.07876  0  0
14.5  0  0  0
14.5  0.0628319  0  0
14.5  0.125664  0  0
14.5  0.188496  0  0
14.5  0.251327  0  0
14.5  0.314159  0  0
14.5  0.376991  0  0
14.5  0.439823  0  0
14.5  0.502655  2.2969  0.359016
14.5  0.565487  3.3158  0.230524
14.5  0.628319  3.32777  0.20127
14.5  0.69115  3.44158  0.195283
14.5  0.753982  3.30842  0.124477
14.5  0.816814  3.87539  0.154968
14.5  0.879646  3.95936  0.166801
14.5  0.942478  4.07117  0.160448
14.5  1.00531  4.01218  0.130569
14.5  1.06814  3.96166  0.153315
14.5  1.13097  4.18216  0.13789
14.5  1.19381  3.92851  0.162482
14.5  1.25664  4.32487  0.183205
14.5  1.31947  4.08112  0.178537
14.5  1.3823  4.59414  0.186547
14.5  1.44513  4.33141  0.176323
14.5  1.50796  4.5105  0.175676
14.5  1.5708  4.39153  0.175578
14.5  1.63363  4.25211  0.184464
14.5  1.69646  4.08192  0.16205
14.5  1.75929  4.34421  0.186151
14.5  1.82212  4.15702  0.169159
14.5  1.88496  4.24704  0.152018
14.5  1.94779  3.86325  0.183641
14.5  2.01062  4.15912  0.162579
14.5  2.07345  3.94628  0.147085
14.5  2.13628  3.7332  0.154983
14.5  2.19911  3.79799  0.143091
14.5  2.26195  3.92728  0.172769
14.5  2.32478  3.643  0.151218
14.5  2.38761  3.14891  0.185214
14.5  2.45044  3.1279  0.226307
14.5  2.51327  3.13842  0.222524
14.5  2.57611  3.85976  1.03394
14.5  2.63894  0  0
14.5  2.70177  0  0
14.5  2.7646  0  0
14.5  2.82743  0  0
14.5  2.89027  0  0
14.5  2.9531  0  0
14.5  3.01593  0  0
14.5  3.07876  0  0
15  0  0  0
15  0.0628319  0  0
15  0.125664  0  0
15  0.188496  0  0
15  0.251327  0  0
15  0.314159  0  0
15  0.376991  0  0
15  0.439823  0.247646  1.9136
15  0.502655  2.91776  0.498118
15  0.565487  2.84334  0.1801
15  0.628319  3.07273  0.149361
15  0.69115  3.56056  0.173335
15  0.753982  3.52734  0.132439
15  0.816814  3.81277  0.156941
15  0.879646  3.67994  0.155064
15  0.942478  3.80618  0.166354
15  1.00531  4.0012  0.146984
15  1.06814  3.91278  0.14331
15  1.13097  4.25154  0.15487
15  1.19381  4.12609  0.167141
15  1.25664  4.15225  0.159442
15  1.31947  4.07159  0.177148
15  1.3823  4.06535  0.153674
15  1.44513  4.44652  0.190497
15  1.50796  4.44424  0.185723
15  1.5708  4.45764  0.18357
15  1.63363  4.08837  0.168097
15  1.69646  4.83044  0.235451
15  1.75929  4.62228  0.219589
15  1.82212  4.10444  0.193052
15  1.88496  4.2121  0.199093
15  1.94779  4.50741  0.181118
15  2.01062  3.8054  0.180825
15  2.07345  3.92085  0.139189
15  2.13628  3.89143  0.138967
15  2.19911  4.01872  0.142129
15  2.26195  3.67022  0.13558
15  2.32478  3.73987  0.178609
15  2.38761  3.3675  0.151947
15  2.45044  3.33828  0.208277
15  2.51327  3.56568  0.328736
15  2.57611  2.36088  0.335849
15  2.63894  0  0
15  2.70177  0  0
15  2.7646  0  0
15  2.82743  0  0
15  2.89027  0  0
15  2.9531  0  0
15  3.01593  0  0
15  3.07876  0  0
15.5  0  0  0
15.5  0.0628319  0  0
15.5  0.125664  0  0
15.5  0.188496  0  0
15.5  0.251327  0  0
15.5  0.314159  0  0
15.5  0.376991  0  0
15.5  0.439823  4.44582  32.6228
15.5  0.502655  3.27224  0.357931
15.5  0.565487  3.18261  0.214073
15.5  0.628319  3.39935  0.171868
15.5  0.69115  3.64229  0.170501
15.5  0.753982  3.50182  0.120608
15.5  0.816814  3.63535  0.129221
15.5  0.879646  3.95959  0.140314
15.5  0.942478  3.87403  0.130828
15.5  1.00531  4.00301  0.168418
15.5  1.06814  4.04979  0.177007
15.5  1.13097  4.33947  0.142605
15.5  1.19381  4.21832  0.174649
15.5  1.25664  4.15743  0.158815
15.5  1.31947  4.19174  0.148872
15.5  1.3823  4.66921  0.171984
15.5  1.44513  4.29468  0.171454
15.5  1.50796  4.48138  0.164171
15.5  1.5708  4.63161  0.19148
15.5  1.63363  4.32749  0.154353
15.5  1.69646  4.37619  0.234879
15.5  1.75929  4.42549  0.197858
15.5  1.82212  4.247  0.156575
15.5  1.88496  4.25888  0.179245
15.5  1.94779  4.06095  0.140129
15.5  2.01062  4.2142  0.136695
15.5  2.07345  4.18905  0.158848
15.5  2.13628  3.90965  0.138745
15.5  2.19911  4.03423  0.158396
15.5  2.26195  3.5976  0.131285
15.5  2.32478  3.42669  0.162681
15.5  2.38761  3.2349  0.151631
15.5  2.45044  3.13124  0.173217
15.5  2.51327  2.97147  0.210108
15.5  2.57611  3.44528  0.381357
15.5  2.63894  0.247646  1.9136
15.5  2.70177  0  0
15.5  2.7646  0  0
15.5  2.82743  0  0
15.5  2.89027  0  0
15.5  2.9531  0  0
15.5  3.01593  0  0
15.5  3.07876  0  0
16  0  0  0
16  0.0628319  0  0
16  0.125664  0  0
16  0.188496  0  0
16  0.251327  0  0
16  0.314159  0  0
16  0.376991  0  0
16  0.439823  1.67414  0.746203
16  0.502655  3.06836  0.246387
16  0.565487  3.06269  0.248198
16  0.628319  3.51571  0.221115
16  0.69115  3.44698  0.1598
16  0.753982  3.90505  0.167252
16  0.816814  3.85397  0.121513
16  0.879646  3.71425  0.114296
16  0.942478  3.96958  0.144421
16  1.00531  4.32667  0.148769
16  1.06814  4.23905  0.160164
16  1.13097  4.44354  0.188197
16  1.19381  4.05829  0.137995
16  1.25664  4.94736  0.222195
16  1.31947  4.48919  0.173926
16  1.3823  4.49662  0.185532
16  1.44513  4.19847  0.147301
16  1.50796  4.79311  0.188525
16  1.5708  4.21271  0.175807
16  1.63363  4.66449  0.186537
16  1.69646  4.49986  0.179477
16  1.75929  4.73057  0.20722
16  1.82212  4.53635  0.185258
16  1.88496  4.17197  0.188155
16  1.94779  4.52472  0.17797
16  2.01062  4.43168  0.154654
16  2.07345  4.12005  0.145917
16  2.13628  4.04023  0.141617
16  2.19911  4.07418  0.160385
16  2.26195  3.62196  0.147453
16  2.32478  3.60556  0.164051
16  2.38761  3.26665  0.141443
16  2.45044  3.38317  0.191818
16  2.51327  2.91464  0.224323
16  2.57611  3.54726  0.369639
16  2.63894  11.5162  18.2209
16  2.70177  0  0
16  2.7646  0  0
16  2.82743  0  0
16  2.89027  0  0
16  2.9531  0  0
16  3.01593  0  0
16  3.07876  0  0
16.5  0  0  0
16.5  0.0628319  0  0
16.5  0.125664  0  0
16.5  0.188496  0  0
16.5  0.251327  0  0
16.5  0.314159  0  0
16.5  0.376991  0  0
16.5  0.439823  3.74926  1.8436
16.5  0.502655  3.10879  0.296577
16.5  0.565487  3.21871  0.247637
16.5  0.628319  3.66442  0.236139
16.5  0.69115  3.49769  0.148581
16.5  0.753982  3.66491  0.140794
16.5  0.816814  3.80734  0.135361
16.5  0.879646  4.0932  0.169153
16.5  0.942478  4.16662  0.146449
16.5  1.00531  4.42662  0.182377
16.5  1.06814  4.24159  0.158831
16.5  1.13097  4.72081  0.169771
16.5  1.19381  4.31913  0.179492
16.5  1.25664  4.54151  0.164098
16.5  1.31947  4.92157  0.186195
16.5  1.3823  4.76419  0.210714
16.5  1.44513  4.26682  0.191763
16.5  1.50796  4.33827  0.189831
16.5  1.5708  4.64283  0.195072
16.5  1.63363  5.25213  0.225568
16.5  1.69646  4.5967  0.217683
16.5  1.75929  4.82033  0.195853
16.5  1.82212  4.84403  0.210834
16.5  1.88496  4.47675  0.174949
16.5  1.94779  4.26272  0.166178
16.5  2.01062  4.41143  0.167011
16.5  2.07345  4.31092  0.20334
16.5  2.13628  4.03138  0.155427
16.5  2.19911  4.04073  0.15591
16.5  2.26195  3.76513  0.146643
16.5  2.32478  3.88639  0.166223
16.5  2.38761  3.56274  0.156751
16.5  2.45044  3.10009  0.199697
16.5  2.51327  3.52571  0.280074
16.5  2.57611  2.94169  0.22162
16.5  2.63894  31.4632  25.6392
16.5  2.70177  0  0
16.5  2.7646  0  0
16.5  2.82743  0  0
16.5  2.89027  0  0
16.5  2.9531  0  0
16.5  3.01593  0  0
16.5  3.07876  0  0
17  0  0  0
17  0.0628319  0  0
17  0.125664  0  0
17  0.188496  0  0
17  0.251327  0  0
17  0.314159  0  0
17  0.376991  0  0
17  0.439823  3.75357  0.564501
17  0.502655  3.11654  0.257177
17  0.565487  3.82514  0.32312
17  0.628319  3.35876  0.199906
17  0.69115  3.69727  0.173903
17  0.753982  3.71658  0.168666
17  0.816814  4.05929  0.15841
17  0.879646  3.82167  0.153632
17  0.942478  4.2723  0.176388
17  1.00531  4.25985  0.147008
17  1.06814  4.08638  0.146899
17  1.13097  4.24521  0.198658
17  1.19381  4.8507  0.215299
17  1.25664  4.0954  0.162521
17  1.31947  4.73205  0.202455
17  1.3823  4.83055  0.183331
17  1.44513  4.74588  0.172189
17  1.50796  4.4701  0.195352
17  1.5708  5.04163  0.182534
17  1.63363  4.65376  0.201084
17  1.69646  4.84635  0.214666
17  1.75929  4.70027  0.195457
17  1.82212  4.38123  0.188204
17  1.88496  4.77228  0.17964
17  1.94779  4.14254  0.195026
17  2.01062  4.32216  0.165385
17  2.07345  4.20357  0.172859
17  2.13628  4.05408  0.138629
17  2.19911  3.9815  0.139759
17  2.26195  3.95686  0.147275
17  2.32478  3.86916  0.15529
17  2.38761  3.60681  0.193705
17  2.45044  3.03261  0.198779
17  2.51327  3.23557  0.259756
17  2.57611  3.25302  0.300513
17  2.63894  2.71138  0.503345
17  2.70177  0  0
17  2.7646  0  0
17  2.82743  0  0
17  2.89027  0  0
17  2.9531  0  0
17  3.01593  0  0
17  3.07876  0  0
17.5  0  0  0
17.5  0.0628319  0  0
17.5  0.125664  0  0
17.5  0.188496  0  0
17.5  0.251327  0  0
17.5  0.314159  0  0
17.5  0.376991  0  0
17.5  0.439823  2.79873  0.432806
17.5  0.502655  3.43598  0.261705
17.5  0.565487  3.17613  0.22856
17.5  0.628319  3.55039  0.282932
17.5  0.69115  3.69023  0.191409
17.5  0.753982  3.6982  0.130882
17.5  0.816814  3.65621  0.141504
17.5  0.879646  3.90716  0.1423
17.5  0.942478  4.21298  0.151366
17.5  1.00531  4.12512  0.145549
17.5  1.06814  4.43382  0.151294
17.5  1.13097  4.28098  0.179417
17.5  1.19381  4.80932  0.21829
17.5  1.25664  4.96717  0.213055
17.5  1.31947  4.58665  0.169245
17.5  1.3823  4.90154  0.212607
17.5  1.44513  4.9114  0.162434
17.5  1.50796  4.88822  0.209789
17.5  1.5708  4.64588  0.200425
17.5  1.63363  4.59337  0.193089
17.5  1.69646  4.60069  0.184513
17.5  1.75929  5.05704  0.203262
17.5  1.82212  4.52326  0.182149
17.5  1.88496  4.57942  0.187585
17.5  1.94779  4.27421  0.190025
17.5  2.01062  4.46941  0.174718
17.5  2.07345  4.36338  0.159066
17.5  2.13628  4.28895  0.158348
17.5  2.19911  3.89351  0.153923
17.5  2.26195  3.61413  0.142517
17.5  2.32478  4.20345  0.181766
17.5  2.38761  3.59179  0.140863
17.5  2.45044  3.44281  0.214765
17.5  2.51327  3.56771  0.222059
17.5  2.57611  2.98097  0.265333
17.5  2.63894  3.32154  0.53786
17.5  2.70177  0  0
17.5  2.7646  0  0
17.5  2.82743  0  0
17.5  2.89027  0  0
17.5  2.9531  0  0
17.5  3.01593  0  0
17.5  3.07876  0  0
18  0  0  0
18  0.0628319  0  0
18  0.125664  0  0
18  0.188496  0  0
18  0.251327  0  0
18  0.314159  0  0
18  0.376991  2.22291  16.3114
18  0.439823  3.17392  0.4412
18  0.502655  3.42822  0.309152
18  0.565487  3.07492  0.209499
18  0.628319  3.62034  0.223763
18  0.69115  3.54831  0.205181
18  0.753982  3.84026  0.165111
18  0.816814  4.0043  0.126598
18  0.879646  4.11071  0.147766
18  0.942478  3.96382  0.176998
18  1.00531  4.43349  0.211124
18  1.06814  4.82834  0.206091
18  1.13097  4.47617  0.165108
18  1.19381  4.31524  0.162492
18  1.25664  4.50535  0.179463
18  1.31947  4.64038  0.241092
18  1.3823  4.67044  0.20504
18  1.44513  5.21201  0.223882
18  1.50796  5.05484  0.2236
18  1.5708  4.28899  0.182609
18  1.63363  4.72234  0.203426
18  1.69646  4.96313  0.197925
18  1.75929  4.92655  0.184032
18  1.82212  5.2683  0.199066
18  1.88496  4.64629  0.19883
18  1.94779  4.55794  0.183934
18  2.01062  4.33996  0.158401
18  2.07345  4.30818  0.142468
18  2.13628  4.09485  0.17084
18  2.19911  4.11296  0.14157
18  2.26195  3.75565  0.159605
18  2.32478  3.65774  0.165125
18  2.38761  3.89077  0.199934
18  2.45044  3.56391  0.190525
18  2.51327  3.22332  0.26034
18  2.57611  3.30995  0.306832
18  2.63894  4.14154  0.958539
18  2.70177  0  0
18  2.7646  0  0
18  2.82743  0  0
18  2.89027  0  0
18  2.9531  0  0
18  3.01593  0  0
18  3.07876  0  0
18.5  0  0  0
18.5  0.0628319  0  0
18.5  0.125664  0  0
18.5  0.188496  0  0
18.5  0.251327  0  0
18.5  0.314159  0  0
18.5  0.376991  1.11146  8.15571
18.5  0.439823  3.49408  0.59666
18.5  0.502655  3.2574  0.249311
18.5  0.565487  3.34133  0.243416
18.5  0.628319  3.92471  0.247702
18.5  0.69115  3.70268  0.202841
18.5  0.753982  3.88492  0.131769
18.5  0.816814  3.7914  0.153852
18.5  0.879646  4.06261  0.148169
18.5  0.942478  4.15314  0.182034
18.5  1.00531  4.58039  0.179845
18.5  1.06814  4.55933  0.18304
18.5  1.13097  4.57185  0.190997
18.5  1.19381  4.96647  0.208605
18.5  1.25664  4.71971  0.183309
18.5  1.31947  4.39846  0.173675
18.5  1.3823  5.11531  0.199743
18.5  1.44513  5.5364  0.195717
18.5  1.50796  5.18183  0.244159
18.5  1.5708  5.41981  0.270876
18.5  1.63363  5.40011  0.215753
18.5  1.69646  4.77639  0.174097
18.5  1.75929  5.13547  0.235377
18.5  1.82212  4.84785  0.208563
18.5  1.88496  4.71938  0.173456
18.5  1.94779  5.31182  0.20046
18.5  2.01062  5.17972  0.188059
18.5  2.07345  4.32435  0.181235
18.5  2.13628  4.11342  0.154097
18.5  2.19911  4.20032  0.162823
18.5  2.26195  3.99956  0.157868
18.5  2.32478  3.89113  0.155163
18.5  2.38761  3.92812  0.199827
18.5  2.45044  3.61419  0.157961
18.5  2.51327  3.29389  0.216706
18.5  2.57611  3.52915  0.309806
18.5  2.63894  2.88723  0.41927
18.5  2.70177  28.2839  14.1741
18.5  2.7646  0  0
18.5  2.82743  0  0
18.5  2.89027  0  0
18.5  2.9531  0  0
18.5  3.01593  0  0
18.5  3.07876  0  0
19  0  0  0
19  0.0628319  0  0
19  0.125664  0  0
19  0.188496  0  0
19  0.251327  0  0
19  0.314159  0.250138  2.26611
19  0.376991  8.41143  11.2264
19  0.439823  2.96965  0.408566
19  0.502655  3.57955  0.329834
19  0.565487  3.30947  0.242396
19  0.628319  3.85377  0.233535
19  0.69115  3.97941  0.292123
19  0.753982  4.33328  0.182191
19  0.816814  4.17065  0.174939
19  0.879646  4.5057  0.168858
19  0.942478  4.41957  0.168387
19  1.00531  4.68419  0.162386
19  1.06814  4.86646  0.184326
19  1.13097  4.84809  0.181468
19  1.19381  4.80754  0.200951
19  1.25664  4.91143  0.220349
19  1.31947  5.27768  0.248438
19  1.3823  5.53264  0.238596
19  1.44513  5.25255  0.227813
19  1.50796  5.03695  0.18174
19  1.5708  4.94092  0.253636
19  1.63363  5.25475  0.217854
19  1.69646  4.79726  0.179557
19  1.75929  4.91924  0.191235
19  1.82212  5.03325  0.194308
19  1.88496  4.93888  0.180153
19  1.94779  4.59003  0.16931
19  2.01062  4.47436  0.151304
19  2.07345  4.44633  0.158231
19  2.13628  4.71004  0.187204
19  2.19911  4.21088  0.153687
19  2.26195  4.15054  0.150058
19  2.32478  4.10873  0.195875
19  2.38761  3.57316  0.161686
19  2.45044  3.70132  0.210515
19  2.51327  3.43661  0.363831
19  2.57611  3.44483  0.365239
19  2.63894  4.46859  1.26781
19  2.70177  1.25848  0.377618
19  2.7646  0  0
19  2.82743  0  0
19  2.89027  0  0
19  2.9531  0  0
19  3.01593  0  0
19  3.07876  0  0
19.5  0  0  0
19.5  0.0628319  0  0
19.5  0.125664  0  0
19.5  0.188496  0  0
19.5  0.251327  0  0
19.5  0.314159  0  0
19.5  0.376991  3.61595  1.27644
19.5  0.439823  2.67286  0.329705
19.5  0.502655  3.31916  0.256227
19.5  0.565487  3.58197  0.265821
19.5  0.628319  3.7188  0.206124
19.5  0.69115  3.67573  0.169097
19.5  0.753982  3.85494  0.154117
19.5  0.816814  4.29113  0.147342
19.5  0.879646  4.18478  0.13189
19.5  0.942478  4.46064  0.163382
19.5  1.00531  4.40399  0.152051
19.5  1.06814  4.8195  0.182509
19.5  1.13097  4.91099  0.201216
19.5  1.19381  5.1182  0.214788
19.5  1.25664  5.00431  0.176334
19.5  1.31947  5.16246  0.220378
19.5  1.3823  5.57779  0.231384
19.5  1.44513  5.00403  0.230156
19.5  1.50796  5.37213  0.207781
19.5  1.5708  5.16612  0.209924
19.5  1.63363  5.03146  0.181496
19.5  1.69646  4.88937  0.178785
19.5  1.75929  4.79614  0.188988
19.5  1.82212  5.19108  0.228178
19.5  1.88496  5.16805  0.23891
19.5  1.94779  5.07361  0.196298
19.5  2.01062  4.91659  0.178336
19.5  2.07345  4.59103  0.173671
19.5  2.13628  4.53932  0.152113
19.5  2.19911  4.56912  0.159281
19.5  2.26195  4.21014  0.141116
19.5  2.32478  4.00028  0.14655
19.5  2.38761  3.90352  0.162322
19.5  2.45044  3.75753  0.203544
19.5  2.51327  3.31788  0.180783
19.5  2.57611  3.01364  0.226469
19.5  2.63894  4.25479  0.743302
19.5  2.70177  3.51695  1.19156
19.5  2.7646  0  0
19.5  2.82743  0  0
19.5  2.89027  0  0
19.5  2.9531  0  0
19.5  3.01593  0  0
19.5  3.07876  0  0
20  0  0  0
20  0.0628319  0  0
20  0.125664  0  0
20  0.188496  0  0
20  0.251327  0  0
20  0.314159  0  0
20  0.376991  5.88004  5.99759
20  0.439823  3.59252  0.41904
20  0.502655  3.37198  0.282794
20  0.565487  3.33189  0.197974
20  0.628319  3.6443  0.223523
20  0.69115  4.02229  0.198792
20  0.753982  4.25042  0.157515
20  0.816814  4.06662  0.151603
20  0.879646  4.37042  0.159246
20  0.942478  4.63885  0.168103
20  1.00531  4.6914  0.17091
20  1.06814  4.86059  0.207769
20  1.13097  4.82831  0.193472
20  1.19381  4.50467  0.167149
20  1.25664  5.13225  0.204213
20  1.31947  5.07138  0.211685
20  1.3823  5.0502  0.194156
20  1.44513  5.05126  0.198243
20  1.50796  5.15251  0.206443
20  1.5708  5.47074  0.231219
20  1.63363  5.19068  0.204571
20  1.69646  5.23561  0.224763
20  1.75929  4.88702  0.223357
20  1.82212  4.69173  0.189541
20  1.88496  4.61113  0.189471
20  1.94779  5.28816  0.230634
20  2.01062  4.71158  0.174253
20  2.07345  4.45771  0.163437
20  2.13628  4.49672  0.184136
20  2.19911  4.36984  0.172525
20  2.26195  4.4224  0.169443
20  2.32478  3.95265  0.146858
20  2.38761  3.89555  0.185565
20  2.45044  3.74115  0.199617
20  2.51327  3.45029  0.217021
20  2.57611  2.96603  0.276392
20  2.63894  3.14595  0.323507
20  2.70177  1.73835  0.474375
20  2.7646  0  0
20  2.82743  0  0
20  2.89027  0  0
20  2.9531  0  0
20  3.01593  0  0
20  3.07876  0  0
20.5  0  0  0
20.5  0.0628319  0  0
20.5  0.125664  0  0
20.5  0.188496  0  0
20.5  0.251327  0  0
20.5  0.314159  0  0
20.5  0.376991  2.31665  0.438191
20.5  0.439823  3.25618  0.370143
20.5  0.502655  3.96297  0.326951
20.5  0.565487  3.52703  0.237723
20.5  0.628319  3.68929  0.238423
20.5  0.69115  3.58725  0.171605
20.5  0.753982  4.34718  0.196913
20.5  0.816814  3.90722  0.140408
20.5  0.879646  4.51296  0.14638
20.5  0.942478  4.84924  0.188794
20.5  1.00531  4.67984  0.167419
20.5  1.06814  4.68853  0.178845
20.5  1.13097  4.87459  0.195299
20.5  1.19381  5.05918  0.215776
20.5  1.25664  5.13602  0.206108
20.5  1.31947  5.23134  0.213741
20.5  1.3823  5.66161  0.234355
20.5  1.44513  5.05386  0.231382
20.5  1.50796  5.54929  0.244674
20.5  1.5708  5.38355  0.211855
20.5  1.63363  5.31841  0.212747
20.5  1.69646  5.53475  0.229004
20.5  1.75929  5.47412  0.233871
20.5  1.82212  5.24078  0.229019
20.5  1.88496  5.29387  0.214263
20.5  1.94779  5.02417  0.170784
20.5  2.01062  5.0942  0.226678
20.5  2.07345  4.84033  0.181817
20.5  2.13628  4.45198  0.197195
20.5  2.19911  4.59007  0.170931
20.5  2.26195  4.29214  0.149129
20.5  2.32478  4.3049  0.196203
20.5  2.38761  4.11962  0.225769
20.5  2.45044  3.69332  0.197212
20.5  2.51327  3.91955  0.250431
20.5  2.57611  2.62687  0.218054
20.5  2.63894  2.1455  0.458063
20.5  2.70177  22.1389  20.1429
20.5  2.7646  0  0
20.5  2.82743  0  0
20.5  2.89027  0  0
20.5  2.9531  0  0
20.5  3.01593  0  0
20.5  3.07876  0  0
21  0  0  0
21  0.0628319  0  0
21  0.125664  0  0
21  0.188496  0  0
21  0.251327  0  0
21  0.314159  0  0
21  0.376991  2.67087  0.417605
21  0.439823  3.31119  0.491678
21  0.502655  3.28517  0.21709
21  0.565487  3.0589  0.200495
21  0.628319  3.76332  0.182392
21  0.69115  3.82898  0.167137
21  0.753982  3.96698  0.131345
21  0.816814  4.06624  0.161643
21  0.879646  4.45693  0.178112
21  0.942478  4.59986  0.176463
21  1.00531  5.01189  0.180433
21  1.06814  5.05392  0.18932
21  1.13097  5.14111  0.204685
21  1.19381  5.29588  0.195556
21  1.25664  5.41273  0.195654
21  1.31947  5.04233  0.19824
21  1.3823  5.39334  0.203051
21  1.44513  5.27175  0.213779
21  1.50796  5.09466  0.221367
21  1.5708  5.77796  0.21378
21  1.63363  5.53495  0.269602
21  1.69646  5.24751  0.239513
21  1.75929  5.41786  0.245019
21  1.82212  5.40493  0.237741
21  1.88496  5.02111  0.201235
21  1.94779  5.20014  0.204933
21  2.01062  4.71298  0.170506
21  2.07345  4.72134  0.195899
21  2.13628  4.85809  0.205134
21  2.19911  4.36021  0.153931
21  2.26195  4.2069  0.131076
21  2.32478  4.2555  0.181302
21  2.38761  4.1653  0.192283
21  2.45044  3.78301  0.235183
21  2.51327  3.69739  0.255567
21  2.57611  3.78007  0.290917
21  2.63894  3.17362  0.449303
21  2.70177  2.93317  0.479186
21  2.7646  0  0
21  2.82743  0  0
21  2.89027  0  0
21  2.9531  0  0
21  3.01593  0  0
21  3.07876  0  0
21.5  0  0  0
21.5  0.0628319  0  0
21.5  0.125664  0  0
21.5  0.188496  0  0
21.5  0.251327  0  0
21.5  0.314159  0  0
21.5  0.376991  3.12106  0.761662
21.5  0.439823  3.42015  0.359426
21.5  0.502655  3.11407  0.263591
21.5  0.565487  3.60372  0.217281
21.5  0.628319  3.66167  0.211103
21.5  0.69115  3.90975  0.164885
21.5  0.753982  4.07354  0.159819
21.5  0.816814  4.39962  0.152319
21.5  0.879646  4.47278  0.173604
21.5  0.942478  4.72952  0.185493
21.5  1.00531  4.7796  0.163135
21.5  1.06814  5.03892  0.192132
21.5  1.13097  5.06865  0.248209
21.5  1.19381  4.95525  0.169207
21.5  1.25664  5.3406  0.201752
21.5  1.31947  5.47753  0.239717
21.5  1.3823  5.29894  0.227917
21.5  1.44513  5.66162  0.236876
21.5  1.50796  5.52191  0.200131
21.5  1.5708  5.37794  0.212627
21.5  1.63363  5.86588  0.240117
21.5  1.69646  5.57436  0.215589
21.5  1.75929  5.44189  0.200414
21.5  1.82212  5.72836  0.294174
21.5  1.88496  5.24311  0.213766
21.5  1.94779  5.13166  0.21197
21.5  2.01062  5.34284  0.229487
21.5  2.07345  4.86268  0.194544
21.5  2.13628  4.45037  0.173474
21.5  2.19911  4.36757  0.150366
21.5  2.26195  4.65788  0.179426
21.5  2.32478  4.05314  0.184391
21.5  2.38761  3.67691  0.212917
21.5  2.45044  3.60774  0.192047
21.5  2.51327  3.40058  0.201588
21.5  2.57611  3.32614  0.281828
21.5  2.63894  3.46038  0.422321
21.5  2.70177  1.63814  0.367605
21.5  2.7646  0  0
21.5  2.82743  0  0
21.5  2.89027  0  0
21.5  2.9531  0  0
21.5  3.01593  0  0
21.5  3.07876  0  0
22  0  0  0
22  0.0628319  0  0
22  0.125664  0  0
22  0.188496  0  0
22  0.251327  0  0
22  0.314159  0.252745  1.76779
22  0.376991  3.67782  0.902199
22  0.439823  3.28611  0.345811
22  0.502655  3.10607  0.319478
22  0.565487  3.43199  0.192317
22  0.628319  3.93694  0.274904
22  0.69115  3.73962  0.152844
22  0.753982  3.76727  0.14067
22  0.816814  4.32186  0.158818
22  0.879646  4.57357  0.164599
22  0.942478  4.56175  0.170885
22  1.00531  4.87081  0.177067
22  1.06814  5.37451  0.217878
22  1.13097  5.29453  0.197921
22  1.19381  4.74064  0.213823
22  1.25664  5.18828  0.220821
22  1.31947  5.05603  0.175762
22  1.3823  5.39489  0.209753
22  1.44513  5.49037  0.237706
22  1.50796  5.28573  0.237511
22  1.5708  4.95268  0.197945
22  1.63363  5.6303  0.251623
22  1.69646  5.42578  0.212104
22  1.75929  5.03695  0.255883
22  1.82212  5.56723  0.226402
22  1.88496  5.34905  0.20977
22  1.94779  4.77532  0.174092
22  2.01062  4.81608  0.176489
22  2.07345  4.7814  0.156576
22  2.13628  4.79024  0.159628
22  2.19911  4.35267  0.155822
22  2.26195  4.47159  0.158848
22  2.32478  4.18372  0.15436
22  2.38761  3.9723  0.174346
22  2.45044  3.8994  0.240346
22  2.51327  4.05322  0.300058
22  2.57611  4.12256  0.299868
22  2.63894  2.77302  0.240452
22  2.70177  3.22061  0.490759
22  2.7646  0  0
22  2.82743  0  0
22  2.89027  0  0
22  2.9531  0  0
22  3.01593  0  0
22  3.07876  0  0
22.5  0  0  0
22.5  0.0628319  0  0
22.5  0.125664  0  0
22.5  0.188496  0  0
22.5  0.251327  0  0
22.5  0.314159  0.252745  1.76779
22.5  0.376991  2.9891  0.74799
22.5  0.439823  4.07331  0.486381
22.5  0.502655  3.02632  0.310317
22.5  0.565487  3.36132  0.259243
22.5  0.628319  3.94985  0.213648
22.5  0.69115  3.90605  0.163371
22.5  0.753982  4.37315  0.178687
22.5  0.816814  4.49555  0.153432
22.5  0.879646  4.48809  0.161516
22.5  0.942478  4.86648  0.2009
22.5  1.00531  5.13698  0.225069
22.5  1.06814  5.36178  0.196866
22.5  1.13097  5.59618  0.255847
22.5  1.19381  5.80981  0.235351
22.5  1.25664  5.22795  0.233584
22.5  1.31947  5.24088  0.191927
22.5  1.3823  5.93439  0.240416
22.5  1.44513  5.36273  0.205455
22.5  1.50796  5.20194  0.183174
22.5  1.5708  5.62915  0.27559
22.5  1.63363  5.72854  0.236595
22.5  1.69646  5.86285  0.25235
22.5  1.75929  5.09546  0.213254
22.5  1.82212  5.6376  0.239051
22.5  1.88496  5.06579  0.239406
22.5  1.94779  5.1606  0.173299
22.5  2.01062  5.21937  0.181672
22.5  2.07345  4.96999  0.181362
22.5  2.13628  5.10808  0.215837
22.5  2.19911  4.62372  0.16204
22.5  2.26195  4.47629  0.150964
22.5  2.32478  4.36926  0.182517
22.5  2.38761  4.17461  0.197764
22.5  2.45044  3.59292  0.208468
22.5  2.51327  4.17828  0.245695
22.5  2.57611  3.23087  0.310172
22.5  2.63894  2.70627  0.254693
22.5  2.70177  3.27274  0.864524
22.5  2.7646  1.11146  8.1557
22.5  2.82743  0  0
22.5  2.89027  0  0
22.5  2.9531  0  0
22.5  3.01593  0  0
22.5  3.07876  0  0
23  0  0  0
23  0.0628319  0  0
23  0.125664  0  0
23  0.188496  0  0
23  0.251327  0  0
23  0.314159  3.33437  24.4671
23  0.376991  2.83684  0.735473
23  0.439823  3.41604  0.299521
23  0.502655  4.29887  0.537159
23  0.565487  3.63913  0.245021
23  0.628319  3.71296  0.178327
23  0.69115  4.08982  0.176337
23  0.753982  4.30666  0.176176
23  0.816814  4.67706  0.190943
23  0.879646  4.68995  0.164696
23  0.942478  4.87772  0.187201
23  1.00531  4.80225  0.187523
23  1.06814  5.20221  0.174777
23  1.13097  5.09296  0.185502
23  1.19381  5.23849  0.203169
23  1.25664  5.52237  0.226668
23  1.31947  5.55007  0.219366
23  1.3823  5.43533  0.211364
23  1.44513  5.05838  0.224085
23  1.50796  5.54725  0.255152
23  1.5708  5.50939  0.23336
23  1.63363  5.36264  0.196612
23  1.69646  5.10949  0.198112
23  1.75929  5.12839  0.190726
23  1.82212  5.33327  0.192904
23  1.88496  5.10623  0.225882
23  1.94779  5.45745  0.202959
23  2.01062  5.17582  0.189992
23  2.07345  4.69343  0.206484
23  2.13628  4.55188  0.155076
23  2.19911  5.04348  0.179277
23  2.26195  4.90271  0.209131
23  2.32478  4.01699  0.152492
23  2.38761  4.01468  0.164757
23  2.45044  4.09685  0.211534
23  2.51327  3.73056  0.24754
23  2.57611  3.36477  0.277141
23  2.63894  2.9112  0.236993
23  2.70177  4.50831  1.60044
23  2.7646  0.252745  1.76779
23  2.82743  0  0
23  2.89027  0  0
23  2.9531  0  0
23  3.01593  0  0
23  3.07876  0  0
23.5  0  0  0
23.5  0.0628319  0  0
23.5  0.125664  0  0
23.5  0.188496  0  0
23.5  0.251327  0  0
23.5  0.314159  1.11146  8.15571
23.5  0.376991  0.459336  22.3148
23.5  0.439823  3.82883  0.421795
23.5  0.502655  3.68429  0.451648
23.5  0.565487  3.28199  0.199873
23.5  0.628319  3.6847  0.172844
23.5  0.69115  4.41832  0.224751
23.5  0.753982  4.04269  0.157589
23.5  0.816814  4.8492  0.17612
23.5  0.879646  4.68892  0.141806
23.5  0.942478  4.83409  0.174827
23.5  1.00531  5.32146  0.22138
23.5  1.06814  5.2898  0.20579
23.5  1.13097  5.47855  0.215987
23.5  1.19381  5.17344  0.232666
23.5  1.25664  5.69031  0.22763
23.5  1.31947  5.74663  0.249248
23.5  1.3823  5.28679  0.204918
23.5  1.44513  5.30461  0.248362
23.5  1.50796  5.37332  0.194761
23.5  1.5708  5.8483  0.212267
23.5  1.63363  5.50568  0.222594
23.5  1.69646  5.7654  0.296033
23.5  1.75929  5.32359  0.287325
23.5  1.82212  5.22737  0.222644
23.5  1.88496  5.09716  0.22482
23.5  1.94779  5.26182  0.222048
23.5  2.01062  5.35022  0.201776
23.5  2.07345  5.00307  0.214584
23.5  2.13628  5.14786  0.187521
23.5  2.19911  4.60948  0.14385
23.5  2.26195  4.60776  0.170575
23.5  2.32478  4.70333  0.181118
23.5  2.38761  4.27242  0.193525
23.5  2.45044  4.36429  0.239657
23.5  2.51327  3.80662  0.217849
23.5  2.57611  3.17369  0.360885
23.5  2.63894  3.79308  0.383212
23.5  2.70177  5.50332  1.87814
23.5  2.7646  41.0486  21.0958
23.5  2.82743  0  0
23.5  2.89027  0  0
23.5  2.9531  0  0
23.5  3.01593  0  0
23.5  3.07876  0  0
24  0  0  0
24  0.0628319  0  0
24  0.125664  0  0
24  0.188496  0  0
24  0.251327  0  0
24  0.314159  5.81338  12.7758
24  0.376991  3.93303  0.763231
24  0.439823  3.25169  0.492498
24  0.502655  3.6489  0.324646
24  0.565487  4.3319  0.346868
24  0.628319  3.77838  0.228718
24  0.69115  4.13266  0.190012
24  0.753982  4.5903  0.187724
24  0.816814  4.74926  0.187315
24  0.879646  4.75761  0.17344
24  0.942478  5.18509  0.173008
24  1.00531  5.02618  0.174342
24  1.06814  5.2427  0.208579
24  1.13097  5.36011  0.213252
24  1.19381  5.24976  0.198463
24  1.25664  5.55016  0.216521
24  1.31947  5.49665  0.250321
24  1.3823  5.43903  0.235042
24  1.44513  5.55186  0.250843
24  1.50796  5.34498  0.23893
24  1.5708  5.32429  0.191185
24  1.63363  5.7508  0.242945
24  1.69646  5.54841  0.198852
24  1.75929  5.82176  0.228661
24  1.82212  6.14159  0.252654
24  1.88496  5.50553  0.219936
24  1.94779  5.66309  0.199576
24  2.01062  5.28927  0.184584
24  2.07345  5.02565  0.183505
24  2.13628  4.97866  0.212435
24  2.19911  4.65418  0.177725
24  2.26195  4.81548  0.180667
24  2.32478  4.58101  0.204184
24  2.38761  3.96782  0.20683
24  2.45044  4.04352  0.234286
24  2.51327  3.97032  0.237
24  2.57611  3.83175  0.272484
24  2.63894  3.44606  0.385705
24  2.70177  3.34408  0.638917
24  2.7646  2.22291  16.3114
24  2.82743  0  0
24  2.89027  0  0
24  2.9531  0  0
24  3.01593  0  0
24  3.07876  0  0
24.5  0  0  0
24.5  0.0628319  0  0
24.5  0.125664  0  0
24.5  0.188496  0  0
24.5  0.251327  0  0
24.5  0.314159  4.73952  5.14643
24.5  0.376991  3.44376  0.915985
24.5  0.439823  3.44162  0.337373
24.5  0.502655  3.73007  0.408306
24.5  0.565487  3.47098  0.296467
24.5  0.628319  3.33888  0.176455
24.5  0.69115  4.14661  0.185458
24.5  0.753982  4.15878  0.211395
24.5  0.816814  4.42825  0.141106
24.5  0.879646  5.18612  0.179291
24.5  0.942478  4.89198  0.171983
24.5  1.00531  5.33117  0.20105
24.5  1.06814  5.4664  0.217815
24.5  1.13097  5.22242  0.21128
24.5  1.19381  5.79112  0.228734
24.5  1.25664  5.59255  0.205431
24.5  1.31947  5.49259  0.194717
24.5  1.3823  5.37541  0.202862
24.5  1.44513  5.60243  0.20134
24.5  1.50796  5.78278  0.226361
24.5  1.5708  6.0319  0.216377
24.5  1.63363  5.80336  0.257351
24.5  1.69646  5.76342  0.260012
24.5  1.75929  5.99101  0.23725
24.5  1.82212  5.25877  0.185618
24.5  1.88496  5.40355  0.234024
24.5  1.94779  5.60399  0.239636
24.5  2.01062  5.73291  0.216051
24.5  2.07345  5.13949  0.19658
24.5  2.13628  4.90404  0.158924
24.5  2.19911  4.51383  0.173245
24.5  2.26195  4.93041  0.185239
24.5  2.32478  4.19878  0.194428
24.5  2.38761  4.78325  0.232412
24.5  2.45044  3.91311  0.196597
24.5  2.51327  4.14929  0.30246
24.5  2.57611  3.12402  0.305319
24.5  2.63894  3.54741  0.307823
24.5  2.70177  3.03284  0.539084
24.5  2.7646  2.85433  1.45427
24.5  2.82743  0  0
24.5  2.89027  0  0
24.5  2.9531  0  0
24.5  3.01593  0  0
24.5  3.07876  0  0
