2  0  0  0
2  0.0628319  0  0
2  0.125664  0  0
2  0.188496  0  0
2  0.251327  0  0
2  0.314159  0  0
2  0.376991  0  0
2  0.439823  0  0
2  0.502655  0  0
2  0.565487  0  0
2  0.628319  0  0
2  0.69115  0  0
2  0.753982  0  0
2  0.816814  0  0
2  0.879646  0  0
2  0.942478  0  0
2  1.00531  0  0
2  1.06814  0  0
2  1.13097  0  0
2  1.19381  0  0
2  1.25664  0  0
2  1.31947  0  0
2  1.3823  0  0
2  1.44513  0  0
2  1.50796  0  0
2  1.5708  0  0
2  1.63363  0  0
2  1.69646  0  0
2  1.75929  0  0
2  1.82212  0  0
2  1.88496  0  0
2  1.94779  0  0
2  2.01062  0  0
2  2.07345  0  0
2  2.13628  0  0
2  2.19911  0  0
2  2.26195  0  0
2  2.32478  0  0
2  2.38761  0  0
2  2.45044  0  0
2  2.51327  0  0
2  2.57611  0  0
2  2.63894  0  0
2  2.70177  0  0
2  2.7646  0  0
2  2.82743  0  0
2  2.89027  0  0
2  2.9531  0  0
2  3.01593  0  0
2  3.07876  0  0
2.5  0  0  0
2.5  0.0628319  0  0
2.5  0.125664  0  0
2.5  0.188496  0  0
2.5  0.251327  0  0
2.5  0.314159  0  0
2.5  0.376991  0  0
2.5  0.439823  0  0
2.5  0.502655  0  0
2.5  0.565487  0  0
2.5  0.628319  0  0
2.5  0.69115  0  0
2.5  0.753982  0  0
2.5  0.816814  0  0
2.5  0.879646  0  0
2.5  0.942478  0  0
2.5  1.00531  0  0
2.5  1.06814  0  0
2.5  1.13097  0  0
2.5  1.19381  0  0
2.5  1.25664  0  0
2.5  1.31947  0  0
2.5  1.3823  0  0
2.5  1.44513  0  0
2.5  1.50796  0  0
2.5  1.5708  0  0
2.5  1.63363  0  0
2.5  1.69646  0  0
2.5  1.75929  0  0
2.5  1.82212  0  0
2.5  1.88496  0  0
2.5  1.94779  0  0
2.5  2.01062  0  0
2.5  2.07345  0  0
2.5  2.13628  0  0
2.5  2.19911  0  0
2.5  2.26195  0  0
2.5  2.32478  0  0
2.5  2.38761  0  0
2.5  2.45044  0  0
2.5  2.51327  0  0
2.5  2.57611  0  0
2.5  2.63894  0  0
2.5  2.70177  0  0
2.5  2.7646  0  0
2.5  2.82743  0  0
2.5  2.89027  0  0
2.5  2.9531  0  0
2.5  3.01593  0  0
2.5  3.07876  0  0
3  0  0  0
3  0.0628319  0  0
3  0.125664  0  0
3  0.188496  0  0
3  0.251327  0  0
3  0.314159  0  0
3  0.376991  0  0
3  0.439823  0  0
3  0.502655  0  0
3  0.565487  0  0
3  0.628319  0  0
3  0.69115  0  0
3  0.753982  0  0
3  0.816814  0  0
3  0.879646  0  0
3  0.942478  0  0
3  1.00531  0.258759  1.70226
3  1.06814  0.439193  0.327882
3  1.13097  0.249301  0.24486
3  1.19381  0.207242  0.272694
3  1.25664  0.198377  0.2807
3  1.31947  0.402715  0.210728
3  1.3823  0.125159  0.0770067
3  1.44513  0.156754  0.13254
3  1.50796  0.181677  0.277055
3  1.5708  0.147396  0.131341
3  1.63363  0.267953  0.221222
3  1.69646  0.173846  0.271712
3  1.75929  0.145052  0.123088
3  1.82212  0.230353  0.271519
3  1.88496  0.249876  0.247579
3  1.94779  0.213504  0.219501
3  2.01062  0.331097  0.214155
3  2.07345  0  0
3  2.13628  0  0
3  2.19911  0  0
3  2.26195  0  0
3  2.32478  0  0
3  2.38761  0  0
3  2.45044  0  0
3  2.51327  0  0
3  2.57611  0  0
3  2.63894  0  0
3  2.70177  0  0
3  2.7646  0  0
3  2.82743  0  0
3  2.89027  0  0
3  2.9531  0  0
3  3.01593  0  0
3  3.07876  0  0
3.5  0  0  0
3.5  0.0628319  0  0
3.5  0.125664  0  0
3.5  0.188496  0  0
3.5  0.251327  0  0
3.5  0.314159  0  0
3.5  0.376991  0  0
3.5  0.439823  0  0
3.5  0.502655  0  0
3.5  0.565487  0  0
3.5  0.628319  0  0
3.5  0.69115  0  0
3.5  0.753982  0  0
3.5  0.816814  0.245425  0.227657
3.5  0.879646  0.1202  0.10421
3.5  0.942478  0.0936009  0.0347523
3.5  1.00531  0.0869445  0.0313094
3.5  1.06814  0.0943838  0.0285002
3.5  1.13097  0.10011  0.0362172
3.5  1.19381  0.0916245  0.028259
3.5  1.25664  0.118809  0.0519719
3.5  1.31947  0.0998044  0.0365453
3.5  1.3823  0.104937  0.0358815
3.5  1.44513  0.122685  0.0545159
3.5  1.50796  0.115702  0.0493831
3.5  1.5708  0.11358  0.0513448
3.5  1.63363  0.123186  0.0595159
3.5  1.69646  0.109019  0.0392598
3.5  1.75929  0.121438  0.0582751
3.5  1.82212  0.108408  0.0462679
3.5  1.88496  0.089555  0.0278016
3.5  1.94779  0.0995931  0.0328266
3.5  2.01062  0.0870598  0.0262427
3.5  2.07345  0.123195  0.069045
3.5  2.13628  0.090411  0.0405089
3.5  2.19911  0.103583  0.0668208
3.5  2.26195  0.274425  0.186665
3.5  2.32478  0  0
3.5  2.38761  0  0
3.5  2.45044  0  0
3.5  2.51327  0  0
3.5  2.57611  0  0
3.5  2.63894  0  0
3.5  2.70177  0  0
3.5  2.7646  0  0
3.5  2.82743  0  0
3.5  2.89027  0  0
3.5  2.9531  0  0
3.5  3.01593  0  0
3.5  3.07876  0  0
4  0  0  0
4  0.0628319  0  0
4  0.125664  0  0
4  0.188496  0  0
4  0.251327  0  0
4  0.314159  0  0
4  0.376991  0  0
4  0.439823  0  0
4  0.502655  0  0
4  0.565487  0  0
4  0.628319  0.250777  2.12833
4  0.69115  0.0849444  0.162904
4  0.753982  0.0863514  0.0456979
4  0.816814  0.0771523  0.0232026
4  0.879646  0.0658832  0.0122894
4  0.942478  0.0750485  0.0168677
4  1.00531  0.0736404  0.0198422
4  1.06814  0.092144  0.0322811
4  1.13097  0.0898272  0.0301457
4  1.19381  0.0881942  0.0262289
4  1.25664  0.111425  0.04723
4  1.31947  0.119643  0.050864
4  1.3823  0.12289  0.0574247
4  1.44513  0.101098  0.0323429
4  1.50796  0.116457  0.0577377
4  1.5708  0.124005  0.061691
4  1.63363  0.116497  0.0467054
4  1.69646  0.0103438  0.226857
4  1.75929  0.0924296  0.0311634
4  1.82212  0.0932517  0.0311541
4  1.88496  0.0930032  0.0319806
4  1.94779  0.0913844  0.0299535
4  2.01062  0.0864532  0.026138
4  2.07345  0.0822755  0.0233483
4  2.13628  0.0830569  0.0222129
4  2.19911  0.0779786  0.023279
4  2.26195  0.0682999  0.0195345
4  2.32478  0.101203  0.0760331
4  2.38761  0.11769  0.17554
4  2.45044  0  0
4  2.51327  0  0
4  2.57611  0  0
4  2.63894  0  0
4  2.70177  0  0
4  2.7646  0  0
4  2.82743  0  0
4  2.89027  0  0
4  2.9531  0  0
4  3.01593  0  0
4  3.07876  0  0
4.5  0  0  0
4.5  0.0628319  0  0
4.5  0.125664  0  0
4.5  0.188496  0  0
4.5  0.251327  0  0
4.5  0.314159  0  0
4.5  0.376991  0  0
4.5  0.439823  0  0
4.5  0.502655  0  0
4.5  0.565487  0.150093  0.0873525
4.5  0.628319  0.109304  0.0951987
4.5  0.69115  0.0706243  0.0276563
4.5  0.753982  0.0697821  0.0206918
4.5  0.816814  0.0729453  0.0238648
4.5  0.879646  0.0717456  0.0170849
4.5  0.942478  0.0749698  0.0185996
4.5  1.00531  0.0744185  0.0160706
4.5  1.06814  0.104592  0.044821
4.5  1.13097  0.104185  0.0421386
4.5  1.19381  0.0980151  0.0379793
4.5  1.25664  0.101028  0.0382736
4.5  1.31947  0.104412  0.0421593
4.5  1.3823  0.135002  0.0775502
4.5  1.44513  0.147036  0.0945106
4.5  1.50796  0.12365  0.0562271
4.5  1.5708  0.090619  0.0254586
4.5  1.63363  0.115724  0.0481491
4.5  1.69646  0.156752  0.102172
4.5  1.75929  0.10862  0.038764
4.5  1.82212  0.115316  0.0518847
4.5  1.88496  0.0940503  0.025545
4.5  1.94779  0.114626  0.0540515
4.5  2.01062  0.0860568  0.0247336
4.5  2.07345  0.0780193  0.0215767
4.5  2.13628  0.0753328  0.0192962
4.5  2.19911  0.0722658  0.0184332
4.5  2.26195  0.0688801  0.0183497
4.5  2.32478  0.0745544  0.0300501
4.5  2.38761  0.0749034  0.0345994
4.5  2.45044  0.104277  0.174529
4.5  2.51327  0.150694  0.150688
4.5  2.57611  0  0
4.5  2.63894  0  0
4.5  2.70177  0  0
4.5  2.7646  0  0
4.5  2.82743  0  0
4.5  2.89027  0  0
4.5  2.9531  0  0
4.5  3.01593  0  0
4.5  3.07876  0  0
5  0  0  0
5  0.0628319  0  0
5  0.125664  0  0
5  0.188496  0  0
5  0.251327  0  0
5  0.314159  0  0
5  0.376991  0  0
5  0.439823  0  0
5  0.502655  0.194203  0.154205
5  0.565487  0.0946667  0.146856
5  0.628319  0.0755961  0.0476575
5  0.69115  0.0590098  0.0205325
5  0.753982  0.0569856  0.0170645
5  0.816814  0.0655404  0.0173709
5  0.879646  0.077491  0.021778
5  0.942478  0.0908956  0.0334365
5  1.00531  0.0820249  0.0213305
5  1.06814  0.0799637  0.020185
5  1.13097  0.0912631  0.0291601
5  1.19381  0.109232  0.044946
5  1.25664  0.107208  0.0378699
5  1.31947  0.118399  0.048183
5  1.3823  0.10637  0.0488354
5  1.44513  0.0988345  0.0307311
5  1.50796  0.106856  0.040245
5  1.5708  0.109579  0.0439691
5  1.63363  0.0975124  0.0309004
5  1.69646  0.115398  0.0441797
5  1.75929  0.0959149  0.0318003
5  1.82212  0.109459  0.0414411
5  1.88496  0.0968996  0.0294705
5  1.94779  0.110068  0.046845
5  2.01062  0.0955042  0.036233
5  2.07345  0.0902901  0.0309785
5  2.13628  0.0827233  0.0248599
5  2.19911  0.0658037  0.014579
5  2.26195  0.0662502  0.0176806
5  2.32478  0.0519186  0.0107925
5  2.38761  0.0569079  0.0195122
5  2.45044  0.071371  0.0402941
5  2.51327  0.0799796  0.13709
5  2.57611  0.323857  0.233752
5  2.63894  0  0
5  2.70177  0  0
5  2.7646  0  0
5  2.82743  0  0
5  2.89027  0  0
5  2.9531  0  0
5  3.01593  0  0
5  3.07876  0  0
5.5  0  0  0
5.5  0.0628319  0  0
5.5  0.125664  0  0
5.5  0.188496  0  0
5.5  0.251327  0  0
5.5  0.314159  0  0
5.5  0.376991  0  0
5.5  0.439823  0.00453927  0.0333085
5.5  0.502655  0.101115  0.122523
5.5  0.565487  0.0953958  0.151344
5.5  0.628319  0.0623128  0.0285476
5.5  0.69115  0.0679773  0.0275677
5.5  0.753982  0.0662148  0.0192276
5.5  0.816814  0.0587967  0.0126674
5.5  0.879646  0.0640325  0.013873
5.5  0.942478  0.00341116  0.205636
5.5  1.00531  0.0875365  0.0269043
5.5  1.06814  0.0776874  0.0196732
5.5  1.13097  0.0983051  0.0339363
5.5  1.19381  0.112472  0.0538983
5.5  1.25664  0.112663  0.0463761
5.5  1.31947  0.118361  0.0504829
5.5  1.3823  0.124363  0.0653463
5.5  1.44513  0.110493  0.0431448
5.5  1.50796  0.132623  0.0723265
5.5  1.5708  0.148179  0.0934041
5.5  1.63363  0.126559  0.0632318
5.5  1.69646  0.120954  0.0528026
5.5  1.75929  0.0944318  0.0300291
5.5  1.82212  0.12378  0.0656441
5.5  1.88496  0.104617  0.0363793
5.5  1.94779  0.0957837  0.0320261
5.5  2.01062  0.0917781  0.0300244
5.5  2.07345  0.0905976  0.0336462
5.5  2.13628  0.0695907  0.0157525
5.5  2.19911  0.0603291  0.0103478
5.5  2.26195  0.0692167  0.0173719
5.5  2.32478  0.070796  0.0229483
5.5  2.38761  0.070127  0.0302873
5.5  2.45044  0.0772938  0.0435746
5.5  2.51327  0.110702  0.156137
5.5  2.57611  0.145537  0.116479
5.5  2.63894  0.258759  1.70226
5.5  2.70177  0  0
5.5  2.7646  0  0
5.5  2.82743  0  0
5.5  2.89027  0  0
5.5  2.9531  0  0
5.5  3.01593  0  0
5.5  3.07876  0  0
6  0  0  0
6  0.0628319  0  0
6  0.125664  0  0
6  0.188496  0  0
6  0.251327  0  0
6  0.314159  0  0
6  0.376991  0  0
6  0.439823  0.101286  0.117398
6  0.502655  0.101512  0.157738
6  0.565487  0.0574962  0.0391569
6  0.628319  0.0991993  0.0949193
6  0.69115  0.0707385  0.0315947
6  0.753982  0.066149  0.0176725
6  0.816814  0.0596806  0.0131639
6  0.879646  0.0632063  0.0129671
6  0.942478  0.0752785  0.0182832
6  1.00531  0.0825554  0.0232744
6  1.06814  0.0734381  0.0066882
6  1.13097  0.0931613  0.0294014
6  1.19381  0.0930416  0.0273918
6  1.25664  0.11491  0.047988
6  1.31947  0.125083  0.058797
6  1.3823  0.0998186  0.036838
6  1.44513  0.107571  0.0448864
6  1.50796  0.104855  0.033986
6  1.5708  0.114487  0.0457509
6  1.63363  0.110502  0.0417054
6  1.69646  0.12234  0.0517312
6  1.75929  0.109977  0.0433388
6  1.82212  0.103465  0.0414007
6  1.88496  0.0891552  0.0262575
6  1.94779  0.0976534  0.0323598
6  2.01062  0.0893524  0.0256417
6  2.07345  0.0841552  0.0225319
6  2.13628  0.0720685  0.0162894
6  2.19911  0.0684782  0.0167371
6  2.26195  0.0616495  0.014375
6  2.32478  0.0673063  0.0198338
6  2.38761  0.0694026  0.0285371
6  2.45044  0.0843865  0.0540197
6  2.51327  0.0482057  0.0245786
6  2.57611  0.189983  0.0996008
6  2.63894  0.149339  0.129331
6  2.70177  0  0
6  2.7646  0  0
6  2.82743  0  0
6  2.89027  0  0
6  2.9531  0  0
6  3.01593  0  0
6  3.07876  0  0
6.5  0  0  0
6.5  0.0628319  0  0
6.5  0.125664  0  0
6.5  0.188496  0  0
6.5  0.251327  0  0
6.5  0.314159  0  0
6.5  0.376991  0.0158874  0.11658
6.5  0.439823  0.0527688  0.0928038
6.5  0.502655  0.0683391  0.0659885
6.5  0.565487  0.0530771  0.0281776
6.5  0.628319  0.051659  0.0185484
6.5  0.69115  0.0755088  0.0361486
6.5  0.753982  0.0591629  0.0159604
6.5  0.816814  0.0587925  0.0118179
6.5  0.879646  0.0651715  0.0141134
6.5  0.942478  0.067343  0.0150923
6.5  1.00531  0.0702401  0.0151334
6.5  1.06814  0.0797517  0.0208913
6.5  1.13097  0.0882155  0.0214428
6.5  1.19381  0.0931729  0.0262389
6.5  1.25664  0.0963991  0.0290155
6.5  1.31947  0.101475  0.0311148
6.5  1.3823  0.101216  0.0298414
6.5  1.44513  0.112346  0.0404886
6.5  1.50796  0.115485  0.0446347
6.5  1.5708  0.106206  0.0364855
6.5  1.63363  0.112099  0.0398975
6.5  1.69646  0.114297  0.0431189
6.5  1.75929  0.112301  0.0373457
6.5  1.82212  0.0887083  0.0220376
6.5  1.88496  0.0841775  0.0198165
6.5  1.94779  0.0983309  0.0353851
6.5  2.01062  0.0937478  0.0275295
6.5  2.07345  0.0744312  0.0162551
6.5  2.13628  0.0708409  0.0146294
6.5  2.19911  0.0741  0.0175515
6.5  2.26195  0.065651  0.0148979
6.5  2.32478  0.0539941  0.011679
6.5  2.38761  0.0502836  0.0138757
6.5  2.45044  0.0755791  0.0515998
6.5  2.51327  0.0606921  0.0436296
6.5  2.57611  0.150638  0.16293
6.5  2.63894  0.0606166  0.102143
6.5  2.70177  0.0155383  0.114017
6.5  2.7646  0  0
6.5  2.82743  0  0
6.5  2.89027  0  0
6.5  2.9531  0  0
6.5  3.01593  0  0
6.5  3.07876  0  0
7  0  0  0
7  0.0628319  0  0
7  0.125664  0  0
7  0.188496  0  0
7  0.251327  0  0
7  0.314159  0  0
7  0.376991  0.124927  0.142144
7  0.439823  0.0789779  0.0956149
7  0.502655  0.0821306  0.126969
7  0.565487  0.0916696  0.0774934
7  0.628319  0.0696289  0.0366207
7  0.69115  0.0632529  0.0237547
7  0.753982  0.0580623  0.0128121
7  0.816814  0.0578019  0.0108444
7  0.879646  0.0729121  0.0172925
7  0.942478  0.0721318  0.0154929
7  1.00531  0.0716365  0.0140809
7  1.06814  0.0889745  0.0237692
7  1.13097  0.0887863  0.0232527
7  1.19381  0.0989494  0.0275516
7  1.25664  0.0922237  0.026894
7  1.31947  0.11148  0.0371292
7  1.3823  0.116007  0.0403229
7  1.44513  0.094198  0.0247883
7  1.50796  0.0979821  0.0271688
7  1.5708  0.102617  0.0344465
7  1.63363  0.112136  0.0370864
7  1.69646  0.0988751  0.0269663
7  1.75929  0.0991451  0.0270634
7  1.82212  0.0845183  0.0186468
7  1.88496  0.094757  0.0280627
7  1.94779  0.0881549  0.0264593
7  2.01062  0.0890706  0.0233941
7  2.07345  0.0719635  0.0162686
7  2.13628  0.0700213  0.0160838
7  2.19911  0.0632192  0.0130117
7  2.26195  0.0587565  0.0116833
7  2.32478  0.0514844  0.0107243
7  2.38761  0.0733288  0.0313894
7  2.45044  0.0622323  0.0324174
7  2.51327  0.0601521  0.0412651
7  2.57611  0.0827339  0.119806
7  2.63894  0.101165  0.105232
7  2.70177  0.190571  0.188165
7  2.7646  0  0
7  2.82743  0  0
7  2.89027  0  0
7  2.9531  0  0
7  3.01593  0  0
7  3.07876  0  0
7.5  0  0  0
7.5  0.0628319  0  0
7.5  0.125664  0  0
7.5  0.188496  0  0
7.5  0.251327  0  0
7.5  0.314159  0  0
7.5  0.376991  0.160071  0.137468
7.5  0.439823  0.0728466  0.120434
7.5  0.502655  0.121897  0.121519
7.5  0.565487  0.011418  0.104063
7.5  0.628319  0.0623112  0.0322847
7.5  0.69115  0.085124  0.0481842
7.5  0.753982  0.0588218  0.0154122
7.5  0.816814  0.0603539  0.0119957
7.5  0.879646  0.0705815  0.0165122
7.5  0.942478  0.0727523  0.013488
7.5  1.00531  0.0854378  0.0208748
7.5  1.06814  0.0793833  0.0162083
7.5  1.13097  0.0972962  0.0250125
7.5  1.19381  0.109866  0.034066
7.5  1.25664  0.104095  0.0322745
7.5  1.31947  0.125133  0.0545947
7.5  1.3823  0.0899823  0.024263
7.5  1.44513  0.130861  0.0673208
7.5  1.50796  0.112544  0.0342051
7.5  1.5708  0.113724  0.0424664
7.5  1.63363  0.120765  0.0487844
7.5  1.69646  0.124245  0.061483
7.5  1.75929  0.0898886  0.0213152
7.5  1.82212  0.104293  0.035518
7.5  1.88496  0.102823  0.0351285
7.5  1.94779  0.0996528  0.0306222
7.5  2.01062  0.079744  0.015501
7.5  2.07345  0.0816386  0.0230646
7.5  2.13628  0.0706616  0.0144955
7.5  2.19911  0.0539662  0.00968663
7.5  2.26195  0.057065  0.00994821
7.5  2.32478  0.0610179  0.0138247
7.5  2.38761  0.0736936  0.0329768
7.5  2.45044  0.0732647  0.0406427
7.5  2.51327  0.0752605  0.055484
7.5  2.57611  0.0959339  0.146666
7.5  2.63894  0.119903  0.087504
7.5  2.70177  0.106773  0.0984004
7.5  2.7646  0  0
7.5  2.82743  0  0
7.5  2.89027  0  0
7.5  2.9531  0  0
7.5  3.01593  0  0
7.5  3.07876  0  0
8  0  0  0
8  0.0628319  0  0
8  0.125664  0  0
8  0.188496  0  0
8  0.251327  0  0
8  0.314159  0.00279339  0.0204975
8  0.376991  0.0274686  0.0239019
8  0.439823  0.0548413  0.0526891
8  0.502655  0.10635  0.129154
8  0.565487  0.0651754  0.0450945
8  0.628319  0.0744322  0.0424958
8  0.69115  0.0593964  0.018492
8  0.753982  0.0593287  0.0149205
8  0.816814  0.0735923  0.018249
8  0.879646  0.0754254  0.0152505
8  0.942478  0.0786843  0.0176788
8  1.00531  0.0824622  0.0186601
8  1.06814  0.0913871  0.0239597
8  1.13097  0.0869175  0.0206724
8  1.19381  0.0989932  0.0255161
8  1.25664  0.112615  0.0420253
8  1.31947  0.0961947  0.0260572
8  1.3823  0.10336  0.0318221
8  1.44513  0.109609  0.0362583
8  1.50796  0.109132  0.0373482
8  1.5708  0.0972186  0.0279979
8  1.63363  0.136202  0.0658489
8  1.69646  0.0906907  0.0221581
8  1.75929  0.097072  0.0252752
8  1.82212  0.0966355  0.0284076
8  1.88496  0.0983875  0.0307627
8  1.94779  0.0870208  0.021498
8  2.01062  0.0920069  0.0255442
8  2.07345  0.0828149  0.0206988
8  2.13628  0.0750132  0.0140342
8  2.19911  0.0659106  0.0114232
8  2.26195  0.0696488  0.0146615
8  2.32478  0.0645624  0.0145762
8  2.38761  0.0567383  0.0144047
8  2.45044  0.0485724  0.0177339
8  2.51327  0.0907785  0.0715215
8  2.57611  0.0678551  0.0504176
8  2.63894  0.0777392  0.119187
8  2.70177  0.169804  0.14663
8  2.7646  0  0
8  2.82743  0  0
8  2.89027  0  0
8  2.9531  0  0
8  3.01593  0  0
8  3.07876  0  0
8.5  0  0  0
8.5  0.0628319  0  0
8.5  0.125664  0  0
8.5  0.188496  0  0
8.5  0.251327  0  0
8.5  0.314159  0.151407  0.128129
8.5  0.376991  0.0647266  0.0801465
8.5  0.439823  0.0684886  0.116423
8.5  0.502655  0.0583691  0.0400988
8.5  0.565487  0.0964808  0.0898442
8.5  0.628319  0.0673257  0.0320994
8.5  0.69115  0.0650111  0.0223613
8.5  0.753982  0.0613875  0.0140729
8.5  0.816814  0.0601224  0.0104725
8.5  0.879646  0.0606888  0.0103886
8.5  0.942478  0.0790285  0.0177037
8.5  1.00531  0.0732702  0.0155142
8.5  1.06814  0.0854804  0.020167
8.5  1.13097  0.0843646  0.0192665
8.5  1.19381  0.0972972  0.0270398
8.5  1.25664  0.0975034  0.0276704
8.5  1.31947  0.103045  0.0308709
8.5  1.3823  0.105875  0.0315044
8.5  1.44513  0.103779  0.0313107
8.5  1.50796  0.10977  0.0361756
8.5  1.5708  0.110257  0.0417971
8.5  1.63363  0.103156  0.0300777
8.5  1.69646  0.11504  0.0441411
8.5  1.75929  0.107328  0.0352418
8.5  1.82212  0.111755  0.0378688
8.5  1.88496  0.11295  0.0430766
8.5  1.94779  0.0892197  0.0249783
8.5  2.01062  0.103292  0.0355905
8.5  2.07345  0.0669492  0.0114938
8.5  2.13628  0.0745472  0.0148255
8.5  2.19911  0.0669103  0.0120371
8.5  2.26195  0.0635571  0.0116261
8.5  2.32478  0.0646197  0.0161296
8.5  2.38761  0.0606232  0.0176015
8.5  2.45044  0.0502595  0.0193788
8.5  2.51327  0.0768182  0.0459188
8.5  2.57611  0.0685507  0.0638939
8.5  2.63894  0.0952144  0.11808
8.5  2.70177  0.180377  0.177807
8.5  2.7646  0.0540505  0.0270685
8.5  2.82743  0  0
8.5  2.89027  0  0
8.5  2.9531  0  0
8.5  3.01593  0  0
8.5  3.07876  0  0
9  0  0  0
9  0.0628319  0  0
9  0.125664  0  0
9  0.188496  0  0
9  0.251327  0  0
9  0.314159  0.0594712  0.0372473
9  0.376991  0.0430335  0.0704477
9  0.439823  0.109571  0.103295
9  0.502655  0.0659479  0.0571138
9  0.565487  0.0637381  0.0372958
9  0.628319  0.0797768  0.0456858
9  0.69115  0.0672801  0.0207574
9  0.753982  0.0675199  0.017285
9  0.816814  0.0735854  0.0183902
9  0.879646  0.0587223  0.00915834
9  0.942478  0.0718313  0.01273
9  1.00531  0.076514  0.0174395
9  1.06814  0.0793815  0.0182465
9  1.13097  0.0858126  0.0214559
9  1.19381  0.0915322  0.0235894
9  1.25664  0.111173  0.0356556
9  1.31947  0.0929209  0.024221
9  1.3823  0.0950112  0.0268084
9  1.44513  0.0921964  0.022206
9  1.50796  0.10703  0.0338828
9  1.5708  0.10856  0.0371882
9  1.63363  0.0967271  0.0301005
9  1.69646  0.107749  0.0385774
9  1.75929  0.119664  0.0461699
9  1.82212  0.089722  0.0210977
9  1.88496  0.0998677  0.0298491
9  1.94779  0.102809  0.031881
9  2.01062  0.0813548  0.0176415
9  2.07345  0.0755708  0.0145788
9  2.13628  0.0616725  0.00997439
9  2.19911  0.0713565  0.0138081
9  2.26195  0.0660226  0.0120419
9  2.32478  0.0651006  0.0152198
9  2.38761  0.0642273  0.0184751
9  2.45044  0.0604426  0.0291146
9  2.51327  0.101388  0.0842573
9  2.57611  0.0704317  0.0629438
9  2.63894  0.0779483  0.121058
9  2.70177  0.0482874  0.0907931
9  2.7646  0.112471  0.107821
9  2.82743  0  0
9  2.89027  0  0
9  2.9531  0  0
9  3.01593  0  0
9  3.07876  0  0
9.5  0  0  0
9.5  0.0628319  0  0
9.5  0.125664  0  0
9.5  0.188496  0  0
9.5  0.251327  0  0
9.5  0.314159  0.0591993  0.094973
9.5  0.376991  0.0650698  0.103989
9.5  0.439823  0.094077  0.148076
9.5  0.502655  0.0454181  0.0271643
9.5  0.565487  0.131248  0.165672
9.5  0.628319  0.0925053  0.0566405
9.5  0.69115  0.0793791  0.0309069
9.5  0.753982  0.0913242  0.0295833
9.5  0.816814  0.062514  0.0113398
9.5  0.879646  0.0637291  0.012248
9.5  0.942478  0.070939  0.0132921
9.5  1.00531  0.0773924  0.0155458
9.5  1.06814  0.0846992  0.020493
9.5  1.13097  0.0837352  0.0202884
9.5  1.19381  0.111079  0.0378708
9.5  1.25664  0.106695  0.0343498
9.5  1.31947  0.105724  0.0338803
9.5  1.3823  0.101967  0.0318659
9.5  1.44513  0.0986074  0.0280299
9.5  1.50796  0.0988437  0.0290434
9.5  1.5708  0.108898  0.0372801
9.5  1.63363  0.101128  0.0315993
9.5  1.69646  0.0958268  0.0247033
9.5  1.75929  0.105876  0.0338924
9.5  1.82212  0.0926204  0.0264246
9.5  1.88496  0.0892253  0.0240334
9.5  1.94779  0.0917692  0.0228294
9.5  2.01062  0.0929311  0.0235658
9.5  2.07345  0.078154  0.0176788
9.5  2.13628  0.0684361  0.0111464
9.5  2.19911  0.0593153  0.00914616
9.5  2.26195  0.056691  0.00954661
9.5  2.32478  0.0686345  0.0159475
9.5  2.38761  0.0834857  0.0327905
9.5  2.45044  0.0684039  0.0255544
9.5  2.51327  0.074673  0.047741
9.5  2.57611  0.153561  0.102053
9.5  2.63894  0.0930343  0.141863
9.5  2.70177  0.0743609  0.0841073
9.5  2.7646  0.131259  0.102578
9.5  2.82743  0  0
9.5  2.89027  0  0
9.5  2.9531  0  0
9.5  3.01593  0  0
9.5  3.07876  0  0
10  0  0  0
10  0.0628319  0  0
10  0.125664  0  0
10  0.188496  0  0
10  0.251327  0.244986  2.27441
10  0.314159  0.117567  0.110053
10  0.376991  0.0621454  0.107967
10  0.439823  0.182414  0.116771
10  0.502655  0.261364  0.139831
10  0.565487  0.0623816  0.0315727
10  0.628319  0.0743834  0.0382638
10  0.69115  0.0719476  0.0250741
10  0.753982  0.0812143  0.0259117
10  0.816814  0.0600571  0.0100191
10  0.879646  0.0679391  0.0134087
10  0.942478  0.0718693  0.0133647
10  1.00531  0.0780611  0.0154644
10  1.06814  0.0883664  0.0215213
10  1.13097  0.102117  0.0330118
10  1.19381  0.100018  0.0297176
10  1.25664  0.10146  0.0273652
10  1.31947  0.0997367  0.0288115
10  1.3823  0.106398  0.0327578
10  1.44513  0.100993  0.0299434
10  1.50796  0.149915  0.0908539
10  1.5708  0.102556  0.0287181
10  1.63363  0.121447  0.0451023
10  1.69646  0.0962766  0.0271368
10  1.75929  0.103356  0.0329586
10  1.82212  0.0962492  0.0264332
10  1.88496  0.098841  0.0318631
10  1.94779  0.0854363  0.0228963
10  2.01062  0.0905331  0.0221604
10  2.07345  0.0829825  0.0198491
10  2.13628  0.0720235  0.0137404
10  2.19911  0.0623489  0.00999905
10  2.26195  0.0558651  0.0095211
10  2.32478  0.0616592  0.013793
10  2.38761  0.058638  0.0167342
10  2.45044  0.0940432  0.0460579
10  2.51327  0.0738524  0.0464945
10  2.57611  0.0815798  0.0665691
10  2.63894  0.159752  0.0919363
10  2.70177  0.0880236  0.0854697
10  2.7646  0.0789044  0.0394661
10  2.82743  0  0
10  2.89027  0  0
10  2.9531  0  0
10  3.01593  0  0
10  3.07876  0  0
10.5  0  0  0
10.5  0.0628319  0  0
10.5  0.125664  0  0
10.5  0.188496  0  0
10.5  0.251327  0  0
10.5  0.314159  0.0344522  0.0715313
10.5  0.376991  0.154516  0.108577
10.5  0.439823  0.0733216  0.112785
10.5  0.502655  0.0783321  0.0531998
10.5  0.565487  0.0709734  0.040938
10.5  0.628319  0.10568  0.071454
10.5  0.69115  0.0642653  0.0209624
10.5  0.753982  0.0621635  0.0138744
10.5  0.816814  0.0672012  0.0135229
10.5  0.879646  0.0596611  0.00960305
10.5  0.942478  0.0682312  0.0130017
10.5  1.00531  0.0726253  0.0138763
10.5  1.06814  0.0924661  0.0254612
10.5  1.13097  0.0979985  0.0294268
10.5  1.19381  0.0828033  0.0186559
10.5  1.25664  0.107407  0.0345289
10.5  1.31947  0.105657  0.034209
10.5  1.3823  0.105563  0.0335195
10.5  1.44513  0.0932542  0.023456
10.5  1.50796  0.131542  0.0650927
10.5  1.5708  0.103318  0.035908
10.5  1.63363  0.10586  0.0350778
10.5  1.69646  0.105266  0.0326718
10.5  1.75929  0.113361  0.0399727
10.5  1.82212  0.0974607  0.0274301
10.5  1.88496  0.0903696  0.0207329
10.5  1.94779  0.0994596  0.0335519
10.5  2.01062  0.0795688  0.0172091
10.5  2.07345  0.0710356  0.0130861
10.5  2.13628  0.0725247  0.0134642
10.5  2.19911  0.069035  0.0133865
10.5  2.26195  0.0616561  0.0102209
10.5  2.32478  0.0587503  0.0117774
10.5  2.38761  0.0519735  0.0118538
10.5  2.45044  0.0762327  0.0367068
10.5  2.51327  0.0820485  0.0525828
10.5  2.57611  0.0785119  0.0559909
10.5  2.63894  0.10483  0.143047
10.5  2.70177  0.0610656  0.0990885
10.5  2.7646  0.0732191  0.088423
10.5  2.82743  0  0
10.5  2.89027  0  0
10.5  2.9531  0  0
10.5  3.01593  0  0
10.5  3.07876  0  0
11  0  0  0
11  0.0628319  0  0
11  0.125664  0  0
11  0.188496  0  0
11  0.251327  0.00593596  0.0435572
11  0.314159  0.0400112  0.0800879
11  0.376991  0.062687  0.109497
11  0.439823  0.162287  0.133357
11  0.502655  0.100714  0.0788598
11  0.565487  0.105749  0.0766074
11  0.628319  0.0751833  0.0379914
11  0.69115  0.0723475  0.0261116
11  0.753982  0.0663127  0.014513
11  0.816814  0.062773  0.012289
11  0.879646  0.0624654  0.00989499
11  0.942478  0.0709415  0.0124791
11  1.00531  0.0763614  0.0158147
11  1.06814  0.0891588  0.0211414
11  1.13097  0.0873942  0.021143
11  1.19381  0.106382  0.0322599
11  1.25664  0.0924411  0.0220549
11  1.31947  0.0951565  0.0276413
11  1.3823  0.106599  0.0332416
11  1.44513  0.109792  0.0389119
11  1.50796  0.103785  0.0320229
11  1.5708  0.0962856  0.0269371
11  1.63363  0.111777  0.040852
11  1.69646  0.114502  0.0418445
11  1.75929  0.141431  0.0810986
11  1.82212  0.0982261  0.0277063
11  1.88496  0.0821334  0.0194321
11  1.94779  0.101702  0.0310509
11  2.01062  0.0889081  0.0251831
11  2.07345  0.0801914  0.0181263
11  2.13628  0.0754585  0.0144522
11  2.19911  0.0668604  0.0117884
11  2.26195  0.0580321  0.00948564
11  2.32478  0.0648167  0.0161784
11  2.38761  0.0716531  0.0226903
11  2.45044  0.068046  0.0265831
11  2.51327  0.0625421  0.0313397
11  2.57611  0.0870709  0.136664
11  2.63894  0.0662729  0.067248
11  2.70177  0.135818  0.0785651
11  2.7646  0.124754  0.0802305
11  2.82743  0  0
11  2.89027  0  0
11  2.9531  0  0
11  3.01593  0  0
11  3.07876  0  0
11.5  0  0  0
11.5  0.0628319  0  0
11.5  0.125664  0  0
11.5  0.188496  0  0
11.5  0.251327  0  0
11.5  0.314159  0.0533248  0.0744779
11.5  0.376991  0.0479821  0.0887765
11.5  0.439823  0.105621  0.150056
11.5  0.502655  0.0694483  0.0637641
11.5  0.565487  0.0944334  0.0562048
11.5  0.628319  0.0771078  0.0346441
11.5  0.69115  0.0646431  0.017789
11.5  0.753982  0.0628296  0.0147235
11.5  0.816814  0.0658802  0.0125592
11.5  0.879646  0.061099  0.0104036
11.5  0.942478  0.0712003  0.0132532
11.5  1.00531  0.0793464  0.0169553
11.5  1.06814  0.0823376  0.0185392
11.5  1.13097  0.101006  0.0307705
11.5  1.19381  0.0965782  0.0294864
11.5  1.25664  0.104746  0.0318284
11.5  1.31947  0.106444  0.036658
11.5  1.3823  0.11743  0.0467464
11.5  1.44513  0.120734  0.0539486
11.5  1.50796  0.00862637  0.25631
11.5  1.5708  0.102688  0.030976
11.5  1.63363  0.123196  0.0548865
11.5  1.69646  0.0930533  0.024219
11.5  1.75929  0.0988643  0.0276888
11.5  1.82212  0.109101  0.0385264
11.5  1.88496  0.0971894  0.0310491
11.5  1.94779  0.0930255  0.0249576
11.5  2.01062  0.0830494  0.0194651
11.5  2.07345  0.0796431  0.0174444
11.5  2.13628  0.0799774  0.018978
11.5  2.19911  0.0690849  0.0142538
11.5  2.26195  0.0595556  0.00856014
11.5  2.32478  0.0640141  0.0166993
11.5  2.38761  0.0651456  0.0185507
11.5  2.45044  0.0768399  0.0444322
11.5  2.51327  0.081585  0.0470202
11.5  2.57611  0.0888333  0.0715383
11.5  2.63894  0.0983697  0.144943
11.5  2.70177  0.0571098  0.0853408
11.5  2.7646  0.101424  0.0933088
11.5  2.82743  0.258759  1.70226
11.5  2.89027  0  0
11.5  2.9531  0  0
11.5  3.01593  0  0
11.5  3.07876  0  0
12  0  0  0
12  0.0628319  0  0
12  0.125664  0  0
12  0.188496  0  0
12  0.251327  0.0738374  0.072934
12  0.314159  0.10684  0.0571792
12  0.376991  0.0702071  0.0879992
12  0.439823  0.0866786  0.138826
12  0.502655  0.0672814  0.0491208
12  0.565487  0.087893  0.0573532
12  0.628319  0.0797788  0.0449438
12  0.69115  0.0673029  0.0218909
12  0.753982  0.0568555  0.0107677
12  0.816814  0.054405  0.00877365
12  0.879646  0.0663025  0.0124577
12  0.942478  0.0670076  0.0115635
12  1.00531  0.0840714  0.0203113
12  1.06814  0.0746165  0.0156034
12  1.13097  0.0904476  0.0252055
12  1.19381  0.0863668  0.0205499
12  1.25664  0.0986421  0.0290824
12  1.31947  0.0898534  0.0242108
12  1.3823  0.0975127  0.0252945
12  1.44513  0.124244  0.052188
12  1.50796  0.0977521  0.0283752
12  1.5708  0.116324  0.0452199
12  1.63363  0.101718  0.0298816
12  1.69646  0.104632  0.0303179
12  1.75929  0.0931031  0.024607
12  1.82212  0.0998744  0.0271385
12  1.88496  0.0873899  0.0221287
12  1.94779  0.0870553  0.0224832
12  2.01062  0.0816931  0.0184208
12  2.07345  0.0721467  0.015534
12  2.13628  0.083502  0.0196953
12  2.19911  0.0611147  0.0120584
12  2.26195  0.0626309  0.0111433
12  2.32478  0.0601623  0.013274
12  2.38761  0.0556409  0.0137017
12  2.45044  0.0630877  0.0228883
12  2.51327  0.0898176  0.0619396
12  2.57611  0.0731144  0.0583652
12  2.63894  0.0509117  0.0537149
12  2.70177  0.0434754  0.0402774
12  2.7646  0.0473092  0.0559095
12  2.82743  0.0414195  0.0270352
12  2.89027  0  0
12  2.9531  0  0
12  3.01593  0  0
12  3.07876  0  0
12.5  0  0  0
12.5  0.0628319  0  0
12.5  0.125664  0  0
12.5  0.188496  0  0
12.5  0.251327  0.164989  0.159553
12.5  0.314159  0.0652281  0.0734764
12.5  0.376991  0.0867314  0.127731
12.5  0.439823  0.100352  0.140485
12.5  0.502655  0.0515484  0.0385548
12.5  0.565487  0.0802215  0.0491372
12.5  0.628319  0.0817024  0.0406311
12.5  0.69115  0.0901539  0.0333851
12.5  0.753982  0.0618477  0.0153732
12.5  0.816814  0.0707802  0.0132263
12.5  0.879646  0.0691974  0.0139085
12.5  0.942478  0.0683246  0.0129079
12.5  1.00531  0.082862  0.018337
12.5  1.06814  0.0989533  0.0282769
12.5  1.13097  0.0855436  0.0230947
12.5  1.19381  0.108551  0.0381335
12.5  1.25664  0.0878935  0.0214545
12.5  1.31947  0.106353  0.0375497
12.5  1.3823  0.129422  0.0556483
12.5  1.44513  0.111997  0.035826
12.5  1.50796  0.110296  0.0343121
12.5  1.5708  0.0941693  0.0270219
12.5  1.63363  0.0941729  0.0252046
12.5  1.69646  0.128031  0.0592708
12.5  1.75929  0.0922857  0.0260305
12.5  1.82212  0.113381  0.0385794
12.5  1.88496  0.108507  0.040062
12.5  1.94779  0.077366  0.015623
12.5  2.01062  0.0816959  0.0179178
12.5  2.07345  0.0692829  0.013407
12.5  2.13628  0.0747816  0.015506
12.5  2.19911  0.0685792  0.0112551
12.5  2.26195  0.05639  0.00863918
12.5  2.32478  0.0513277  0.0101602
12.5  2.38761  0.0705745  0.0202018
12.5  2.45044  0.0796631  0.0420509
12.5  2.51327  0.079833  0.0515164
12.5  2.57611  0.0777892  0.0614773
12.5  2.63894  0.0935722  0.141265
12.5  2.70177  0.124331  0.112994
12.5  2.7646  0.0483856  0.0853565
12.5  2.82743  0.0466942  0.0462251
12.5  2.89027  0  0
12.5  2.9531  0  0
12.5  3.01593  0  0
12.5  3.07876  0  0
13  0  0  0
13  0.0628319  0  0
13  0.125664  0  0
13  0.188496  0  0
13  0.251327  0.163051  1.28057
13  0.314159  0.153851  0.143771
13  0.376991  0.0725878  0.0925825
13  0.439823  0.0768897  0.120837
13  0.502655  0.0935885  0.0785653
13  0.565487  0.0819845  0.0525005
13  0.628319  0.0697474  0.0307167
13  0.69115  0.0600854  0.0170354
13  0.753982  0.0708556  0.0188367
13  0.816814  0.0634826  0.0125713
13  0.879646  0.0643489  0.0120595
13  0.942478  0.0682472  0.0133846
13  1.00531  0.0724343  0.0142675
13  1.06814  0.0804832  0.0178078
13  1.13097  0.0899362  0.0229559
13  1.19381  0.100741  0.0315376
13  1.25664  0.0902894  0.0209188
13  1.31947  0.099621  0.0282137
13  1.3823  0.102508  0.0302941
13  1.44513  0.0896571  0.0234912
13  1.50796  0.108615  0.0343369
13  1.5708  0.109038  0.036696
13  1.63363  0.0965168  0.0258184
13  1.69646  0.0993605  0.0276195
13  1.75929  0.103565  0.0310899
13  1.82212  0.0922435  0.0249607
13  1.88496  0.00468587  0.228192
13  1.94779  0.0982846  0.0288689
13  2.01062  0.0884385  0.0217967
13  2.07345  0.0881095  0.0229308
13  2.13628  0.0718628  0.0144551
13  2.19911  0.0616596  0.0108059
13  2.26195  0.0649625  0.0124439
13  2.32478  0.0639298  0.0144839
13  2.38761  0.0616432  0.0171034
13  2.45044  0.0582873  0.0240702
13  2.51327  0.0810073  0.0423387
13  2.57611  0.0795347  0.0701405
13  2.63894  0.134382  0.177172
13  2.70177  0.0778984  0.104576
13  2.7646  0.108399  0.0957218
13  2.82743  0.0235693  0.172948
13  2.89027  0  0
13  2.9531  0  0
13  3.01593  0  0
13  3.07876  0  0
13.5  0  0  0
13.5  0.0628319  0  0
13.5  0.125664  0  0
13.5  0.188496  0  0
13.5  0.251327  0.119162  0.0651244
13.5  0.314159  0.0275105  0.0289657
13.5  0.376991  0.141942  0.117125
13.5  0.439823  0.114986  0.162172
13.5  0.502655  0.102124  0.150305
13.5  0.565487  0.0961866  0.0744968
13.5  0.628319  0.060909  0.0217123
13.5  0.69115  0.0658991  0.0222799
13.5  0.753982  0.0596701  0.0118149
13.5  0.816814  0.0633788  0.0110046
13.5  0.879646  0.0601443  0.00930935
13.5  0.942478  0.064729  0.0109362
13.5  1.00531  0.0652233  0.0116242
13.5  1.06814  0.0813462  0.0193142
13.5  1.13097  0.0869909  0.0214742
13.5  1.19381  0.0839384  0.0210709
13.5  1.25664  0.0982211  0.0286328
13.5  1.31947  0.0943354  0.0240978
13.5  1.3823  0.101182  0.0338139
13.5  1.44513  0.114367  0.0536711
13.5  1.50796  0.10894  0.0352962
13.5  1.5708  0.113411  0.0388419
13.5  1.63363  0.105096  0.0311118
13.5  1.69646  0.0991077  0.0291585
13.5  1.75929  0.104969  0.0328759
13.5  1.82212  0.106786  0.0353814
13.5  1.88496  0.108514  0.0373003
13.5  1.94779  0.0893227  0.0217079
13.5  2.01062  0.0825131  0.0188576
13.5  2.07345  0.0738642  0.0145517
13.5  2.13628  0.0733527  0.0135724
13.5  2.19911  0.0643506  0.0109393
13.5  2.26195  0.0618428  0.011384
13.5  2.32478  0.0600461  0.0131414
13.5  2.38761  0.0702808  0.0203929
13.5  2.45044  0.0747086  0.0426027
13.5  2.51327  0.0551007  0.0314916
13.5  2.57611  0.152559  0.188555
13.5  2.63894  0.0876386  0.141268
13.5  2.70177  0.112852  0.0882714
13.5  2.7646  0.0769948  0.101293
13.5  2.82743  0.0809808  0.0724869
13.5  2.89027  0  0
13.5  2.9531  0  0
13.5  3.01593  0  0
13.5  3.07876  0  0
14  0  0  0
14  0.0628319  0  0
14  0.125664  0  0
14  0.188496  0  0
14  0.251327  0.0634678  0.0588139
14  0.314159  0.182285  0.181042
14  0.376991  0.0466382  0.0497082
14  0.439823  0.136014  0.188611
14  0.502655  0.0772117  0.0640034
14  0.565487  0.0731517  0.0462564
14  0.628319  0.0755538  0.0309605
14  0.69115  0.0742641  0.0230936
14  0.753982  0.0656356  0.015208
14  0.816814  0.0564484  0.00920392
14  0.879646  0.0661362  0.0116659
14  0.942478  0.0666842  0.0115333
14  1.00531  0.0828061  0.0178597
14  1.06814  0.0827025  0.0200199
14  1.13097  0.085134  0.0203825
14  1.19381  0.0933606  0.0241947
14  1.25664  0.0882406  0.0243461
14  1.31947  0.0885963  0.0204999
14  1.3823  0.110136  0.0342587
14  1.44513  0.0969545  0.0255578
14  1.50796  0.0927972  0.0228701
14  1.5708  0.0973776  0.0274591
14  1.63363  0.0978897  0.0289713
14  1.69646  0.118172  0.0490953
14  1.75929  0.0963478  0.0295982
14  1.82212  0.0995928  0.0297636
14  1.88496  0.0807449  0.018873
14  1.94779  0.087389  0.0210493
14  2.01062  0.0819316  0.018205
14  2.07345  0.0808564  0.0197019
14  2.13628  0.0616982  0.0101388
14  2.19911  0.0650888  0.0116238
14  2.26195  0.0607638  0.0112491
14  2.32478  0.0574802  0.0122421
14  2.38761  0.0541166  0.0128573
14  2.45044  0.0697555  0.0255869
14  2.51327  0.0989631  0.0689645
14  2.57611  0.101479  0.0871962
14  2.63894  0.147214  0.170553
14  2.70177  0.128163  0.117927
14  2.7646  0.0693963  0.070737
14  2.82743  0.0577124  0.0571629
14  2.89027  0  0
14  2.9531  0  0
14  3.01593  0  0
14  3.07876  0  0
14.5  0  0  0
14.5  0.0628319  0  0
14.5  0.125664  0  0
14.5  0.188496  0  0
14.5  0.251327  0.141489  0.071339
14.5  0.314159  0.135537  0.109638
14.5  0.376991  0.134743  0.133624
14.5  0.439823  0.102214  0.144157
14.5  0.502655  0.0707259  0.0416974
14.5  0.565487  0.0658444  0.0332614
14.5  0.628319  0.0768688  0.0373002
14.5  0.69115  0.0653149  0.0196981
14.5  0.753982  0.0682436  0.0176801
14.5  0.816814  0.0591561  0.0104488
14.5  0.879646  0.0711885  0.0154282
14.5  0.942478  0.0640809  0.0111396
14.5  1.00531  0.0763798  0.015567
14.5  1.06814  0.0867082  0.0215682
14.5  1.13097  0.102585  0.033735
14.5  1.19381  0.10664  0.0369696
14.5  1.25664  0.110328  0.0410161
14.5  1.31947  0.107932  0.0357272
14.5  1.3823  0.116089  0.0442417
14.5  1.44513  0.0892869  0.0236254
14.5  1.50796  0.107993  0.0343475
14.5  1.5708  0.106707  0.033187
14.5  1.63363  0.0989996  0.0270442
14.5  1.69646  0.0893603  0.0216446
14.5  1.75929  0.11152  0.0365596
14.5  1.82212  0.10237  0.0316821
14.5  1.88496  0.0892971  0.0234744
14.5  1.94779  0.0881224  0.0264436
14.5  2.01062  0.094691  0.0250263
14.5  2.07345  0.0807063  0.0173053
14.5  2.13628  0.0607476  0.00906193
14.5  2.19911  0.0548904  0.00851783
14.5  2.26195  0.0606741  0.0106264
14.5  2.32478  0.0629728  0.0138188
14.5  2.38761  0.0569375  0.0155267
14.5  2.45044  0.0549617  0.0188039
14.5  2.51327  0.0602716  0.0286992
14.5  2.57611  0.0862824  0.0680418
14.5  2.63894  0.0897457  0.13222
14.5  2.70177  0.108923  0.109616
14.5  2.7646  0.0990363  0.0919969
14.5  2.82743  0  0
14.5  2.89027  0  0
14.5  2.9531  0  0
14.5  3.01593  0  0
14.5  3.07876  0  0
15  0  0  0
15  0.0628319  0  0
15  0.125664  0  0
15  0.188496  0  0
15  0.251327  0.134294  0.114309
15  0.314159  0.056946  0.105388
15  0.376991  0.0727563  0.114957
15  0.439823  0.0955848  0.132885
15  0.502655  0.117599  0.167395
15  0.565487  0.0978295  0.0877336
15  0.628319  0.0574188  0.0210904
15  0.69115  0.0750455  0.0237092
15  0.753982  0.0618807  0.0138969
15  0.816814  0.0594007  0.0103664
15  0.879646  0.0573933  0.00896719
15  0.942478  0.074339  0.0164067
15  1.00531  0.0705893  0.012807
15  1.06814  0.0851256  0.0197727
15  1.13097  0.07945  0.0169514
15  1.19381  0.0862841  0.0209289
15  1.25664  0.103093  0.0357056
15  1.31947  0.121632  0.0511286
15  1.3823  0.110079  0.0353636
15  1.44513  0.0968102  0.0299365
15  1.50796  0.117814  0.0429865
15  1.5708  0.0964878  0.0278191
15  1.63363  0.0883922  0.0213095
15  1.69646  0.112415  0.0412052
15  1.75929  0.103651  0.0293707
15  1.82212  0.0970861  0.0266062
15  1.88496  0.100389  0.0299308
15  1.94779  0.0826482  0.0210078
15  2.01062  0.0834259  0.0198954
15  2.07345  0.0642547  0.0113647
15  2.13628  0.0662176  0.0123965
15  2.19911  0.0575652  0.0092778
15  2.26195  0.0639919  0.0131992
15  2.32478  0.050089  0.00938082
15  2.38761  0.0609686  0.0159476
15  2.45044  0.00852646  0.146475
15  2.51327  0.0668457  0.0371947
15  2.57611  0.118101  0.174068
15  2.63894  0.111419  0.162258
15  2.70177  0.135813  0.0938793
15  2.7646  0.057919  0.0725566
15  2.82743  0.334989  0.256488
15  2.89027  0  0
15  2.9531  0  0
15  3.01593  0  0
15  3.07876  0  0
15.5  0  0  0
15.5  0.0628319  0  0
15.5  0.125664  0  0
15.5  0.188496  0  0
15.5  0.251327  0.2328  0.191831
15.5  0.314159  0.153035  0.11754
15.5  0.376991  0.127879  0.102235
15.5  0.439823  0.0821859  0.121517
15.5  0.502655  0.07359  0.0523712
15.5  0.565487  0.0863958  0.0655253
15.5  0.628319  0.0670727  0.0313374
15.5  0.69115  0.06577  0.0193976
15.5  0.753982  0.0562331  0.0113684
15.5  0.816814  0.0546388  0.00874573
15.5  0.879646  0.0578159  0.00799126
15.5  0.942478  0.0719437  0.0138038
15.5  1.00531  0.0788225  0.0180437
15.5  1.06814  0.0908595  0.0236952
15.5  1.13097  0.0842005  0.0220815
15.5  1.19381  0.0925005  0.0249929
15.5  1.25664  0.0990549  0.0287242
15.5  1.31947  0.134677  0.0633801
15.5  1.3823  0.113165  0.0403557
15.5  1.44513  0.0991702  0.030171
15.5  1.50796  0.102986  0.0310331
15.5  1.5708  0.116545  0.0417344
15.5  1.63363  0.108841  0.0435662
15.5  1.69646  0.0965653  0.0261562
15.5  1.75929  0.104897  0.0342871
15.5  1.82212  0.110939  0.0379723
15.5  1.88496  0.0929081  0.0250101
15.5  1.94779  0.091601  0.0275807
15.5  2.01062  0.0767974  0.0168959
15.5  2.07345  0.0733558  0.015096
15.5  2.13628  0.074982  0.0148417
15.5  2.19911  0.0598672  0.00968931
15.5  2.26195  0.0634254  0.0108259
15.5  2.32478  0.0705475  0.0165801
15.5  2.38761  0.0562151  0.0154944
15.5  2.45044  0.0853008  0.0450989
15.5  2.51327  0.0695952  0.0376364
15.5  2.57611  0.110064  0.153851
15.5  2.63894  0.15306  0.175568
15.5  2.70177  0.0815101  0.0962831
15.5  2.7646  0.111268  0.163048
15.5  2.82743  0.094135  0.0523809
15.5  2.89027  0  0
15.5  2.9531  0  0
15.5  3.01593  0  0
15.5  3.07876  0  0
16  0  0  0
16  0.0628319  0  0
16  0.125664  0  0
16  0.188496  0  0
16  0.251327  0.0885379  0.0832616
16  0.314159  0.21266  0.153536
16  0.376991  0.0751243  0.0955499
16  0.439823  0.114923  0.146349
16  0.502655  0.0780857  0.126153
16  0.565487  0.0678073  0.0352471
16  0.628319  0.0722372  0.0292877
16  0.69115  0.0599491  0.0160197
16  0.753982  0.0548535  0.0100538
16  0.816814  0.0528685  0.008517
16  0.879646  0.0629903  0.0102383
16  0.942478  0.0705525  0.0135924
16  1.00531  0.0840269  0.0220562
16  1.06814  0.0769641  0.0160118
16  1.13097  0.00463129  0.229045
16  1.19381  0.10627  0.0319232
16  1.25664  0.0882451  0.0222577
16  1.31947  0.0943154  0.0284152
16  1.3823  0.110957  0.0371106
16  1.44513  0.0930124  0.0259385
16  1.50796  0.112805  0.0393071
16  1.5708  0.107215  0.0350191
16  1.63363  0.127341  0.0541522
16  1.69646  0.116834  0.0418674
16  1.75929  0.100654  0.0305749
16  1.82212  0.0862741  0.0200137
16  1.88496  0.100546  0.0287185
16  1.94779  0.0875327  0.0244785
16  2.01062  0.078968  0.0169782
16  2.07345  0.0787184  0.0170231
16  2.13628  0.0734183  0.015009
16  2.19911  0.0668776  0.013111
16  2.26195  0.0642165  0.0125717
16  2.32478  0.0669555  0.0166393
16  2.38761  0.0814062  0.0291387
16  2.45044  0.051991  0.017743
16  2.51327  0.0729942  0.0345879
16  2.57611  0.0814459  0.0576252
16  2.63894  0.195492  0.102026
16  2.70177  0.0924407  0.12248
16  2.7646  0.193047  0.17384
16  2.82743  0.0522262  0.0710787
16  2.89027  0.258759  1.70226
16  2.9531  0  0
16  3.01593  0  0
16  3.07876  0  0
16.5  0  0  0
16.5  0.0628319  0  0
16.5  0.125664  0  0
16.5  0.188496  0  0
16.5  0.251327  0.112503  0.0779342
16.5  0.314159  0.153082  0.0810227
16.5  0.376991  0.105161  0.142937
16.5  0.439823  0.119773  0.17259
16.5  0.502655  0.0785307  0.044063
16.5  0.565487  0.096019  0.0720274
16.5  0.628319  0.0730293  0.0348104
16.5  0.69115  0.0625044  0.0169678
16.5  0.753982  0.0584636  0.0124874
16.5  0.816814  0.0728189  0.0155097
16.5  0.879646  0.0682159  0.0125951
16.5  0.942478  0.0610149  0.00932224
16.5  1.00531  0.0852419  0.0197405
16.5  1.06814  0.0825643  0.0216033
16.5  1.13097  0.0916527  0.0259636
16.5  1.19381  0.0865824  0.0194812
16.5  1.25664  0.098034  0.027244
16.5  1.31947  0.0891529  0.0228509
16.5  1.3823  0.0977425  0.0276063
16.5  1.44513  0.10859  0.0340139
16.5  1.50796  0.095678  0.0247086
16.5  1.5708  0.0941487  0.025458
16.5  1.63363  0.105276  0.035115
16.5  1.69646  0.0988702  0.0310858
16.5  1.75929  0.114242  0.0466519
16.5  1.82212  0.0935561  0.0259766
16.5  1.88496  0.0828246  0.0198324
16.5  1.94779  0.084231  0.0191437
16.5  2.01062  0.0844396  0.0195527
16.5  2.07345  0.0716643  0.0139463
16.5  2.13628  0.0637278  0.0111365
16.5  2.19911  0.0608376  0.00965472
16.5  2.26195  0.0608583  0.0102561
16.5  2.32478  0.0564465  0.0108785
16.5  2.38761  0.0733463  0.0231328
16.5  2.45044  0.0711635  0.0277639
16.5  2.51327  0.068122  0.0407644
16.5  2.57611  0.137011  0.156072
16.5  2.63894  0.106677  0.13605
16.5  2.70177  0.038418  0.0373652
16.5  2.7646  0.0289814  0.0348805
16.5  2.82743  0.218652  0.141552
16.5  2.89027  0.258759  1.70225
16.5  2.9531  0  0
16.5  3.01593  0  0
16.5  3.07876  0  0
17  0  0  0
17  0.0628319  0  0
17  0.125664  0  0
17  0.188496  0  0
17  0.251327  0.101934  0.0829623
17  0.314159  0.0404997  0.0799744
17  0.376991  0.117745  0.124773
17  0.439823  0.118967  0.160736
17  0.502655  0.0909066  0.0609926
17  0.565487  0.0672954  0.0361647
17  0.628319  0.0755274  0.0357352
17  0.69115  0.0650672  0.0196812
17  0.753982  0.0546976  0.0104012
17  0.816814  0.0616775  0.0112426
17  0.879646  0.0623334  0.0102371
17  0.942478  0.0633439  0.0109517
17  1.00531  0.075149  0.0153381
17  1.06814  0.0720843  0.0146444
17  1.13097  0.0730367  0.0143115
17  1.19381  0.0833378  0.0187906
17  1.25664  0.086352  0.0229357
17  1.31947  0.110782  0.0390189
17  1.3823  0.102688  0.0314347
17  1.44513  0.109691  0.0340139
17  1.50796  0.0999016  0.0318468
17  1.5708  0.0965008  0.0264532
17  1.63363  0.0924882  0.0240835
17  1.69646  0.105766  0.0367673
17  1.75929  0.0892089  0.0216413
17  1.82212  0.0978464  0.0340902
17  1.88496  0.0810529  0.0170055
17  1.94779  0.0803246  0.0164773
17  2.01062  0.0793973  0.0176251
17  2.07345  0.0755962  0.0145939
17  2.13628  0.0567894  0.00830094
17  2.19911  0.0661968  0.0112914
17  2.26195  0.0612261  0.0114209
17  2.32478  0.0569736  0.0108449
17  2.38761  0.0528489  0.012452
17  2.45044  0.0635854  0.0219695
17  2.51327  0.0860137  0.0598773
17  2.57611  0.061718  0.0413857
17  2.63894  0.0935319  0.0802012
17  2.70177  0.172418  0.137688
17  2.7646  0.147128  0.0927361
17  2.82743  0.0805886  0.0519297
17  2.89027  0  0
17  2.9531  0  0
17  3.01593  0  0
17  3.07876  0  0
17.5  0  0  0
17.5  0.0628319  0  0
17.5  0.125664  0  0
17.5  0.188496  0  0
17.5  0.251327  0.0956893  0.0537358
17.5  0.314159  0.104254  0.11334
17.5  0.376991  0.0921851  0.125134
17.5  0.439823  0.0962696  0.137279
17.5  0.502655  0.0969252  0.0746479
17.5  0.565487  0.0840073  0.0522214
17.5  0.628319  0.0622865  0.0286199
17.5  0.69115  0.054912  0.0139388
17.5  0.753982  0.0520223  0.00935165
17.5  0.816814  0.0537054  0.00863229
17.5  0.879646  0.0586486  0.00913722
17.5  0.942478  0.0635136  0.0117488
17.5  1.00531  0.0698271  0.0136216
17.5  1.06814  0.0791217  0.0180913
17.5  1.13097  0.0912201  0.0231173
17.5  1.19381  0.0836264  0.0208607
17.5  1.25664  0.0958585  0.0277293
17.5  1.31947  0.0914756  0.0240604
17.5  1.3823  0.117731  0.0416207
17.5  1.44513  0.0996853  0.0269376
17.5  1.50796  0.133093  0.0635736
17.5  1.5708  0.106835  0.0341975
17.5  1.63363  0.100685  0.0327535
17.5  1.69646  0.101833  0.0319288
17.5  1.75929  0.11315  0.0430271
17.5  1.82212  0.0999689  0.0316904
17.5  1.88496  0.0960203  0.0259211
17.5  1.94779  0.0902449  0.0219838
17.5  2.01062  0.0778938  0.0170131
17.5  2.07345  0.0769951  0.0168038
17.5  2.13628  0.0726535  0.0151445
17.5  2.19911  0.062897  0.0109258
17.5  2.26195  0.0558389  0.00895364
17.5  2.32478  0.0528394  0.0096006
17.5  2.38761  0.0609415  0.0174847
17.5  2.45044  0.078765  0.0427333
17.5  2.51327  0.0679738  0.0291237
17.5  2.57611  0.121569  0.176041
17.5  2.63894  0.0896955  0.132857
17.5  2.70177  0.116098  0.128399
17.5  2.7646  0.0833788  0.109163
17.5  2.82743  0.148437  0.108983
17.5  2.89027  0  0
17.5  2.9531  0  0
17.5  3.01593  0  0
17.5  3.07876  0  0
18  0  0  0
18  0.0628319  0  0
18  0.125664  0  0
18  0.188496  0  0
18  0.251327  0.0716254  0.0406631
18  0.314159  0.17723  0.0924842
18  0.376991  0.102689  0.143354
18  0.439823  0.0810772  0.128837
18  0.502655  0.0812717  0.0527609
18  0.565487  0.107185  0.157557
18  0.628319  0.05473  0.0192348
18  0.69115  0.00216876  0.17289
18  0.753982  0.0511482  0.00893162
18  0.816814  0.0502756  0.0071406
18  0.879646  0.0582449  0.00948789
18  0.942478  0.0648438  0.0129419
18  1.00531  0.0667897  0.0125716
18  1.06814  0.083266  0.0197112
18  1.13097  0.0789598  0.017542
18  1.19381  0.0836525  0.0205425
18  1.25664  0.117132  0.0439045
18  1.31947  0.0998299  0.0267635
18  1.3823  0.0995421  0.0292372
18  1.44513  0.103877  0.0341308
18  1.50796  0.096757  0.0250615
18  1.5708  0.120105  0.0446551
18  1.63363  0.11174  0.0397806
18  1.69646  0.101568  0.0323219
18  1.75929  0.102174  0.029813
18  1.82212  0.0940908  0.0250266
18  1.88496  0.0857849  0.020905
18  1.94779  0.083349  0.0221529
18  2.01062  0.0828454  0.0191227
18  2.07345  0.0717559  0.0154802
18  2.13628  0.0603611  0.00982108
18  2.19911  0.0729515  0.0153541
18  2.26195  0.0519478  0.00753389
18  2.32478  0.0613542  0.0129542
18  2.38761  0.0717146  0.024677
18  2.45044  0.0693342  0.0311584
18  2.51327  0.0751525  0.0500004
18  2.57611  0.0873333  0.0767062
18  2.63894  0.0756685  0.0746623
18  2.70177  0.137931  0.120899
18  2.7646  0.0902704  0.0940934
18  2.82743  0.102048  0.101468
18  2.89027  0  0
18  2.9531  0  0
18  3.01593  0  0
18  3.07876  0  0
18.5  0  0  0
18.5  0.0628319  0  0
18.5  0.125664  0  0
18.5  0.188496  0  0
18.5  0.251327  0.100708  0.0507407
18.5  0.314159  0.112993  0.089749
18.5  0.376991  0.0766081  0.101443
18.5  0.439823  0.0650313  0.0586815
18.5  0.502655  0.0605489  0.0445052
18.5  0.565487  0.0751994  0.0490896
18.5  0.628319  0.0628599  0.0260304
18.5  0.69115  0.068858  0.0216112
18.5  0.753982  0.0502223  0.00945776
18.5  0.816814  0.049811  0.0074445
18.5  0.879646  0.0608808  0.0110144
18.5  0.942478  0.0638931  0.011334
18.5  1.00531  0.0761378  0.0167704
18.5  1.06814  0.0914535  0.0247173
18.5  1.13097  0.088472  0.0233537
18.5  1.19381  0.0904491  0.0220131
18.5  1.25664  0.0943891  0.0231725
18.5  1.31947  0.0967293  0.0266137
18.5  1.3823  0.0976306  0.0286801
18.5  1.44513  0.108834  0.0384614
18.5  1.50796  0.098374  0.02816
18.5  1.5708  0.103595  0.0333844
18.5  1.63363  0.116572  0.0425789
18.5  1.69646  0.107569  0.0322672
18.5  1.75929  0.115294  0.0413315
18.5  1.82212  0.0882507  0.0215651
18.5  1.88496  0.0835142  0.0190748
18.5  1.94779  0.089929  0.0212361
18.5  2.01062  0.069449  0.0129177
18.5  2.07345  0.0790674  0.0178123
18.5  2.13628  0.0770112  0.0147625
18.5  2.19911  0.0689131  0.0131298
18.5  2.26195  0.0483574  0.0064195
18.5  2.32478  0.0527096  0.00975979
18.5  2.38761  0.0575863  0.016901
18.5  2.45044  0.0505959  0.0145146
18.5  2.51327  0.0873793  0.0679154
18.5  2.57611  0.141818  0.174171
18.5  2.63894  0.0859056  0.0790899
18.5  2.70177  0.117648  0.163672
18.5  2.7646  0.0970699  0.125837
18.5  2.82743  0.0806736  0.0590066
18.5  2.89027  0  0
18.5  2.9531  0  0
18.5  3.01593  0  0
18.5  3.07876  0  0
19  0  0  0
19  0.0628319  0  0
19  0.125664  0  0
19  0.188496  0  0
19  0.251327  0.0389501  0.053379
19  0.314159  0.0835617  0.0925514
19  0.376991  0.117751  0.139742
19  0.439823  0.0633471  0.051151
19  0.502655  0.074786  0.0528408
19  0.565487  0.0839943  0.0473095
19  0.628319  0.0590406  0.0239932
19  0.69115  0.0575293  0.0134741
19  0.753982  0.0558074  0.0112846
19  0.816814  0.06775  0.0139157
19  0.879646  0.0609003  0.0105431
19  0.942478  0.0785583  0.0188261
19  1.00531  0.0715555  0.012927
19  1.06814  0.0760907  0.0163003
19  1.13097  0.0925762  0.0249364
19  1.19381  0.086151  0.0212692
19  1.25664  0.0941153  0.0238507
19  1.31947  0.0977885  0.0275117
19  1.3823  0.0897739  0.0225879
19  1.44513  0.0990993  0.0292828
19  1.50796  0.0973578  0.0279771
19  1.5708  0.0985806  0.0286167
19  1.63363  0.106775  0.0391203
19  1.69646  0.107171  0.0369437
19  1.75929  0.089678  0.0219673
19  1.82212  0.110353  0.0401666
19  1.88496  0.0840823  0.0213994
19  1.94779  0.0784524  0.017014
19  2.01062  0.087838  0.0228584
19  2.07345  0.0755394  0.0152055
19  2.13628  0.0608285  0.0108853
19  2.19911  0.0634831  0.0107002
19  2.26195  0.0602777  0.0100734
19  2.32478  0.0543404  0.0121753
19  2.38761  0.0590273  0.0161346
19  2.45044  0.0781917  0.0355895
19  2.51327  0.0473551  0.0177201
19  2.57611  0.0771228  0.0682728
19  2.63894  0.101505  0.0760259
19  2.70177  0.216375  0.110133
19  2.7646  0.214142  0.173344
19  2.82743  0.0528794  0.0881971
19  2.89027  0  0
19  2.9531  0  0
19  3.01593  0  0
19  3.07876  0  0
19.5  0  0  0
19.5  0.0628319  0  0
19.5  0.125664  0  0
19.5  0.188496  0  0
19.5  0.251327  0.188321  0.0953047
19.5  0.314159  0.0508266  0.083486
19.5  0.376991  0.0541555  0.0755762
19.5  0.439823  0.114241  0.163709
19.5  0.502655  0.0900994  0.0689983
19.5  0.565487  0.0813382  0.0508848
19.5  0.628319  0.0590657  0.0215313
19.5  0.69115  0.0515573  0.0122645
19.5  0.753982  0.0554206  0.0105732
19.5  0.816814  0.0555144  0.00954649
19.5  0.879646  0.0553457  0.00801196
19.5  0.942478  0.0660683  0.0117043
19.5  1.00531  0.0743935  0.0141175
19.5  1.06814  0.0785999  0.0177811
19.5  1.13097  0.0865718  0.0213461
19.5  1.19381  0.103486  0.0332208
19.5  1.25664  0.108654  0.0446931
19.5  1.31947  0.109235  0.0391394
19.5  1.3823  0.0995948  0.030758
19.5  1.44513  0.10612  0.0363496
19.5  1.50796  0.10835  0.0342102
19.5  1.5708  0.0979823  0.0281072
19.5  1.63363  0.102313  0.0295108
19.5  1.69646  0.104303  0.0344034
19.5  1.75929  0.102112  0.0286016
19.5  1.82212  0.0955613  0.0270116
19.5  1.88496  0.0940014  0.0257346
19.5  1.94779  0.0873246  0.0239269
19.5  2.01062  0.0759033  0.0162515
19.5  2.07345  0.0854603  0.0220736
19.5  2.13628  0.0702709  0.0127325
19.5  2.19911  0.0589347  0.00939552
19.5  2.26195  0.0644915  0.0127422
19.5  2.32478  0.0531464  0.0111075
19.5  2.38761  0.0551915  0.0147959
19.5  2.45044  0.0622924  0.0249368
19.5  2.51327  0.0658881  0.0405945
19.5  2.57611  0.0789939  0.0586366
19.5  2.63894  0.074015  0.112438
19.5  2.70177  0.0606909  0.105574
19.5  2.7646  0.113018  0.0620431
19.5  2.82743  0.0763948  0.044435
19.5  2.89027  0  0
19.5  2.9531  0  0
19.5  3.01593  0  0
19.5  3.07876  0  0
20  0  0  0
20  0.0628319  0  0
20  0.125664  0  0
20  0.188496  0  0
20  0.251327  0.106873  0.0825378
20  0.314159  0.0459416  0.0459382
20  0.376991  0.113642  0.123521
20  0.439823  0.0994388  0.140322
20  0.502655  0.0939358  0.0844634
20  0.565487  0.0629157  0.0323846
20  0.628319  0.0805899  0.0434259
20  0.69115  0.0641751  0.0225431
20  0.753982  0.0465752  0.00763277
20  0.816814  0.0620246  0.0119521
20  0.879646  0.0628349  0.0103141
20  0.942478  0.0634552  0.0111216
20  1.00531  0.0783483  0.0173204
20  1.06814  0.0903458  0.0252905
20  1.13097  0.0842613  0.0211531
20  1.19381  0.106235  0.0369861
20  1.25664  0.0112659  0.237905
20  1.31947  0.0951619  0.0284214
20  1.3823  0.0957501  0.0280846
20  1.44513  0.111139  0.0390246
20  1.50796  0.125765  0.0483567
20  1.5708  0.102057  0.0301432
20  1.63363  0.122786  0.0495179
20  1.69646  0.0957351  0.0282284
20  1.75929  0.100386  0.0322558
20  1.82212  0.104362  0.036815
20  1.88496  0.095908  0.0337803
20  1.94779  0.0881618  0.022794
20  2.01062  0.0798559  0.0187436
20  2.07345  0.0846222  0.0209944
20  2.13628  0.065412  0.0115018
20  2.19911  0.0632197  0.0106705
20  2.26195  0.0550504  0.00935074
20  2.32478  0.0528858  0.00969622
20  2.38761  0.0597156  0.0163313
20  2.45044  0.0761016  0.0361945
20  2.51327  0.0941241  0.0640959
20  2.57611  0.0715601  0.0625093
20  2.63894  0.0772727  0.0680301
20  2.70177  0.0924384  0.126664
20  2.7646  0.117261  0.0666712
20  2.82743  0.145722  0.109387
20  2.89027  0  0
20  2.9531  0  0
20  3.01593  0  0
20  3.07876  0  0
20.5  0  0  0
20.5  0.0628319  0  0
20.5  0.125664  0  0
20.5  0.188496  0  0
20.5  0.251327  0.117842  0.114476
20.5  0.314159  0.103034  0.0953696
20.5  0.376991  0.176228  0.0895511
20.5  0.439823  0.0916501  0.0929493
20.5  0.502655  0.0651701  0.0502326
20.5  0.565487  0.0737588  0.0363229
20.5  0.628319  0.075028  0.0378795
20.5  0.69115  0.0719443  0.0241883
20.5  0.753982  0.0503151  0.00938583
20.5  0.816814  0.055464  0.00890705
20.5  0.879646  0.0690616  0.0122988
20.5  0.942478  0.0662925  0.01327
20.5  1.00531  0.071341  0.0142578
20.5  1.06814  0.077143  0.0160122
20.5  1.13097  0.0903235  0.0232625
20.5  1.19381  0.0868671  0.0199146
20.5  1.25664  0.0901811  0.0226054
20.5  1.31947  0.0942422  0.0235459
20.5  1.3823  0.106344  0.0392518
20.5  1.44513  0.131265  0.067216
20.5  1.50796  0.104322  0.0330166
20.5  1.5708  0.097892  0.0270412
20.5  1.63363  0.109946  0.0372829
20.5  1.69646  0.0944054  0.0271555
20.5  1.75929  0.0949411  0.0250913
20.5  1.82212  0.122604  0.052332
20.5  1.88496  0.0783167  0.0163554
20.5  1.94779  0.0799325  0.0169208
20.5  2.01062  0.0689767  0.0133189
20.5  2.07345  0.0748027  0.0165786
20.5  2.13628  0.0690415  0.0130324
20.5  2.19911  0.0689501  0.013831
20.5  2.26195  0.0528754  0.0091307
20.5  2.32478  0.0602292  0.0132253
20.5  2.38761  0.0508233  0.0130863
20.5  2.45044  0.0571233  0.0218631
20.5  2.51327  0.0692486  0.0387916
20.5  2.57611  0.0669787  0.0515553
20.5  2.63894  0.107987  0.157394
20.5  2.70177  0.205185  0.204229
20.5  2.7646  0.22421  0.222366
20.5  2.82743  0.0272569  0.0238849
20.5  2.89027  0  0
20.5  2.9531  0  0
20.5  3.01593  0  0
20.5  3.07876  0  0
21  0  0  0
21  0.0628319  0  0
21  0.125664  0  0
21  0.188496  0  0
21  0.251327  0.114794  0.0748822
21  0.314159  0.0950187  0.0930834
21  0.376991  0.10804  0.082969
21  0.439823  0.0928339  0.142248
21  0.502655  0.101968  0.155848
21  0.565487  0.0809836  0.0476694
21  0.628319  0.0533171  0.0199252
21  0.69115  0.0633053  0.0209197
21  0.753982  0.0691485  0.0164003
21  0.816814  0.0610034  0.0110287
21  0.879646  0.0620427  0.0105108
21  0.942478  0.0594178  0.00854427
21  1.00531  0.0758695  0.0169527
21  1.06814  0.0846987  0.0208778
21  1.13097  0.0876381  0.0230628
21  1.19381  0.084494  0.0206282
21  1.25664  0.0915964  0.0253014
21  1.31947  0.0926956  0.0269076
21  1.3823  0.10354  0.0332466
21  1.44513  0.117086  0.0448397
21  1.50796  0.0935213  0.0261989
21  1.5708  0.109533  0.0361584
21  1.63363  0.100667  0.0301398
21  1.69646  0.113281  0.0470186
21  1.75929  0.0973181  0.0249697
21  1.82212  0.103888  0.035943
21  1.88496  0.0866456  0.0196394
21  1.94779  0.0878346  0.0259359
21  2.01062  0.0752259  0.0143129
21  2.07345  0.0773516  0.0181126
21  2.13628  0.0627538  0.0113581
21  2.19911  0.0552741  0.00784042
21  2.26195  0.0626876  0.0118318
21  2.32478  0.0558278  0.0107748
21  2.38761  0.0582103  0.0155001
21  2.45044  0.0470501  0.0118837
21  2.51327  0.07328  0.0448425
21  2.57611  0.067301  0.039177
21  2.63894  0.0824418  0.132959
21  2.70177  0.0468675  0.0503883
21  2.7646  0.14654  0.0759035
21  2.82743  0.146153  0.0789659
21  2.89027  0  0
21  2.9531  0  0
21  3.01593  0  0
21  3.07876  0  0
21.5  0  0  0
21.5  0.0628319  0  0
21.5  0.125664  0  0
21.5  0.188496  0  0
21.5  0.251327  0.021016  0.0517329
21.5  0.314159  0.0383611  0.0728389
21.5  0.376991  0.120233  0.141594
21.5  0.439823  0.142372  0.163588
21.5  0.502655  0.0539843  0.0275505
21.5  0.565487  0.0427272  0.0148981
21.5  0.628319  0.0782774  0.0415363
21.5  0.69115  0.0757891  0.0295505
21.5  0.753982  0.0550581  0.0107256
21.5  0.816814  0.0654439  0.0121325
21.5  0.879646  0.0530769  0.00737597
21.5  0.942478  0.0777263  0.0170042
21.5  1.00531  0.0748756  0.0140953
21.5  1.06814  0.0903916  0.0220187
21.5  1.13097  0.0870411  0.0221428
21.5  1.19381  0.085311  0.0181706
21.5  1.25664  0.0915396  0.0250241
21.5  1.31947  0.0905948  0.0235233
21.5  1.3823  0.085621  0.019415
21.5  1.44513  0.107678  0.039624
21.5  1.50796  0.112582  0.0386264
21.5  1.5708  0.124205  0.0546502
21.5  1.63363  0.114837  0.0412367
21.5  1.69646  0.116019  0.0452823
21.5  1.75929  0.0839109  0.0185692
21.5  1.82212  0.0954134  0.0252656
21.5  1.88496  0.0906322  0.022366
21.5  1.94779  0.100222  0.0306105
21.5  2.01062  0.0787387  0.017731
21.5  2.07345  0.0744512  0.0163511
21.5  2.13628  0.0650615  0.0117532
21.5  2.19911  0.06003  0.00925021
21.5  2.26195  0.047556  0.00602154
21.5  2.32478  0.0514909  0.00951078
21.5  2.38761  0.059561  0.0162536
21.5  2.45044  0.0591227  0.0225266
21.5  2.51327  0.0496088  0.0190069
21.5  2.57611  0.0914474  0.144711
21.5  2.63894  0.0802185  0.128052
21.5  2.70177  0.106547  0.116745
21.5  2.7646  0.107933  0.114857
21.5  2.82743  0.0146334  0.0286134
21.5  2.89027  0  0
21.5  2.9531  0  0
21.5  3.01593  0  0
21.5  3.07876  0  0
22  0  0  0
22  0.0628319  0  0
22  0.125664  0  0
22  0.188496  0  0
22  0.251327  0.0219734  0.0441585
22  0.314159  0.0826241  0.0966885
22  0.376991  0.042513  0.0439744
22  0.439823  0.0467489  0.0346555
22  0.502655  0.09685  0.0779028
22  0.565487  0.0500893  0.0215204
22  0.628319  0.064853  0.0263786
22  0.69115  0.0587411  0.0174628
22  0.753982  0.0498158  0.00812369
22  0.816814  0.0580917  0.0109168
22  0.879646  0.0552147  0.00821687
22  0.942478  0.066998  0.0111898
22  1.00531  0.0691159  0.0126262
22  1.06814  0.0744515  0.0167484
22  1.13097  0.086833  0.0213357
22  1.19381  0.107758  0.0370162
22  1.25664  0.100422  0.0299688
22  1.31947  0.0919928  0.0233059
22  1.3823  0.103806  0.0302224
22  1.44513  0.095399  0.0264792
22  1.50796  0.10055  0.0268333
22  1.5708  0.113085  0.0394845
22  1.63363  0.0944686  0.0260864
22  1.69646  0.0896123  0.0236336
22  1.75929  0.0895581  0.026179
22  1.82212  0.0976144  0.0275569
22  1.88496  0.0900494  0.0241011
22  1.94779  0.0918654  0.0253966
22  2.01062  0.0860688  0.0218678
22  2.07345  0.0723804  0.0138947
22  2.13628  0.0648548  0.0120917
22  2.19911  0.0646973  0.011352
22  2.26195  0.0532545  0.0083298
22  2.32478  0.0594066  0.0115712
22  2.38761  0.0661449  0.0211102
22  2.45044  0.070353  0.026676
22  2.51327  0.0779776  0.0444274
22  2.57611  0.0874965  0.138587
22  2.63894  0.0907001  0.0850654
22  2.70177  0.0658627  0.0843018
22  2.7646  0.16802  0.143377
22  2.82743  0.0344644  0.0543001
22  2.89027  0.17777  1.34595
22  2.9531  0  0
22  3.01593  0  0
22  3.07876  0  0
22.5  0  0  0
22.5  0.0628319  0  0
22.5  0.125664  0  0
22.5  0.188496  0  0
22.5  0.251327  0.207783  0.106258
22.5  0.314159  0.118257  0.0657161
22.5  0.376991  0.103952  0.149142
22.5  0.439823  0.0566118  0.0555151
22.5  0.502655  0.0618194  0.0439074
22.5  0.565487  0.0915111  0.0692691
22.5  0.628319  0.0519793  0.017619
22.5  0.69115  0.0782782  0.0313769
22.5  0.753982  0.0604911  0.013218
22.5  0.816814  0.0526787  0.00813632
22.5  0.879646  0.0598971  0.00901839
22.5  0.942478  0.0621695  0.0105354
22.5  1.00531  0.0711942  0.014878
22.5  1.06814  0.0755708  0.0177904
22.5  1.13097  0.0822287  0.018327
22.5  1.19381  0.0812019  0.0197912
22.5  1.25664  0.0869855  0.0212248
22.5  1.31947  0.0820169  0.0184025
22.5  1.3823  0.0994322  0.0313389
22.5  1.44513  0.113428  0.0398788
22.5  1.50796  0.129055  0.0523187
22.5  1.5708  0.108426  0.0359205
22.5  1.63363  0.0942149  0.0259206
22.5  1.69646  0.0990436  0.0259624
22.5  1.75929  0.0974089  0.0287098
22.5  1.82212  0.0933913  0.0275545
22.5  1.88496  0.0853393  0.019993
22.5  1.94779  0.0794236  0.018463
22.5  2.01062  0.073777  0.0153807
22.5  2.07345  0.0795384  0.0163635
22.5  2.13628  0.0664733  0.0118021
22.5  2.19911  0.0649923  0.0114501
22.5  2.26195  0.0492443  0.00729874
22.5  2.32478  0.058358  0.0123049
22.5  2.38761  0.0584412  0.0153912
22.5  2.45044  0.0631621  0.0267048
22.5  2.51327  0.0663231  0.0401597
22.5  2.57611  0.0912325  0.143609
22.5  2.63894  0.099252  0.143153
22.5  2.70177  0.122665  0.134737
22.5  2.7646  0.102608  0.0931292
22.5  2.82743  0.274037  0.272042
22.5  2.89027  0  0
22.5  2.9531  0  0
22.5  3.01593  0  0
22.5  3.07876  0  0
23  0  0  0
23  0.0628319  0  0
23  0.125664  0  0
23  0.188496  0  0
23  0.251327  0.0718513  0.0404691
23  0.314159  0.130551  0.111319
23  0.376991  0.0445295  0.033701
23  0.439823  0.0691718  0.10888
23  0.502655  0.181899  0.1411
23  0.565487  0.0546194  0.0275288
23  0.628319  0.0801088  0.0433316
23  0.69115  0.0568255  0.0147559
23  0.753982  0.0597316  0.0119734
23  0.816814  0.0538942  0.00921406
23  0.879646  0.0593836  0.00938863
23  0.942478  0.0672123  0.01242
23  1.00531  0.0696457  0.0126983
23  1.06814  0.0839686  0.0198897
23  1.13097  0.0828826  0.0214565
23  1.19381  0.0815015  0.0185482
23  1.25664  0.103371  0.0342656
23  1.31947  0.114243  0.041767
23  1.3823  0.0959543  0.0254068
23  1.44513  0.111909  0.039353
23  1.50796  0.10287  0.0314353
23  1.5708  0.123309  0.0499575
23  1.63363  0.105198  0.0345661
23  1.69646  0.0984805  0.0273689
23  1.75929  0.0941117  0.024758
23  1.82212  0.101395  0.0351393
23  1.88496  0.102303  0.0335031
23  1.94779  0.0801493  0.0202069
23  2.01062  0.0954808  0.0260776
23  2.07345  0.0768315  0.0168204
23  2.13628  0.0614072  0.00950108
23  2.19911  0.0680157  0.013862
23  2.26195  0.0578154  0.0101843
23  2.32478  0.0547045  0.0103741
23  2.38761  0.0556672  0.0156169
23  2.45044  0.0672635  0.0349213
23  2.51327  0.0581715  0.0301305
23  2.57611  0.0737902  0.0547075
23  2.63894  0.0924965  0.143871
23  2.70177  0.173469  0.132384
23  2.7646  0.155092  0.151578
23  2.82743  0.175831  0.126462
23  2.89027  0  0
23  2.9531  0  0
23  3.01593  0  0
23  3.07876  0  0
23.5  0  0  0
23.5  0.0628319  0  0
23.5  0.125664  0  0
23.5  0.188496  0  0
23.5  0.251327  0.090574  0.0562182
23.5  0.314159  0.0415779  0.0726769
23.5  0.376991  0.0511201  0.0886554
23.5  0.439823  0.103811  0.141474
23.5  0.502655  0.052589  0.0447497
23.5  0.565487  0.0711156  0.0432408
23.5  0.628319  0.0569911  0.0193032
23.5  0.69115  0.0605351  0.019392
23.5  0.753982  0.0474957  0.00747288
23.5  0.816814  0.0587866  0.010841
23.5  0.879646  0.0661586  0.0128436
23.5  0.942478  0.062957  0.0110934
23.5  1.00531  0.0695332  0.0124867
23.5  1.06814  0.0878938  0.0224685
23.5  1.13097  0.0977403  0.0301019
23.5  1.19381  0.091364  0.0234413
23.5  1.25664  0.106379  0.0350673
23.5  1.31947  0.0876812  0.0201825
23.5  1.3823  0.101935  0.0299675
23.5  1.44513  0.108432  0.0379686
23.5  1.50796  0.107341  0.0338773
23.5  1.5708  0.111268  0.0387369
23.5  1.63363  0.093161  0.026212
23.5  1.69646  0.118724  0.0475315
23.5  1.75929  0.109335  0.0384691
23.5  1.82212  0.0883817  0.0225131
23.5  1.88496  0.113026  0.0383214
23.5  1.94779  0.0808788  0.0189614
23.5  2.01062  0.0871244  0.0249124
23.5  2.07345  0.0840162  0.0203895
23.5  2.13628  0.0601425  0.0092472
23.5  2.19911  0.0544648  0.00801436
23.5  2.26195  0.0600572  0.0103986
23.5  2.32478  0.0630601  0.0136968
23.5  2.38761  0.0577674  0.0139883
23.5  2.45044  0.0586954  0.0260601
23.5  2.51327  0.0765389  0.0569961
23.5  2.57611  0.0568758  0.0365385
23.5  2.63894  0.117933  0.121111
23.5  2.70177  0.0732734  0.114276
23.5  2.7646  0.12636  0.114182
23.5  2.82743  0.0533943  0.077868
23.5  2.89027  0.259062  1.67946
23.5  2.9531  0  0
23.5  3.01593  0  0
23.5  3.07876  0  0
24  0  0  0
24  0.0628319  0  0
24  0.125664  0  0
24  0.188496  0  0
24  0.251327  0.105976  0.0666623
24  0.314159  0.101566  0.0818621
24  0.376991  0.0807118  0.126699
24  0.439823  0.0500618  0.0370815
24  0.502655  0.0748337  0.0559022
24  0.565487  0.0618055  0.0320772
24  0.628319  0.0639756  0.0244792
24  0.69115  0.0589375  0.0166435
24  0.753982  0.0567025  0.0126639
24  0.816814  0.0534453  0.00842553
24  0.879646  0.064627  0.0112673
24  0.942478  0.0628679  0.010907
24  1.00531  0.0661581  0.0124402
24  1.06814  0.080638  0.018443
24  1.13097  0.0896521  0.0212272
24  1.19381  0.0898357  0.0240162
24  1.25664  0.0957714  0.0248258
24  1.31947  0.115952  0.0494211
24  1.3823  0.100284  0.0308156
24  1.44513  0.0923022  0.0235618
24  1.50796  0.100565  0.0281904
24  1.5708  0.103521  0.0316913
24  1.63363  0.114769  0.0432919
24  1.69646  0.108295  0.0397696
24  1.75929  0.105063  0.0337256
24  1.82212  0.099782  0.0343735
24  1.88496  0.0845126  0.0196405
24  1.94779  0.0839878  0.0212917
24  2.01062  0.0890717  0.0237442
24  2.07345  0.0725725  0.0134605
24  2.13628  0.0668996  0.0122159
24  2.19911  0.0645856  0.0115355
24  2.26195  0.0556993  0.0098259
24  2.32478  0.0544536  0.0106083
24  2.38761  0.0480618  0.00984309
24  2.45044  0.0601705  0.0290832
24  2.51327  0.0635757  0.0376465
24  2.57611  0.0702048  0.0491218
24  2.63894  0.0777914  0.0734032
24  2.70177  0.0415682  0.0475142
24  2.7646  0.101528  0.0686482
24  2.82743  0.0519041  0.0831229
24  2.89027  0  0
24  2.9531  0  0
24  3.01593  0  0
24  3.07876  0  0
24.5  0  0  0
24.5  0.0628319  0  0
24.5  0.125664  0  0
24.5  0.188496  0  0
24.5  0.251327  0.120743  0.111468
24.5  0.314159  0.152759  0.150158
24.5  0.376991  0.0902465  0.132863
24.5  0.439823  0.0687759  0.116775
24.5  0.502655  0.0525366  0.0267492
24.5  0.565487  0.044559  0.017045
24.5  0.628319  0.0673941  0.0267026
24.5  0.69115  0.0610099  0.016959
24.5  0.753982  0.0539151  0.0107838
24.5  0.816814  0.0494601  0.00722957
24.5  0.879646  0.0598889  0.00922552
24.5  0.942478  0.0714109  0.0146183
24.5  1.00531  0.0692434  0.0134944
24.5  1.06814  0.0750267  0.0154673
24.5  1.13097  0.0915554  0.0277819
24.5  1.19381  0.0791447  0.0165577
24.5  1.25664  0.0861494  0.0212031
24.5  1.31947  0.088801  0.0213001
24.5  1.3823  0.0948966  0.0311231
24.5  1.44513  0.100686  0.0285525
24.5  1.50796  0.104969  0.0338194
24.5  1.5708  0.0956722  0.0248362
24.5  1.63363  0.0920662  0.0251127
24.5  1.69646  0.0992784  0.0293615
24.5  1.75929  0.0932319  0.0247977
24.5  1.82212  0.0882896  0.0231797
24.5  1.88496  0.0969187  0.0314906
24.5  1.94779  0.0888825  0.0217635
24.5  2.01062  0.0827953  0.018928
24.5  2.07345  0.0828073  0.0190999
24.5  2.13628  0.0769981  0.0183405
24.5  2.19911  0.052526  0.00729566
24.5  2.26195  0.0556359  0.00960724
24.5  2.32478  0.056775  0.0105847
24.5  2.38761  0.062391  0.0204505
24.5  2.45044  0.049609  0.0171272
24.5  2.51327  0.055613  0.0264288
24.5  2.57611  0.0684561  0.048708
24.5  2.63894  0.0792426  0.123898
24.5  2.70177  0.0525804  0.0903861
24.5  2.7646  0.100744  0.0808172
24.5  2.82743  0.111046  0.0852436
24.5  2.89027  0  0
24.5  2.9531  0  0
24.5  3.01593  0  0
24.5  3.07876  0  0
