2  0  0  0
2  0.0628319  0  0
2  0.125664  0  0
2  0.188496  0  0
2  0.251327  0  0
2  0.314159  0  0
2  0.376991  0  0
2  0.439823  0  0
2  0.502655  0  0
2  0.565487  0  0
2  0.628319  0  0
2  0.69115  0  0
2  0.753982  0  0
2  0.816814  0  0
2  0.879646  0  0
2  0.942478  0  0
2  1.00531  0  0
2  1.06814  0  0
2  1.13097  0  0
2  1.19381  0  0
2  1.25664  0  0
2  1.31947  0  0
2  1.3823  0  0
2  1.44513  0  0
2  1.50796  0  0
2  1.5708  0  0
2  1.63363  0  0
2  1.69646  0  0
2  1.75929  0  0
2  1.82212  0  0
2  1.88496  0  0
2  1.94779  0  0
2  2.01062  0  0
2  2.07345  0  0
2  2.13628  0  0
2  2.19911  0  0
2  2.26195  0  0
2  2.32478  0  0
2  2.38761  0  0
2  2.45044  0  0
2  2.51327  0  0
2  2.57611  0  0
2  2.63894  0  0
2  2.70177  0  0
2  2.7646  0  0
2  2.82743  0  0
2  2.89027  0  0
2  2.9531  0  0
2  3.01593  0  0
2  3.07876  0  0
2.5  0  0  0
2.5  0.0628319  0  0
2.5  0.125664  0  0
2.5  0.188496  0  0
2.5  0.251327  0  0
2.5  0.314159  0  0
2.5  0.376991  0  0
2.5  0.439823  0  0
2.5  0.502655  0  0
2.5  0.565487  0  0
2.5  0.628319  0  0
2.5  0.69115  0  0
2.5  0.753982  0  0
2.5  0.816814  0  0
2.5  0.879646  0  0
2.5  0.942478  0  0
2.5  1.00531  0  0
2.5  1.06814  0  0
2.5  1.13097  0  0
2.5  1.19381  0  0
2.5  1.25664  0  0
2.5  1.31947  0  0
2.5  1.3823  0  0
2.5  1.44513  0  0
2.5  1.50796  0  0
2.5  1.5708  0  0
2.5  1.63363  0  0
2.5  1.69646  0  0
2.5  1.75929  0  0
2.5  1.82212  0  0
2.5  1.88496  0  0
2.5  1.94779  0  0
2.5  2.01062  0  0
2.5  2.07345  0  0
2.5  2.13628  0  0
2.5  2.19911  0  0
2.5  2.26195  0  0
2.5  2.32478  0  0
2.5  2.38761  0  0
2.5  2.45044  0  0
2.5  2.51327  0  0
2.5  2.57611  0  0
2.5  2.63894  0  0
2.5  2.70177  0  0
2.5  2.7646  0  0
2.5  2.82743  0  0
2.5  2.89027  0  0
2.5  2.9531  0  0
2.5  3.01593  0  0
2.5  3.07876  0  0
3  0  0  0
3  0.0628319  0  0
3  0.125664  0  0
3  0.188496  0  0
3  0.251327  0  0
3  0.314159  0  0
3  0.376991  0  0
3  0.439823  0  0
3  0.502655  0  0
3  0.565487  0  0
3  0.628319  0  0
3  0.69115  0  0
3  0.753982  0  0
3  0.816814  0  0
3  0.879646  0  0
3  0.942478  0  0
3  1.00531  0  0
3  1.06814  0  0
3  1.13097  0  0
3  1.19381  0  0
3  1.25664  0  0
3  1.31947  0  0
3  1.3823  0  0
3  1.44513  0  0
3  1.50796  0  0
3  1.5708  0  0
3  1.63363  0  0
3  1.69646  0  0
3  1.75929  0  0
3  1.82212  0  0
3  1.88496  0  0
3  1.94779  0  0
3  2.01062  0  0
3  2.07345  0  0
3  2.13628  0  0
3  2.19911  0  0
3  2.26195  0  0
3  2.32478  0  0
3  2.38761  0  0
3  2.45044  0  0
3  2.51327  0  0
3  2.57611  0  0
3  2.63894  0  0
3  2.70177  0  0
3  2.7646  0  0
3  2.82743  0  0
3  2.89027  0  0
3  2.9531  0  0
3  3.01593  0  0
3  3.07876  0  0
3.5  0  0  0
3.5  0.0628319  0  0
3.5  0.125664  0  0
3.5  0.188496  0  0
3.5  0.251327  0  0
3.5  0.314159  0  0
3.5  0.376991  0  0
3.5  0.439823  0  0
3.5  0.502655  0  0
3.5  0.565487  0  0
3.5  0.628319  0  0
3.5  0.69115  0  0
3.5  0.753982  0  0
3.5  0.816814  0  0
3.5  0.879646  0  0
3.5  0.942478  0  0
3.5  1.00531  0  0
3.5  1.06814  0  0
3.5  1.13097  0  0
3.5  1.19381  0  0
3.5  1.25664  0  0
3.5  1.31947  0  0
3.5  1.3823  0  0
3.5  1.44513  0  0
3.5  1.50796  0  0
3.5  1.5708  0  0
3.5  1.63363  0  0
3.5  1.69646  0  0
3.5  1.75929  0  0
3.5  1.82212  0  0
3.5  1.88496  0  0
3.5  1.94779  0  0
3.5  2.01062  0  0
3.5  2.07345  0  0
3.5  2.13628  0  0
3.5  2.19911  0  0
3.5  2.26195  0  0
3.5  2.32478  0  0
3.5  2.38761  0  0
3.5  2.45044  0  0
3.5  2.51327  0  0
3.5  2.57611  0  0
3.5  2.63894  0  0
3.5  2.70177  0  0
3.5  2.7646  0  0
3.5  2.82743  0  0
3.5  2.89027  0  0
3.5  2.9531  0  0
3.5  3.01593  0  0
3.5  3.07876  0  0
4  0  0  0
4  0.0628319  0  0
4  0.125664  0  0
4  0.188496  0  0
4  0.251327  0  0
4  0.314159  0  0
4  0.376991  0  0
4  0.439823  0  0
4  0.502655  0  0
4  0.565487  0  0
4  0.628319  0  0
4  0.69115  0  0
4  0.753982  0  0
4  0.816814  0  0
4  0.879646  0  0
4  0.942478  0  0
4  1.00531  0  0
4  1.06814  0  0
4  1.13097  0  0
4  1.19381  0  0
4  1.25664  0  0
4  1.31947  0  0
4  1.3823  0  0
4  1.44513  0  0
4  1.50796  0  0
4  1.5708  0  0
4  1.63363  0  0
4  1.69646  0  0
4  1.75929  0  0
4  1.82212  0  0
4  1.88496  0  0
4  1.94779  0  0
4  2.01062  0  0
4  2.07345  0  0
4  2.13628  0  0
4  2.19911  0  0
4  2.26195  0  0
4  2.32478  0  0
4  2.38761  0  0
4  2.45044  0  0
4  2.51327  0  0
4  2.57611  0  0
4  2.63894  0  0
4  2.70177  0  0
4  2.7646  0  0
4  2.82743  0  0
4  2.89027  0  0
4  2.9531  0  0
4  3.01593  0  0
4  3.07876  0  0
4.5  0  0  0
4.5  0.0628319  0  0
4.5  0.125664  0  0
4.5  0.188496  0  0
4.5  0.251327  0  0
4.5  0.314159  0  0
4.5  0.376991  0  0
4.5  0.439823  0  0
4.5  0.502655  0  0
4.5  0.565487  0  0
4.5  0.628319  0  0
4.5  0.69115  0  0
4.5  0.753982  0  0
4.5  0.816814  0  0
4.5  0.879646  0  0
4.5  0.942478  0  0
4.5  1.00531  0  0
4.5  1.06814  0  0
4.5  1.13097  0  0
4.5  1.19381  0  0
4.5  1.25664  0  0
4.5  1.31947  0  0
4.5  1.3823  0  0
4.5  1.44513  0  0
4.5  1.50796  0  0
4.5  1.5708  0  0
4.5  1.63363  0  0
4.5  1.69646  0  0
4.5  1.75929  0  0
4.5  1.82212  0  0
4.5  1.88496  0  0
4.5  1.94779  0  0
4.5  2.01062  0  0
4.5  2.07345  0  0
4.5  2.13628  0  0
4.5  2.19911  0  0
4.5  2.26195  0  0
4.5  2.32478  0  0
4.5  2.38761  0  0
4.5  2.45044  0  0
4.5  2.51327  0  0
4.5  2.57611  0  0
4.5  2.63894  0  0
4.5  2.70177  0  0
4.5  2.7646  0  0
4.5  2.82743  0  0
4.5  2.89027  0  0
4.5  2.9531  0  0
4.5  3.01593  0  0
4.5  3.07876  0  0
5  0  0  0
5  0.0628319  0  0
5  0.125664  0  0
5  0.188496  0  0
5  0.251327  0  0
5  0.314159  0  0
5  0.376991  0  0
5  0.439823  0  0
5  0.502655  0  0
5  0.565487  0  0
5  0.628319  0  0
5  0.69115  0  0
5  0.753982  0  0
5  0.816814  0  0
5  0.879646  0  0
5  0.942478  0  0
5  1.00531  0  0
5  1.06814  0  0
5  1.13097  0  0
5  1.19381  0  0
5  1.25664  0  0
5  1.31947  0  0
5  1.3823  0  0
5  1.44513  0  0
5  1.50796  0  0
5  1.5708  0  0
5  1.63363  0  0
5  1.69646  0  0
5  1.75929  0  0
5  1.82212  0  0
5  1.88496  0  0
5  1.94779  0  0
5  2.01062  0  0
5  2.07345  0  0
5  2.13628  0  0
5  2.19911  0  0
5  2.26195  0  0
5  2.32478  0  0
5  2.38761  0  0
5  2.45044  0  0
5  2.51327  0  0
5  2.57611  0  0
5  2.63894  0  0
5  2.70177  0  0
5  2.7646  0  0
5  2.82743  0  0
5  2.89027  0  0
5  2.9531  0  0
5  3.01593  0  0
5  3.07876  0  0
5.5  0  0  0
5.5  0.0628319  0  0
5.5  0.125664  0  0
5.5  0.188496  0  0
5.5  0.251327  0  0
5.5  0.314159  0  0
5.5  0.376991  0  0
5.5  0.439823  0  0
5.5  0.502655  0  0
5.5  0.565487  0  0
5.5  0.628319  0  0
5.5  0.69115  0  0
5.5  0.753982  0  0
5.5  0.816814  0  0
5.5  0.879646  0  0
5.5  0.942478  0  0
5.5  1.00531  0  0
5.5  1.06814  0  0
5.5  1.13097  0  0
5.5  1.19381  0  0
5.5  1.25664  0  0
5.5  1.31947  0  0
5.5  1.3823  0  0
5.5  1.44513  0  0
5.5  1.50796  0  0
5.5  1.5708  0  0
5.5  1.63363  0  0
5.5  1.69646  0  0
5.5  1.75929  0  0
5.5  1.82212  0  0
5.5  1.88496  0  0
5.5  1.94779  0  0
5.5  2.01062  0  0
5.5  2.07345  0  0
5.5  2.13628  0  0
5.5  2.19911  0  0
5.5  2.26195  0  0
5.5  2.32478  0  0
5.5  2.38761  0  0
5.5  2.45044  0  0
5.5  2.51327  0  0
5.5  2.57611  0  0
5.5  2.63894  0  0
5.5  2.70177  0  0
5.5  2.7646  0  0
5.5  2.82743  0  0
5.5  2.89027  0  0
5.5  2.9531  0  0
5.5  3.01593  0  0
5.5  3.07876  0  0
6  0  0  0
6  0.0628319  0  0
6  0.125664  0  0
6  0.188496  0  0
6  0.251327  0  0
6  0.314159  0  0
6  0.376991  0  0
6  0.439823  0  0
6  0.502655  0  0
6  0.565487  0  0
6  0.628319  0  0
6  0.69115  0  0
6  0.753982  0  0
6  0.816814  0  0
6  0.879646  0  0
6  0.942478  0  0
6  1.00531  0  0
6  1.06814  0  0
6  1.13097  0  0
6  1.19381  0  0
6  1.25664  0  0
6  1.31947  0  0
6  1.3823  0  0
6  1.44513  0  0
6  1.50796  0  0
6  1.5708  0  0
6  1.63363  0  0
6  1.69646  0  0
6  1.75929  0  0
6  1.82212  0  0
6  1.88496  0  0
6  1.94779  0  0
6  2.01062  0  0
6  2.07345  0  0
6  2.13628  0  0
6  2.19911  0  0
6  2.26195  0  0
6  2.32478  0  0
6  2.38761  0  0
6  2.45044  0  0
6  2.51327  0  0
6  2.57611  0  0
6  2.63894  0  0
6  2.70177  0  0
6  2.7646  0  0
6  2.82743  0  0
6  2.89027  0  0
6  2.9531  0  0
6  3.01593  0  0
6  3.07876  0  0
6.5  0  0  0
6.5  0.0628319  0  0
6.5  0.125664  0  0
6.5  0.188496  0  0
6.5  0.251327  0  0
6.5  0.314159  0  0
6.5  0.376991  0  0
6.5  0.439823  0  0
6.5  0.502655  0  0
6.5  0.565487  0  0
6.5  0.628319  0  0
6.5  0.69115  0  0
6.5  0.753982  0  0
6.5  0.816814  0  0
6.5  0.879646  0  0
6.5  0.942478  0  0
6.5  1.00531  0  0
6.5  1.06814  0  0
6.5  1.13097  0  0
6.5  1.19381  0  0
6.5  1.25664  0  0
6.5  1.31947  0  0
6.5  1.3823  0  0
6.5  1.44513  0  0
6.5  1.50796  0  0
6.5  1.5708  0  0
6.5  1.63363  0  0
6.5  1.69646  0  0
6.5  1.75929  0  0
6.5  1.82212  0  0
6.5  1.88496  0  0
6.5  1.94779  0  0
6.5  2.01062  0  0
6.5  2.07345  0  0
6.5  2.13628  0  0
6.5  2.19911  0  0
6.5  2.26195  0  0
6.5  2.32478  0  0
6.5  2.38761  0  0
6.5  2.45044  0  0
6.5  2.51327  0  0
6.5  2.57611  0  0
6.5  2.63894  0  0
6.5  2.70177  0  0
6.5  2.7646  0  0
6.5  2.82743  0  0
6.5  2.89027  0  0
6.5  2.9531  0  0
6.5  3.01593  0  0
6.5  3.07876  0  0
7  0  0  0
7  0.0628319  0  0
7  0.125664  0  0
7  0.188496  0  0
7  0.251327  0  0
7  0.314159  0  0
7  0.376991  0  0
7  0.439823  0  0
7  0.502655  0  0
7  0.565487  0  0
7  0.628319  0  0
7  0.69115  0  0
7  0.753982  0  0
7  0.816814  0  0
7  0.879646  0  0
7  0.942478  0  0
7  1.00531  0  0
7  1.06814  0  0
7  1.13097  0  0
7  1.19381  0  0
7  1.25664  0  0
7  1.31947  0  0
7  1.3823  0  0
7  1.44513  0  0
7  1.50796  0  0
7  1.5708  0  0
7  1.63363  0  0
7  1.69646  0  0
7  1.75929  0  0
7  1.82212  0  0
7  1.88496  0  0
7  1.94779  0  0
7  2.01062  0  0
7  2.07345  0  0
7  2.13628  0  0
7  2.19911  0  0
7  2.26195  0  0
7  2.32478  0  0
7  2.38761  0  0
7  2.45044  0  0
7  2.51327  0  0
7  2.57611  0  0
7  2.63894  0  0
7  2.70177  0  0
7  2.7646  0  0
7  2.82743  0  0
7  2.89027  0  0
7  2.9531  0  0
7  3.01593  0  0
7  3.07876  0  0
7.5  0  0  0
7.5  0.0628319  0  0
7.5  0.125664  0  0
7.5  0.188496  0  0
7.5  0.251327  0  0
7.5  0.314159  0  0
7.5  0.376991  0  0
7.5  0.439823  0  0
7.5  0.502655  0  0
7.5  0.565487  0  0
7.5  0.628319  0  0
7.5  0.69115  0  0
7.5  0.753982  0  0
7.5  0.816814  0  0
7.5  0.879646  0  0
7.5  0.942478  0  0
7.5  1.00531  0  0
7.5  1.06814  0  0
7.5  1.13097  0  0
7.5  1.19381  0  0
7.5  1.25664  2.63158  1.62221
7.5  1.31947  13.3495  3.6537
7.5  1.3823  25.4364  5.04345
7.5  1.44513  32.8431  5.73089
7.5  1.50796  34.3602  5.86176
7.5  1.5708  37.1824  6.09774
7.5  1.63363  34.1067  5.8401
7.5  1.69646  23.0769  4.80384
7.5  1.75929  13.2159  3.63536
7.5  1.82212  3.55556  1.88562
7.5  1.88496  0  0
7.5  1.94779  0  0
7.5  2.01062  0  0
7.5  2.07345  0  0
7.5  2.13628  0  0
7.5  2.19911  0  0
7.5  2.26195  0  0
7.5  2.32478  0  0
7.5  2.38761  0  0
7.5  2.45044  0  0
7.5  2.51327  0  0
7.5  2.57611  0  0
7.5  2.63894  0  0
7.5  2.70177  0  0
7.5  2.7646  0  0
7.5  2.82743  0  0
7.5  2.89027  0  0
7.5  2.9531  0  0
7.5  3.01593  0  0
7.5  3.07876  0  0
8  0  0  0
8  0.0628319  0  0
8  0.125664  0  0
8  0.188496  0  0
8  0.251327  0  0
8  0.314159  0  0
8  0.376991  0  0
8  0.439823  0  0
8  0.502655  0  0
8  0.565487  0  0
8  0.628319  0  0
8  0.69115  0  0
8  0.753982  0  0
8  0.816814  0  0
8  0.879646  0  0
8  0.942478  0  0
8  1.00531  0  0
8  1.06814  2.30769  1.51911
8  1.13097  22.3709  4.72979
8  1.19381  50.2232  7.08683
8  1.25664  71.0359  8.42828
8  1.31947  72.3982  8.50871
8  1.3823  75.4762  8.6877
8  1.44513  76.5403  8.74873
8  1.50796  78.6223  8.86692
8  1.5708  74.8111  8.64934
8  1.63363  75.1163  8.66696
8  1.69646  72.6161  8.52151
8  1.75929  74.6411  8.63951
8  1.82212  70.0913  8.37206
8  1.88496  50.0998  7.07812
8  1.94779  24.109  4.91009
8  2.01062  3.23887  1.79969
8  2.07345  0  0
8  2.13628  0  0
8  2.19911  0  0
8  2.26195  0  0
8  2.32478  0  0
8  2.38761  0  0
8  2.45044  0  0
8  2.51327  0  0
8  2.57611  0  0
8  2.63894  0  0
8  2.70177  0  0
8  2.7646  0  0
8  2.82743  0  0
8  2.89027  0  0
8  2.9531  0  0
8  3.01593  0  0
8  3.07876  0  0
8.5  0  0  0
8.5  0.0628319  0  0
8.5  0.125664  0  0
8.5  0.188496  0  0
8.5  0.251327  0  0
8.5  0.314159  0  0
8.5  0.376991  0  0
8.5  0.439823  0  0
8.5  0.502655  0  0
8.5  0.565487  0  0
8.5  0.628319  0  0
8.5  0.69115  0  0
8.5  0.753982  0  0
8.5  0.816814  0  0
8.5  0.879646  0  0
8.5  0.942478  2.02361  1.42254
8.5  1.00531  25.5083  5.05058
8.5  1.06814  57.3614  7.57373
8.5  1.13097  66.2946  8.14215
8.5  1.19381  70.6444  8.40502
8.5  1.25664  70.6013  8.40246
8.5  1.31947  74.4828  8.63034
8.5  1.3823  75.6345  8.69681
8.5  1.44513  73.6957  8.58462
8.5  1.50796  77.5656  8.80714
8.5  1.5708  75.8355  8.70836
8.5  1.63363  75.7282  8.70219
8.5  1.69646  76.4454  8.74331
8.5  1.75929  71.3303  8.44573
8.5  1.82212  72.314  8.50377
8.5  1.88496  71.5247  8.45723
8.5  1.94779  70.2703  8.38274
8.5  2.01062  59.1797  7.69283
8.5  2.07345  23.475  4.84511
8.5  2.13628  0.519031  0.720438
8.5  2.19911  0  0
8.5  2.26195  0  0
8.5  2.32478  0  0
8.5  2.38761  0  0
8.5  2.45044  0  0
8.5  2.51327  0  0
8.5  2.57611  0  0
8.5  2.63894  0  0
8.5  2.70177  0  0
8.5  2.7646  0  0
8.5  2.82743  0  0
8.5  2.89027  0  0
8.5  2.9531  0  0
8.5  3.01593  0  0
8.5  3.07876  0  0
9  0  0  0
9  0.0628319  0  0
9  0.125664  0  0
9  0.188496  0  0
9  0.251327  0  0
9  0.314159  0  0
9  0.376991  0  0
9  0.439823  0  0
9  0.502655  0  0
9  0.565487  0  0
9  0.628319  0  0
9  0.69115  0  0
9  0.753982  0  0
9  0.816814  0  0
9  0.879646  4.09836  2.02444
9  0.942478  38.7858  6.22783
9  1.00531  65.3772  8.08562
9  1.06814  67.3511  8.20677
9  1.13097  67.623  8.22332
9  1.19381  73.306  8.56189
9  1.25664  74.7073  8.64334
9  1.31947  76.4045  8.74097
9  1.3823  74.3304  8.62151
9  1.44513  78.2178  8.84408
9  1.50796  76.4103  8.7413
9  1.5708  75.6522  8.69783
9  1.63363  73.7981  8.59058
9  1.69646  78.2297  8.84475
9  1.75929  71.7778  8.47218
9  1.82212  73.2102  8.55629
9  1.88496  68.7636  8.29238
9  1.94779  70.4641  8.39429
9  2.01062  70.1525  8.37571
9  2.07345  65.493  8.09277
9  2.13628  42.3588  6.50836
9  2.19911  3.51438  1.87467
9  2.26195  0  0
9  2.32478  0  0
9  2.38761  0  0
9  2.45044  0  0
9  2.51327  0  0
9  2.57611  0  0
9  2.63894  0  0
9  2.70177  0  0
9  2.7646  0  0
9  2.82743  0  0
9  2.89027  0  0
9  2.9531  0  0
9  3.01593  0  0
9  3.07876  0  0
9.5  0  0  0
9.5  0.0628319  0  0
9.5  0.125664  0  0
9.5  0.188496  0  0
9.5  0.251327  0  0
9.5  0.314159  0  0
9.5  0.376991  0  0
9.5  0.439823  0  0
9.5  0.502655  0  0
9.5  0.565487  0  0
9.5  0.628319  0  0
9.5  0.69115  0  0
9.5  0.753982  0.192678  0.438951
9.5  0.816814  5.53746  2.35318
9.5  0.879646  53.7943  7.33446
9.5  0.942478  67.7586  8.23156
9.5  1.00531  69.8113  8.35532
9.5  1.06814  67.7932  8.23367
9.5  1.13097  71.8468  8.47625
9.5  1.19381  73.3471  8.56429
9.5  1.25664  73.9514  8.5995
9.5  1.31947  79.2541  8.90248
9.5  1.3823  77.7778  8.81917
9.5  1.44513  76  8.7178
9.5  1.50796  79.6296  8.92354
9.5  1.5708  76.9412  8.77161
9.5  1.63363  78.1182  8.83845
9.5  1.69646  77.2118  8.78702
9.5  1.75929  77.7506  8.81763
9.5  1.82212  76.092  8.72307
9.5  1.88496  72.9958  8.54376
9.5  1.94779  72.837  8.53446
9.5  2.01062  70.9924  8.4257
9.5  2.07345  65.8301  8.11358
9.5  2.13628  65.9794  8.12277
9.5  2.19911  49.4453  7.03174
9.5  2.26195  6.59537  2.56814
9.5  2.32478  0  0
9.5  2.38761  0.239234  0.489116
9.5  2.45044  0  0
9.5  2.51327  0  0
9.5  2.57611  0  0
9.5  2.63894  0  0
9.5  2.70177  0  0
9.5  2.7646  0  0
9.5  2.82743  0  0
9.5  2.89027  0  0
9.5  2.9531  0  0
9.5  3.01593  0  0
9.5  3.07876  0  0
10  0  0  0
10  0.0628319  0  0
10  0.125664  0  0
10  0.188496  0  0
10  0.251327  0  0
10  0.314159  0  0
10  0.376991  0  0
10  0.439823  0  0
10  0.502655  0  0
10  0.565487  0  0
10  0.628319  0  0
10  0.69115  0  0
10  0.753982  4.10959  2.02721
10  0.816814  43.6116  6.60391
10  0.879646  61.8893  7.86697
10  0.942478  63.0435  7.93999
10  1.00531  69.6629  8.34643
10  1.06814  69.214  8.31949
10  1.13097  72.9847  8.54311
10  1.19381  72.0682  8.4893
10  1.25664  76.6094  8.75268
10  1.31947  74.9436  8.657
10  1.3823  76.4286  8.74234
10  1.44513  78.1095  8.83796
10  1.50796  77.221  8.78755
10  1.5708  77.0065  8.77534
10  1.63363  74.5455  8.63397
10  1.69646  78.0761  8.83607
10  1.75929  74.1379  8.61034
10  1.82212  75.0617  8.66382
10  1.88496  74.5868  8.63636
10  1.94779  71.9335  8.48136
10  2.01062  72.467  8.51275
10  2.07345  69.4097  8.33125
10  2.13628  62.9881  7.93651
10  2.19911  60.2058  7.75924
10  2.26195  46.6019  6.82656
10  2.32478  5.31496  2.30542
10  2.38761  0  0
10  2.45044  0  0
10  2.51327  0  0
10  2.57611  0  0
10  2.63894  0  0
10  2.70177  0  0
10  2.7646  0  0
10  2.82743  0  0
10  2.89027  0  0
10  2.9531  0  0
10  3.01593  0  0
10  3.07876  0  0
10.5  0  0  0
10.5  0.0628319  0  0
10.5  0.125664  0  0
10.5  0.188496  0  0
10.5  0.251327  0  0
10.5  0.314159  0  0
10.5  0.376991  0  0
10.5  0.439823  0  0
10.5  0.502655  0  0
10.5  0.565487  0.355872  0.59655
10.5  0.628319  0  0
10.5  0.69115  0.253165  0.503155
10.5  0.753982  35.8047  5.9837
10.5  0.816814  56.9079  7.54373
10.5  0.879646  66.0473  8.12695
10.5  0.942478  66.5487  8.15774
10.5  1.00531  68.0529  8.24942
10.5  1.06814  66.1053  8.13051
10.5  1.13097  76  8.7178
10.5  1.19381  75.7576  8.70388
10.5  1.25664  73.5363  8.57533
10.5  1.31947  73.6501  8.58196
10.5  1.3823  76.4286  8.74234
10.5  1.44513  78.7234  8.87262
10.5  1.50796  77.3148  8.79288
10.5  1.5708  81.2339  9.01299
10.5  1.63363  78.6408  8.86796
10.5  1.69646  76.611  8.75277
10.5  1.75929  72.4374  8.51101
10.5  1.82212  74.1259  8.60964
10.5  1.88496  75.3846  8.68243
10.5  1.94779  73.5656  8.57704
10.5  2.01062  72.7768  8.53093
10.5  2.07345  72.3866  8.50803
10.5  2.13628  69.1379  8.31492
10.5  2.19911  63.1661  7.94771
10.5  2.26195  61.194  7.82266
10.5  2.32478  33.5907  5.79575
10.5  2.38761  0.265252  0.515026
10.5  2.45044  0  0
10.5  2.51327  0  0
10.5  2.57611  0  0
10.5  2.63894  0  0
10.5  2.70177  0  0
10.5  2.7646  0  0
10.5  2.82743  0  0
10.5  2.89027  0  0
10.5  2.9531  0  0
10.5  3.01593  0  0
10.5  3.07876  0  0
11  0  0  0
11  0.0628319  0  0
11  0.125664  0  0
11  0.188496  0  0
11  0.251327  0  0
11  0.314159  0  0
11  0.376991  0  0
11  0.439823  0  0
11  0.502655  0  0
11  0.565487  0  0
11  0.628319  0  0
11  0.69115  12.8079  3.57881
11  0.753982  52.1569  7.22197
11  0.816814  62.7622  7.92226
11  0.879646  63.8669  7.99168
11  0.942478  70.5373  8.39865
11  1.00531  69.6429  8.34523
11  1.06814  68.4418  8.27296
11  1.13097  73.5849  8.57816
11  1.19381  73.7307  8.58666
11  1.25664  74.2678  8.61788
11  1.31947  79.4183  8.9117
11  1.3823  79.5  8.91628
11  1.44513  76.2136  8.73004
11  1.50796  80.6763  8.982
11  1.5708  81.0624  9.00346
11  1.63363  79.2771  8.90377
11  1.69646  74.1379  8.61034
11  1.75929  74.4086  8.62604
11  1.82212  73.0382  8.54624
11  1.88496  73.9535  8.59962
11  1.94779  72.4638  8.51257
11  2.01062  73.5772  8.57772
11  2.07345  68.7732  8.29296
11  2.13628  64.0145  8.0009
11  2.19911  62.4138  7.90024
11  2.26195  60.3015  7.7654
11  2.32478  58.4229  7.64349
11  2.38761  10.1737  3.18962
11  2.45044  0  0
11  2.51327  0  0
11  2.57611  0  0
11  2.63894  0  0
11  2.70177  0  0
11  2.7646  0  0
11  2.82743  0  0
11  2.89027  0  0
11  2.9531  0  0
11  3.01593  0  0
11  3.07876  0  0
11.5  0  0  0
11.5  0.0628319  0  0
11.5  0.125664  0  0
11.5  0.188496  0  0
11.5  0.251327  0  0
11.5  0.314159  0  0
11.5  0.376991  0  0
11.5  0.439823  0  0
11.5  0.502655  0  0
11.5  0.565487  0  0
11.5  0.628319  0.613497  0.78326
11.5  0.69115  34.7291  5.89314
11.5  0.753982  60.4962  7.77793
11.5  0.816814  64.9916  8.06174
11.5  0.879646  64.8739  8.05444
11.5  0.942478  68.3775  8.26907
11.5  1.00531  72.0081  8.48576
11.5  1.06814  72.3658  8.50681
11.5  1.13097  71.6832  8.46659
11.5  1.19381  73.9336  8.59847
11.5  1.25664  77.3973  8.79757
11.5  1.31947  77.1619  8.78418
11.5  1.3823  77.6471  8.81176
11.5  1.44513  78.1903  8.84253
11.5  1.50796  82.0513  9.05822
11.5  1.5708  79.803  8.93325
11.5  1.63363  78.5388  8.86221
11.5  1.69646  75.7212  8.70179
11.5  1.75929  74.0576  8.60568
11.5  1.82212  75.6637  8.69849
11.5  1.88496  75.1579  8.66937
11.5  1.94779  71.124  8.43351
11.5  2.01062  71.0728  8.43047
11.5  2.07345  71.4026  8.45
11.5  2.13628  67.4721  8.21414
11.5  2.19911  69.2699  8.32286
11.5  2.26195  59.2845  7.69964
11.5  2.32478  59.962  7.74352
11.5  2.38761  34.5154  5.87498
11.5  2.45044  0.955414  0.977453
11.5  2.51327  0  0
11.5  2.57611  0  0
11.5  2.63894  0  0
11.5  2.70177  0  0
11.5  2.7646  0  0
11.5  2.82743  0  0
11.5  2.89027  0  0
11.5  2.9531  0  0
11.5  3.01593  0  0
11.5  3.07876  0  0
12  0  0  0
12  0.0628319  0  0
12  0.125664  0  0
12  0.188496  0  0
12  0.251327  0  0
12  0.314159  1.14943  1.07211
12  0.376991  0  0
12  0.439823  0  0
12  0.502655  0  0
12  0.565487  0  0
12  0.628319  8.75912  2.95958
12  0.69115  55.7214  7.46468
12  0.753982  59.2369  7.69655
12  0.816814  64.4122  8.02572
12  0.879646  64.2289  8.0143
12  0.942478  67.9443  8.24283
12  1.00531  76.6467  8.75481
12  1.06814  72.3658  8.50681
12  1.13097  74.3041  8.61998
12  1.19381  74.8899  8.65389
12  1.25664  74.7706  8.647
12  1.31947  79.9087  8.93917
12  1.3823  75.6039  8.69505
12  1.44513  79.602  8.92199
12  1.50796  81.7778  9.04311
12  1.5708  78.5894  8.86507
12  1.63363  77.6413  8.81143
12  1.69646  79.0805  8.89272
12  1.75929  75.8701  8.71034
12  1.82212  76.6667  8.75595
12  1.88496  78.427  8.8559
12  1.94779  74.5491  8.63418
12  2.01062  72.7273  8.52803
12  2.07345  69.2453  8.32138
12  2.13628  64.4161  8.02596
12  2.19911  67.2788  8.20237
12  2.26195  66.0988  8.13012
12  2.32478  59.8891  7.7388
12  2.38761  53.9773  7.34692
12  2.45044  13.1661  3.62852
12  2.51327  0  0
12  2.57611  0  0
12  2.63894  0  0
12  2.70177  0  0
12  2.7646  0  0
12  2.82743  0  0
12  2.89027  0  0
12  2.9531  0  0
12  3.01593  0  0
12  3.07876  0  0
12.5  0  0  0
12.5  0.0628319  0  0
12.5  0.125664  0  0
12.5  0.188496  0  0
12.5  0.251327  0  0
12.5  0.314159  0  0
12.5  0.376991  0  0
12.5  0.439823  0  0
12.5  0.502655  0  0
12.5  0.565487  0  0
12.5  0.628319  32.9513  5.74032
12.5  0.69115  58.1176  7.62349
12.5  0.753982  62.0561  7.87757
12.5  0.816814  63.3013  7.95621
12.5  0.879646  67.8756  8.23867
12.5  0.942478  72.2127  8.49781
12.5  1.00531  68.9286  8.30232
12.5  1.06814  71.345  8.4466
12.5  1.13097  73.0526  8.54708
12.5  1.19381  78.2427  8.84549
12.5  1.25664  74.6898  8.64233
12.5  1.31947  74.3182  8.6208
12.5  1.3823  77.0787  8.77944
12.5  1.44513  78.8177  8.87794
12.5  1.50796  80.8081  8.98933
12.5  1.5708  78.25  8.8459
12.5  1.63363  80.0948  8.94957
12.5  1.69646  77.2829  8.79107
12.5  1.75929  81.8182  9.04534
12.5  1.82212  73.4783  8.57195
12.5  1.88496  77.5556  8.80656
12.5  1.94779  76.7932  8.76318
12.5  2.01062  71.4012  8.44992
12.5  2.07345  71.2963  8.44371
12.5  2.13628  71.9023  8.47952
12.5  2.19911  68.8552  8.2979
12.5  2.26195  66.1261  8.1318
12.5  2.32478  65.6566  8.10287
12.5  2.38761  56.4334  7.51222
12.5  2.45044  31.746  5.63436
12.5  2.51327  0.408163  0.638877
12.5  2.57611  0  0
12.5  2.63894  0  0
12.5  2.70177  0  0
12.5  2.7646  0  0
12.5  2.82743  0  0
12.5  2.89027  0  0
12.5  2.9531  0  0
12.5  3.01593  0  0
12.5  3.07876  0  0
13  0  0  0
13  0.0628319  0  0
13  0.125664  0  0
13  0.188496  0  0
13  0.251327  0  0
13  0.314159  0  0
13  0.376991  0  0
13  0.439823  0  0
13  0.502655  0  0
13  0.565487  2.88066  1.69725
13  0.628319  41.4493  6.43811
13  0.69115  62.7635  7.92234
13  0.753982  64.2045  8.01277
13  0.816814  64.0336  8.0021
13  0.879646  66.2903  8.14189
13  0.942478  69.3333  8.32666
13  1.00531  74.8162  8.64963
13  1.06814  71.9298  8.48115
13  1.13097  70.9544  8.42344
13  1.19381  76.9565  8.77249
13  1.25664  79.4297  8.91234
13  1.31947  77.0115  8.77562
13  1.3823  79.0433  8.89063
13  1.44513  83.4112  9.13297
13  1.50796  78.0928  8.83701
13  1.5708  82.6185  9.08947
13  1.63363  77.5701  8.80739
13  1.69646  74.5455  8.63397
13  1.75929  76.3855  8.73988
13  1.82212  75.8772  8.71075
13  1.88496  78.0822  8.83641
13  1.94779  79.2123  8.90013
13  2.01062  72.2  8.49706
13  2.07345  71.1423  8.43459
13  2.13628  71.8543  8.47669
13  2.19911  70.1518  8.37567
13  2.26195  65.642  8.10197
13  2.32478  61.39  7.83517
13  2.38761  60.396  7.77149
13  2.45044  45.0746  6.71376
13  2.51327  1.19048  1.09109
13  2.57611  0  0
13  2.63894  0  0
13  2.70177  0  0
13  2.7646  0  0
13  2.82743  0  0
13  2.89027  0  0
13  2.9531  0  0
13  3.01593  0  0
13  3.07876  0  0
13.5  0  0  0
13.5  0.0628319  0  0
13.5  0.125664  0  0
13.5  0.188496  0  0
13.5  0.251327  0  0
13.5  0.314159  0  0
13.5  0.376991  0  0
13.5  0.439823  0  0
13.5  0.502655  0  0
13.5  0.565487  15.8301  3.97871
13.5  0.628319  53.7313  7.33017
13.5  0.69115  58.5242  7.65011
13.5  0.753982  59.1497  7.69089
13.5  0.816814  65.6203  8.10064
13.5  0.879646  71.0324  8.42807
13.5  0.942478  72.5329  8.51662
13.5  1.00531  71.5342  8.45779
13.5  1.06814  73.5234  8.57458
13.5  1.13097  73.1501  8.55278
13.5  1.19381  73.5729  8.57747
13.5  1.25664  76.1124  8.72424
13.5  1.31947  76.9401  8.77155
13.5  1.3823  81.8616  9.04774
13.5  1.44513  80.7339  8.98521
13.5  1.50796  83.8308  9.15592
13.5  1.5708  85.1064  9.22531
13.5  1.63363  83.1202  9.11703
13.5  1.69646  84.2105  9.17663
13.5  1.75929  78.7671  8.87508
13.5  1.82212  83.6782  9.14758
13.5  1.88496  76.6827  8.75687
13.5  1.94779  78.7879  8.87625
13.5  2.01062  74.7573  8.64623
13.5  2.07345  73.0129  8.54476
13.5  2.13628  68.0851  8.25137
13.5  2.19911  70.9524  8.42332
13.5  2.26195  67.0051  8.18566
13.5  2.32478  65.2591  8.07831
13.5  2.38761  59.6026  7.72028
13.5  2.45044  51.6418  7.18622
13.5  2.51327  14.6825  3.83178
13.5  2.57611  0  0
13.5  2.63894  0  0
13.5  2.70177  0  0
13.5  2.7646  0  0
13.5  2.82743  0  0
13.5  2.89027  0  0
13.5  2.9531  0  0
13.5  3.01593  0  0
13.5  3.07876  0  0
14  0  0  0
14  0.0628319  0  0
14  0.125664  0  0
14  0.188496  0  0
14  0.251327  0  0
14  0.314159  0  0
14  0.376991  0  0
14  0.439823  0  0
14  0.502655  1.18343  1.08786
14  0.565487  28.6822  5.35557
14  0.628319  51.8771  7.20258
14  0.69115  58.867  7.67248
14  0.753982  61.753  7.85831
14  0.816814  65.1438  8.07117
14  0.879646  70.8861  8.41939
14  0.942478  68.2796  8.26315
14  1.00531  72.9779  8.54271
14  1.06814  75.7637  8.70424
14  1.13097  76.1905  8.72872
14  1.19381  77.3019  8.79215
14  1.25664  81.3636  9.02018
14  1.31947  83.3333  9.12871
14  1.3823  83.75  9.1515
14  1.44513  78.9873  8.88748
14  1.50796  85.3234  9.23707
14  1.5708  83.8095  9.15475
14  1.63363  79.6767  8.92618
14  1.69646  81.4904  9.0272
14  1.75929  81.1736  9.00964
14  1.82212  81.4499  9.02496
14  1.88496  78.3843  8.85349
14  1.94779  75.4237  8.68468
14  2.01062  73.2143  8.55653
14  2.07345  71.4286  8.45154
14  2.13628  71.5532  8.45891
14  2.19911  67.5591  8.21943
14  2.26195  65.7534  8.10885
14  2.32478  65.4545  8.0904
14  2.38761  57.8692  7.60718
14  2.45044  50.6623  7.11774
14  2.51327  26.5152  5.14929
14  2.57611  0.985222  0.992583
14  2.63894  0  0
14  2.70177  0  0
14  2.7646  0  0
14  2.82743  0  0
14  2.89027  0  0
14  2.9531  0  0
14  3.01593  0  0
14  3.07876  0  0
14.5  0  0  0
14.5  0.0628319  0  0
14.5  0.125664  0  0
14.5  0.188496  0  0
14.5  0.251327  0  0
14.5  0.314159  0  0
14.5  0.376991  0  0
14.5  0.439823  0  0
14.5  0.502655  0.561798  0.749532
14.5  0.565487  38.4615  6.20174
14.5  0.628319  56.9733  7.54807
14.5  0.69115  60.4651  7.77593
14.5  0.753982  61.326  7.83109
14.5  0.816814  68.8  8.29458
14.5  0.879646  71.0702  8.43032
14.5  0.942478  72.7928  8.53187
14.5  1.00531  72.8137  8.53309
14.5  1.06814  73.4653  8.57119
14.5  1.13097  76.1021  8.72365
14.5  1.19381  77.0975  8.78052
14.5  1.25664  80.3493  8.96378
14.5  1.31947  84.5987  9.19776
14.5  1.3823  80  8.94427
14.5  1.44513  83.455  9.13537
14.5  1.50796  82.7251  9.09533
14.5  1.5708  86.7347  9.31315
14.5  1.63363  81.2821  9.01566
14.5  1.69646  81.573  9.03178
14.5  1.75929  82.9736  9.10899
14.5  1.82212  79.8578  8.93632
14.5  1.88496  83.7963  9.15403
14.5  1.94779  75.4564  8.68656
14.5  2.01062  72.5681  8.51869
14.5  2.07345  73.928  8.59814
14.5  2.13628  72.6755  8.52499
14.5  2.19911  66.2609  8.14008
14.5  2.26195  63.6672  7.97917
14.5  2.32478  65.642  8.10197
14.5  2.38761  65.942  8.12047
14.5  2.45044  55.287  7.43552
14.5  2.51327  42.6295  6.52913
14.5  2.57611  0.505051  0.710669
14.5  2.63894  0  0
14.5  2.70177  0  0
14.5  2.7646  0  0
14.5  2.82743  0  0
14.5  2.89027  0  0
14.5  2.9531  0  0
14.5  3.01593  0  0
14.5  3.07876  0  0
15  0  0  0
15  0.0628319  0  0
15  0.125664  0  0
15  0.188496  0  0
15  0.251327  0  0
15  0.314159  0  0
15  0.376991  0  0
15  0.439823  0  0
15  0.502655  4.08163  2.02031
15  0.565487  49.3776  7.02692
15  0.628319  55.2147  7.43066
15  0.69115  59.6491  7.72328
15  0.753982  65.3061  8.08122
15  0.816814  67.3684  8.20783
15  0.879646  72.2853  8.50207
15  0.942478  71.3222  8.44524
15  1.00531  70.1349  8.37466
15  1.06814  74.6063  8.63749
15  1.13097  77.2901  8.79148
15  1.19381  77.8824  8.8251
15  1.25664  83.5381  9.13992
15  1.31947  80.303  8.9612
15  1.3823  84.3091  9.182
15  1.44513  82.8431  9.10182
15  1.50796  88.5204  9.40853
15  1.5708  86.5526  9.30336
15  1.63363  83.3333  9.12871
15  1.69646  84.6348  9.19972
15  1.75929  83.6323  9.14507
15  1.82212  80.5556  8.97527
15  1.88496  79.9145  8.93949
15  1.94779  81.2367  9.01314
15  2.01062  78.4553  8.8575
15  2.07345  73.6937  8.5845
15  2.13628  72.774  8.53077
15  2.19911  69.4704  8.33489
15  2.26195  67.6976  8.22785
15  2.32478  66.1172  8.13125
15  2.38761  65.9674  8.12203
15  2.45044  54.9383  7.41204
15  2.51327  43.4783  6.5938
15  2.57611  2.95567  1.7192
15  2.63894  0  0
15  2.70177  0  0
15  2.7646  0  0
15  2.82743  0  0
15  2.89027  0  0
15  2.9531  0  0
15  3.01593  0  0
15  3.07876  0  0
15.5  0  0  0
15.5  0.0628319  0  0
15.5  0.125664  0  0
15.5  0.188496  0  0
15.5  0.251327  0  0
15.5  0.314159  0  0
15.5  0.376991  0  0
15.5  0.439823  0  0
15.5  0.502655  17.2249  4.15029
15.5  0.565487  44.8598  6.69775
15.5  0.628319  56.9697  7.54783
15.5  0.69115  60.628  7.7864
15.5  0.753982  64.6536  8.04075
15.5  0.816814  67.5541  8.21913
15.5  0.879646  72.7723  8.53067
15.5  0.942478  71.891  8.47885
15.5  1.00531  74.7664  8.64675
15.5  1.06814  80.0752  8.94847
15.5  1.13097  80.5369  8.97424
15.5  1.19381  82.287  9.07122
15.5  1.25664  80.1822  8.95445
15.5  1.31947  86.1048  9.27927
15.5  1.3823  87.4172  9.34972
15.5  1.44513  84.9515  9.21691
15.5  1.50796  86.0674  9.27725
15.5  1.5708  86.6071  9.3063
15.5  1.63363  86.0619  9.27696
15.5  1.69646  87.5576  9.35722
15.5  1.75929  82.4885  9.08232
15.5  1.82212  84.6491  9.2005
15.5  1.88496  79.5045  8.91653
15.5  1.94779  78.4223  8.85564
15.5  2.01062  82.1218  9.06211
15.5  2.07345  73.166  8.55371
15.5  2.13628  73.6655  8.58286
15.5  2.19911  69.8413  8.35711
15.5  2.26195  67.3877  8.209
15.5  2.32478  64.9425  8.05869
15.5  2.38761  58.2927  7.63496
15.5  2.45044  49.6815  7.04851
15.5  2.51327  51.4056  7.16977
15.5  2.57611  10.989  3.31497
15.5  2.63894  0  0
15.5  2.70177  0  0
15.5  2.7646  0  0
15.5  2.82743  0  0
15.5  2.89027  0  0
15.5  2.9531  0  0
15.5  3.01593  0  0
15.5  3.07876  0  0
16  0  0  0
16  0.0628319  0  0
16  0.125664  0  0
16  0.188496  0  0
16  0.251327  0  0
16  0.314159  0  0
16  0.376991  0  0
16  0.439823  0  0
16  0.502655  21.466  4.63314
16  0.565487  50  7.07107
16  0.628319  57.2308  7.5651
16  0.69115  64.411  8.02565
16  0.753982  67.5422  8.21841
16  0.816814  68.1818  8.25723
16  0.879646  70.4918  8.39594
16  0.942478  74.0942  8.6078
16  1.00531  75.5467  8.69176
16  1.06814  78.7356  8.87331
16  1.13097  82.2485  9.0691
16  1.19381  81.9802  9.05429
16  1.25664  85.2941  9.23548
16  1.31947  84.632  9.19957
16  1.3823  88.3827  9.40121
16  1.44513  87.6777  9.36364
16  1.50796  89.8964  9.48137
16  1.5708  90.9814  9.53842
16  1.63363  87.6812  9.36382
16  1.69646  88.1188  9.38716
16  1.75929  86.6521  9.30871
16  1.82212  82.8974  9.1048
16  1.88496  79.3103  8.90564
16  1.94779  80.9331  8.99628
16  2.01062  76.4045  8.74097
16  2.07345  77.5956  8.80884
16  2.13628  72.344  8.50553
16  2.19911  67.4016  8.20985
16  2.26195  68.3087  8.26491
16  2.32478  62.2824  7.89192
16  2.38761  61.0849  7.81568
16  2.45044  55.298  7.43626
16  2.51327  47.9245  6.92275
16  2.57611  20.7729  4.55773
16  2.63894  0  0
16  2.70177  0  0
16  2.7646  0  0
16  2.82743  0  0
16  2.89027  0  0
16  2.9531  0  0
16  3.01593  0  0
16  3.07876  0  0
16.5  0  0  0
16.5  0.0628319  0  0
16.5  0.125664  0  0
16.5  0.188496  0  0
16.5  0.251327  0  0
16.5  0.314159  0  0
16.5  0.376991  0  0
16.5  0.439823  0  0
16.5  0.502655  26.6055  5.15805
16.5  0.565487  50.9881  7.1406
16.5  0.628319  53.1148  7.28799
16.5  0.69115  56.6038  7.52355
16.5  0.753982  66.7961  8.17289
16.5  0.816814  67.8072  8.23451
16.5  0.879646  68.6306  8.28436
16.5  0.942478  72.2533  8.50019
16.5  1.00531  75.2328  8.67368
16.5  1.06814  80.8383  8.99101
16.5  1.13097  82.1429  9.06327
16.5  1.19381  82.3789  9.07628
16.5  1.25664  86.6667  9.30949
16.5  1.31947  89.1566  9.44228
16.5  1.3823  91.2442  9.55219
16.5  1.44513  94.1176  9.70143
16.5  1.50796  94.7126  9.73204
16.5  1.5708  94.0887  9.69993
16.5  1.63363  91.8415  9.5834
16.5  1.69646  88.2353  9.39336
16.5  1.75929  87.4396  9.35092
16.5  1.82212  85.7831  9.26192
16.5  1.88496  82.6613  9.09183
16.5  1.94779  81.7391  9.04097
16.5  2.01062  79.4466  8.91328
16.5  2.07345  78.424  8.85573
16.5  2.13628  76.5854  8.75131
16.5  2.19911  72.562  8.51833
16.5  2.26195  68.0672  8.25029
16.5  2.32478  66.6667  8.16497
16.5  2.38761  63.9098  7.99436
16.5  2.45044  56.3467  7.50645
16.5  2.51327  51.8987  7.20408
16.5  2.57611  30.1587  5.4917
16.5  2.63894  0.699301  0.836242
16.5  2.70177  0  0
16.5  2.7646  0  0
16.5  2.82743  0  0
16.5  2.89027  0  0
16.5  2.9531  0  0
16.5  3.01593  0  0
16.5  3.07876  0  0
17  0  0  0
17  0.0628319  0  0
17  0.125664  0  0
17  0.188496  0  0
17  0.251327  0  0
17  0.314159  0  0
17  0.376991  0  0
17  0.439823  0  0
17  0.502655  37.4332  6.11826
17  0.565487  55.6452  7.45957
17  0.628319  53.869  7.33955
17  0.69115  62.2517  7.88997
17  0.753982  65.5242  8.0947
17  0.816814  69.6864  8.34784
17  0.879646  73.1392  8.55214
17  0.942478  76.5996  8.75212
17  1.00531  80.3922  8.96617
17  1.06814  80.3571  8.96421
17  1.13097  83.4395  9.13452
17  1.19381  87.8505  9.37286
17  1.25664  91.1111  9.54521
17  1.31947  92.3077  9.60769
17  1.3823  93.3806  9.66336
17  1.44513  96.2441  9.81041
17  1.50796  97.2152  9.85978
17  1.5708  96.4115  9.81893
17  1.63363  94.5175  9.72201
17  1.69646  92.876  9.63722
17  1.75929  94.4321  9.71762
17  1.82212  88.172  9.39
17  1.88496  86.1167  9.27991
17  1.94779  83.7953  9.15398
17  2.01062  82.8125  9.10014
17  2.07345  80.4183  8.96762
17  2.13628  80.2139  8.95622
17  2.19911  71.3826  8.44882
17  2.26195  70.1188  8.3737
17  2.32478  67.035  8.18749
17  2.38761  64.8837  8.05504
17  2.45044  61.7737  7.85962
17  2.51327  51.7787  7.19574
17  2.57611  41.8478  6.46899
17  2.63894  0.671141  0.819232
17  2.70177  0  0
17  2.7646  0  0
17  2.82743  0  0
17  2.89027  0  0
17  2.9531  0  0
17  3.01593  0  0
17  3.07876  0  0
17.5  0  0  0
17.5  0.0628319  0  0
17.5  0.125664  0  0
17.5  0.188496  0  0
17.5  0.251327  0  0
17.5  0.314159  0  0
17.5  0.376991  0  0
17.5  0.439823  6.41026  2.53185
17.5  0.502655  41  6.40312
17.5  0.565487  57.9592  7.61309
17.5  0.628319  58.1081  7.62287
17.5  0.69115  67.2941  8.2033
17.5  0.753982  69.505  8.33696
17.5  0.816814  72.0354  8.48737
17.5  0.879646  73.9823  8.6013
17.5  0.942478  76.1639  8.72719
17.5  1.00531  79.2279  8.90101
17.5  1.06814  84.5601  9.19566
17.5  1.13097  84.6626  9.20123
17.5  1.19381  89.9358  9.48345
17.5  1.25664  91.9283  9.58792
17.5  1.31947  94.382  9.71504
17.5  1.3823  95.5189  9.77338
17.5  1.44513  96.2871  9.8126
17.5  1.50796  96.9697  9.84732
17.5  1.5708  96.8992  9.84374
17.5  1.63363  96.6019  9.82863
17.5  1.69646  95.5157  9.77321
17.5  1.75929  95.1807  9.75606
17.5  1.82212  91.7021  9.57612
17.5  1.88496  92.2078  9.60249
17.5  1.94779  86  9.27362
17.5  2.01062  84.4311  9.18864
17.5  2.07345  81.2727  9.01514
17.5  2.13628  78.9753  8.8868
17.5  2.19911  72.0803  8.49001
17.5  2.26195  70.1209  8.37382
17.5  2.32478  71.8631  8.47721
17.5  2.38761  60  7.74597
17.5  2.45044  55.8642  7.47424
17.5  2.51327  55.1181  7.42416
17.5  2.57611  44.5596  6.6753
17.5  2.63894  3.82166  1.95491
17.5  2.70177  0  0
17.5  2.7646  0  0
17.5  2.82743  0  0
17.5  2.89027  0  0
17.5  2.9531  0  0
17.5  3.01593  0  0
17.5  3.07876  0  0
18  0  0  0
18  0.0628319  0  0
18  0.125664  0  0
18  0.188496  0  0
18  0.251327  0  0
18  0.314159  0  0
18  0.376991  0  0
18  0.439823  9.09091  3.01511
18  0.502655  42.3469  6.50745
18  0.565487  57.6923  7.59555
18  0.628319  64.5768  8.03597
18  0.69115  65.9033  8.11809
18  0.753982  68.1018  8.25238
18  0.816814  73.2877  8.56082
18  0.879646  71.9745  8.48378
18  0.942478  79.066  8.89191
18  1.00531  79.7732  8.93158
18  1.06814  86.6538  9.3088
18  1.13097  88.2591  9.39463
18  1.19381  90.7328  9.52537
18  1.25664  93.3486  9.66171
18  1.31947  93.3638  9.6625
18  1.3823  95.4106  9.76784
18  1.44513  95.0649  9.75012
18  1.50796  97.7273  9.88571
18  1.5708  96.577  9.82736
18  1.63363  95.8231  9.78893
18  1.69646  96.088  9.80245
18  1.75929  94.0334  9.69708
18  1.82212  91.5493  9.56814
18  1.88496  91.2393  9.55193
18  1.94779  90.2439  9.49968
18  2.01062  87.6827  9.3639
18  2.07345  82.8685  9.10322
18  2.13628  79.8347  8.93503
18  2.19911  74.7049  8.6432
18  2.26195  70.1468  8.37537
18  2.32478  67.1028  8.19163
18  2.38761  60.2469  7.76189
18  2.45044  58.7912  7.66754
18  2.51327  54.1502  7.35868
18  2.57611  46.1165  6.79091
18  2.63894  7.94702  2.81905
18  2.70177  0  0
18  2.7646  0  0
18  2.82743  0  0
18  2.89027  0  0
18  2.9531  0  0
18  3.01593  0  0
18  3.07876  0  0
18.5  0  0  0
18.5  0.0628319  0  0
18.5  0.125664  0  0
18.5  0.188496  0  0
18.5  0.251327  0  0
18.5  0.314159  0  0
18.5  0.376991  0  0
18.5  0.439823  12.2807  3.50438
18.5  0.502655  45.3039  6.73081
18.5  0.565487  49.7976  7.05674
18.5  0.628319  56.4626  7.51416
18.5  0.69115  65.2968  8.08064
18.5  0.753982  66.9708  8.18357
18.5  0.816814  70.6522  8.40548
18.5  0.879646  77.7027  8.81491
18.5  0.942478  80.2744  8.9596
18.5  1.00531  86.692  9.31085
18.5  1.06814  88.2937  9.39647
18.5  1.13097  90  9.48683
18.5  1.19381  92.3729  9.61108
18.5  1.25664  90.6114  9.519
18.5  1.31947  93.9203  9.69125
18.5  1.3823  96.2779  9.81213
18.5  1.44513  96.3255  9.81455
18.5  1.50796  97.9955  9.89927
18.5  1.5708  97.543  9.87639
18.5  1.63363  97.1429  9.85611
18.5  1.69646  94.9875  9.74615
18.5  1.75929  95.8621  9.79092
18.5  1.82212  93.736  9.68174
18.5  1.88496  93.8596  9.68812
18.5  1.94779  92.3868  9.61181
18.5  2.01062  88.1801  9.39043
18.5  2.07345  86.5019  9.30064
18.5  2.13628  82.2335  9.06827
18.5  2.19911  74.3333  8.62168
18.5  2.26195  73.6089  8.57956
18.5  2.32478  67.7239  8.22945
18.5  2.38761  65.5  8.09321
18.5  2.45044  59.0909  7.68706
18.5  2.51327  56.5217  7.51809
18.5  2.57611  45.5399  6.74833
18.5  2.63894  14.094  3.75419
18.5  2.70177  0  0
18.5  2.7646  0  0
18.5  2.82743  0  0
18.5  2.89027  0  0
18.5  2.9531  0  0
18.5  3.01593  0  0
18.5  3.07876  0  0
19  0  0  0
19  0.0628319  0  0
19  0.125664  0  0
19  0.188496  0  0
19  0.251327  0  0
19  0.314159  0  0
19  0.376991  0  0
19  0.439823  18.0723  4.25115
19  0.502655  44.9438  6.70402
19  0.565487  53.4884  7.31357
19  0.628319  65.6051  8.0997
19  0.69115  69.1244  8.31411
19  0.753982  72.9084  8.53864
19  0.816814  73.2484  8.55853
19  0.879646  78.6618  8.86915
19  0.942478  84.3594  9.18474
19  1.00531  86.941  9.32421
19  1.06814  90  9.48683
19  1.13097  93.1567  9.65177
19  1.19381  93.1718  9.65255
19  1.25664  93.5556  9.67241
19  1.31947  96.1905  9.80767
19  1.3823  96.6102  9.82905
19  1.44513  96.3134  9.81394
19  1.50796  98.3092  9.9151
19  1.5708  97.8155  9.89017
19  1.63363  96.3048  9.8135
19  1.69646  95.1049  9.75217
19  1.75929  94.5882  9.72565
19  1.82212  91.3753  9.55904
19  1.88496  92.4303  9.61407
19  1.94779  90.6694  9.52205
19  2.01062  87.1579  9.33584
19  2.07345  87.8676  9.37377
19  2.13628  84.7247  9.2046
19  2.19911  80.3601  8.96438
19  2.26195  74.8397  8.651
19  2.32478  71.7117  8.46828
19  2.38761  64.0662  8.00414
19  2.45044  56.4103  7.51068
19  2.51327  53.2  7.29383
19  2.57611  43.0693  6.56272
19  2.63894  15.7233  3.96526
19  2.70177  0  0
19  2.7646  0  0
19  2.82743  0  0
19  2.89027  0  0
19  2.9531  0  0
19  3.01593  0  0
19  3.07876  0  0
19.5  0  0  0
19.5  0.0628319  0  0
19.5  0.125664  0  0
19.5  0.188496  0  0
19.5  0.251327  0  0
19.5  0.314159  0  0
19.5  0.376991  0  0
19.5  0.439823  31.9444  5.65194
19.5  0.502655  53.8043  7.33514
19.5  0.565487  58.2996  7.63542
19.5  0.628319  64.2643  8.0165
19.5  0.69115  65.0246  8.06379
19.5  0.753982  71.3299  8.4457
19.5  0.816814  78.9392  8.88477
19.5  0.879646  79.1916  8.89897
19.5  0.942478  84.1035  9.1708
19.5  1.00531  87.4346  9.35064
19.5  1.06814  89.8336  9.47806
19.5  1.13097  91.4  9.56033
19.5  1.19381  91.7749  9.57992
19.5  1.25664  95.6612  9.78065
19.5  1.31947  93.4837  9.6687
19.5  1.3823  96.25  9.81071
19.5  1.44513  97.019  9.84982
19.5  1.50796  98.7775  9.93869
19.5  1.5708  98.8506  9.94236
19.5  1.63363  96.4539  9.82109
19.5  1.69646  95.8425  9.78992
19.5  1.75929  95.614  9.77824
19.5  1.82212  93.3486  9.66171
19.5  1.88496  91.7548  9.57887
19.5  1.94779  92.4444  9.6148
19.5  2.01062  87.3047  9.3437
19.5  2.07345  87.2624  9.34143
19.5  2.13628  84.0753  9.16926
19.5  2.19911  83.2037  9.12161
19.5  2.26195  74.6006  8.63717
19.5  2.32478  67.7007  8.22805
19.5  2.38761  63.9037  7.99398
19.5  2.45044  64.3533  8.02205
19.5  2.51327  53.6  7.3212
19.5  2.57611  47.7387  6.90932
19.5  2.63894  30.9677  5.56487
19.5  2.70177  0  0
19.5  2.7646  0  0
19.5  2.82743  0  0
19.5  2.89027  0  0
19.5  2.9531  0  0
19.5  3.01593  0  0
19.5  3.07876  0  0
20  0  0  0
20  0.0628319  0  0
20  0.125664  0  0
20  0.188496  0  0
20  0.251327  0  0
20  0.314159  0  0
20  0.376991  0  0
20  0.439823  29.2994  5.41289
20  0.502655  48.9899  6.99928
20  0.565487  56.4655  7.51435
20  0.628319  60.9907  7.80966
20  0.69115  66.416  8.1496
20  0.753982  69.3676  8.32872
20  0.816814  76.9748  8.77353
20  0.879646  81.5152  9.02857
20  0.942478  85.1913  9.22992
20  1.00531  88.1679  9.38978
20  1.06814  90  9.48683
20  1.13097  92.1844  9.60127
20  1.19381  93.0131  9.64433
20  1.25664  93.0493  9.64621
20  1.31947  95.0855  9.75118
20  1.3823  95.7816  9.78681
20  1.44513  97.3094  9.86455
20  1.50796  98.5849  9.92899
20  1.5708  97.3046  9.86431
20  1.63363  96.088  9.80245
20  1.69646  96.3768  9.81717
20  1.75929  94.1452  9.70284
20  1.82212  91.5074  9.56595
20  1.88496  92.4612  9.61567
20  1.94779  93.2203  9.65507
20  2.01062  88.5714  9.41124
20  2.07345  87.194  9.33777
20  2.13628  86.6906  9.31078
20  2.19911  84.1049  9.17087
20  2.26195  78.3929  8.85397
20  2.32478  73.9526  8.59957
20  2.38761  70  8.3666
20  2.45044  64.0867  8.00542
20  2.51327  55.1181  7.42416
20  2.57611  43.7158  6.6118
20  2.63894  28.8136  5.36783
20  2.70177  0  0
20  2.7646  0  0
20  2.82743  0  0
20  2.89027  0  0
20  2.9531  0  0
20  3.01593  0  0
20  3.07876  0  0
20.5  0  0  0
20.5  0.0628319  0  0
20.5  0.125664  0  0
20.5  0.188496  0  0
20.5  0.251327  0  0
20.5  0.314159  0  0
20.5  0.376991  0  0
20.5  0.439823  35.6725  5.97265
20.5  0.502655  44.2708  6.65363
20.5  0.565487  60.3239  7.76685
20.5  0.628319  64.9068  8.05648
20.5  0.69115  65.4501  8.09012
20.5  0.753982  72.3197  8.5041
20.5  0.816814  82.3826  9.07648
20.5  0.879646  83.7662  9.15239
20.5  0.942478  87.1711  9.33654
20.5  1.00531  89.4831  9.45955
20.5  1.06814  89.4505  9.45783
20.5  1.13097  93.4  9.66437
20.5  1.19381  92.6587  9.62594
20.5  1.25664  93.0876  9.64819
20.5  1.31947  94.5701  9.72472
20.5  1.3823  95.7711  9.78627
20.5  1.44513  96.9697  9.84732
20.5  1.50796  97.8622  9.89253
20.5  1.5708  98.5258  9.92602
20.5  1.63363  96.0976  9.80294
20.5  1.69646  96.1969  9.808
20.5  1.75929  93.4685  9.66791
20.5  1.82212  94.5055  9.72139
20.5  1.88496  92.511  9.61826
20.5  1.94779  89.0792  9.43818
20.5  2.01062  89.2593  9.44771
20.5  2.07345  88.3212  9.39793
20.5  2.13628  86.0465  9.27613
20.5  2.19911  86.0034  9.2738
20.5  2.26195  80.3691  8.96488
20.5  2.32478  75.1371  8.66817
20.5  2.38761  64.5  8.03119
20.5  2.45044  59.2233  7.69567
20.5  2.51327  56.7568  7.53371
20.5  2.57611  51.2563  7.15935
20.5  2.63894  36.3057  6.02542
20.5  2.70177  0.671141  0.819232
20.5  2.7646  0  0
20.5  2.82743  0  0
20.5  2.89027  0  0
20.5  2.9531  0  0
20.5  3.01593  0  0
20.5  3.07876  0  0
21  0  0  0
21  0.0628319  0  0
21  0.125664  0  0
21  0.188496  0  0
21  0.251327  0  0
21  0.314159  0  0
21  0.376991  2.14286  1.46385
21  0.439823  35.6164  5.96795
21  0.502655  51.6432  7.18632
21  0.565487  62  7.87401
21  0.628319  67.2464  8.20039
21  0.69115  69.403  8.33085
21  0.753982  80.6691  8.9816
21  0.816814  81.5057  9.02805
21  0.879646  85.4305  9.24286
21  0.942478  85.4281  9.24273
21  1.00531  87.963  9.37886
21  1.06814  87.1579  9.33584
21  1.13097  92.7203  9.62914
21  1.19381  91.2664  9.55334
21  1.25664  94.6602  9.72935
21  1.31947  96.1538  9.80581
21  1.3823  96.2963  9.81307
21  1.44513  96.3218  9.81437
21  1.50796  98.1481  9.90697
21  1.5708  98.1777  9.90846
21  1.63363  97.5186  9.87515
21  1.69646  96.7662  9.83698
21  1.75929  95.1111  9.75249
21  1.82212  94.5055  9.72139
21  1.88496  94.9791  9.74572
21  1.94779  90.6489  9.52097
21  2.01062  88.1453  9.38857
21  2.07345  88.0374  9.38282
21  2.13628  86.8468  9.31917
21  2.19911  86.7395  9.3134
21  2.26195  80.1066  8.95023
21  2.32478  78.2197  8.84419
21  2.38761  69.7128  8.34942
21  2.45044  65.4321  8.08901
21  2.51327  58.6066  7.65549
21  2.57611  49.1979  7.01412
21  2.63894  29.4118  5.42326
21  2.70177  0  0
21  2.7646  0  0
21  2.82743  0  0
21  2.89027  0  0
21  2.9531  0  0
21  3.01593  0  0
21  3.07876  0  0
21.5  0  0  0
21.5  0.0628319  0  0
21.5  0.125664  0  0
21.5  0.188496  0  0
21.5  0.251327  0  0
21.5  0.314159  0  0
21.5  0.376991  3.2  1.78885
21.5  0.439823  45.0331  6.71067
21.5  0.502655  53.125  7.28869
21.5  0.565487  60.3846  7.77075
21.5  0.628319  67.7305  8.22985
21.5  0.69115  71.7762  8.47208
21.5  0.753982  78.0261  8.83324
21.5  0.816814  84.1322  9.17236
21.5  0.879646  84.0787  9.16944
21.5  0.942478  88.9968  9.43381
21.5  1.00531  85.0746  9.22359
21.5  1.06814  89.4837  9.45958
21.5  1.13097  93.75  9.68246
21.5  1.19381  93.6819  9.67894
21.5  1.25664  92.8899  9.63794
21.5  1.31947  96.8487  9.84118
21.5  1.3823  95.5654  9.77576
21.5  1.44513  98.8532  9.9425
21.5  1.50796  98.4456  9.92198
21.5  1.5708  97.8923  9.89405
21.5  1.63363  97.7833  9.88854
21.5  1.69646  95.7111  9.7832
21.5  1.75929  95.7447  9.78492
21.5  1.82212  93.0288  9.64515
21.5  1.88496  92.6087  9.62334
21.5  1.94779  92.1941  9.60178
21.5  2.01062  88.2353  9.39336
21.5  2.07345  89.3855  9.45439
21.5  2.13628  88.6239  9.41402
21.5  2.19911  84.3137  9.18225
21.5  2.26195  80.9947  8.9997
21.5  2.32478  79.0493  8.89097
21.5  2.38761  75.3117  8.67823
21.5  2.45044  63.5015  7.96878
21.5  2.51327  53.0864  7.28604
21.5  2.57611  44.3299  6.65807
21.5  2.63894  42.4419  6.51474
21.5  2.70177  3.84615  1.96116
21.5  2.7646  0  0
21.5  2.82743  0  0
21.5  2.89027  0  0
21.5  2.9531  0  0
21.5  3.01593  0  0
21.5  3.07876  0  0
22  0  0  0
22  0.0628319  0  0
22  0.125664  0  0
22  0.188496  0  0
22  0.251327  0  0
22  0.314159  0  0
22  0.376991  7.76699  2.78693
22  0.439823  48.4848  6.96311
22  0.502655  54.8023  7.40285
22  0.565487  57.0213  7.55124
22  0.628319  64.095  8.00593
22  0.69115  75.5556  8.69227
22  0.753982  78.8104  8.87752
22  0.816814  79.4165  8.9116
22  0.879646  86.2426  9.28669
22  0.942478  87.6091  9.35997
22  1.00531  90.4274  9.50933
22  1.06814  91.0714  9.54314
22  1.13097  91.0959  9.54442
22  1.19381  92.0455  9.59403
22  1.25664  92.8118  9.63389
22  1.31947  96.1373  9.80497
22  1.3823  96.2871  9.8126
22  1.44513  98.1395  9.90654
22  1.50796  98.9924  9.94949
22  1.5708  99.5025  9.97509
22  1.63363  96.2791  9.81219
22  1.69646  98.7593  9.93777
22  1.75929  95.5607  9.77552
22  1.82212  95.843  9.78994
22  1.88496  93.8429  9.68725
22  1.94779  92.3913  9.61204
22  2.01062  90.1235  9.49334
22  2.07345  89.0538  9.43683
22  2.13628  84.5486  9.19503
22  2.19911  88.1956  9.39125
22  2.26195  80.7757  8.98753
22  2.32478  77.6062  8.80944
22  2.38761  76.7157  8.75875
22  2.45044  67.0659  8.18938
22  2.51327  57.8261  7.60435
22  2.57611  52.1739  7.22315
22  2.63894  38.7097  6.22171
22  2.70177  3.50877  1.87317
22  2.7646  0  0
22  2.82743  0  0
22  2.89027  0  0
22  2.9531  0  0
22  3.01593  0  0
22  3.07876  0  0
22.5  0  0  0
22.5  0.0628319  0  0
22.5  0.125664  0  0
22.5  0.188496  0  0
22.5  0.251327  0  0
22.5  0.314159  0  0
22.5  0.376991  10.7843  3.28395
22.5  0.439823  40.5594  6.36863
22.5  0.502655  56.7708  7.53464
22.5  0.565487  63.6719  7.97947
22.5  0.628319  71.1712  8.4363
22.5  0.69115  75.5294  8.69077
22.5  0.753982  77.2809  8.79095
22.5  0.816814  83.91  9.16024
22.5  0.879646  88.1686  9.38981
22.5  0.942478  85.0085  9.22001
22.5  1.00531  89.0741  9.43791
22.5  1.06814  91.3462  9.55752
22.5  1.13097  92  9.59166
22.5  1.19381  93.3602  9.66231
22.5  1.25664  94.2065  9.70601
22.5  1.31947  95.7589  9.78565
22.5  1.3823  97.2093  9.85948
22.5  1.44513  96.837  9.84058
22.5  1.50796  98.4581  9.92261
22.5  1.5708  99.5536  9.97765
22.5  1.63363  97.4194  9.87012
22.5  1.69646  96.7742  9.83739
22.5  1.75929  95.9906  9.79748
22.5  1.82212  93.6937  9.67955
22.5  1.88496  94.7368  9.73329
22.5  1.94779  93.576  9.67347
22.5  2.01062  89.0538  9.43683
22.5  2.07345  89.2655  9.44804
22.5  2.13628  86.9176  9.32296
22.5  2.19911  87.3016  9.34353
22.5  2.26195  81.5929  9.03288
22.5  2.32478  81.3953  9.02194
22.5  2.38761  72.3881  8.50812
22.5  2.45044  71.5719  8.46002
22.5  2.51327  61.9772  7.87256
22.5  2.57611  50.2703  7.09015
22.5  2.63894  43.1373  6.5679
22.5  2.70177  10.6557  3.26431
22.5  2.7646  0  0
22.5  2.82743  0  0
22.5  2.89027  0  0
22.5  2.9531  0  0
22.5  3.01593  0  0
22.5  3.07876  0  0
23  0  0  0
23  0.0628319  0  0
23  0.125664  0  0
23  0.188496  0  0
23  0.251327  0  0
23  0.314159  0  0
23  0.376991  14.9425  3.86556
23  0.439823  45.614  6.75382
23  0.502655  54.3478  7.3721
23  0.565487  52.8517  7.26992
23  0.628319  69.9659  8.36456
23  0.69115  79.6569  8.92507
23  0.753982  79.8861  8.93791
23  0.816814  82.8283  9.101
23  0.879646  84.4985  9.19231
23  0.942478  88.0672  9.38441
23  1.00531  89.2996  9.44985
23  1.06814  91.3655  9.55853
23  1.13097  93.7639  9.68318
23  1.19381  96.0784  9.80196
23  1.25664  92.8726  9.63704
23  1.31947  92.9742  9.64232
23  1.3823  95.2381  9.759
23  1.44513  98.3568  9.9175
23  1.50796  98.6985  9.93471
23  1.5708  99.0291  9.95134
23  1.63363  97.1897  9.85848
23  1.69646  97.5664  9.87757
23  1.75929  94.6309  9.72784
23  1.82212  95.1064  9.75225
23  1.88496  92.9047  9.63871
23  1.94779  91.3232  9.55632
23  2.01062  90.8722  9.53269
23  2.07345  87.796  9.36995
23  2.13628  88.2459  9.39393
23  2.19911  83.4426  9.13469
23  2.26195  83.7795  9.15312
23  2.32478  76.5595  8.74983
23  2.38761  77.2727  8.79049
23  2.45044  66.4789  8.15346
23  2.51327  63.913  7.99456
23  2.57611  52.7897  7.26565
23  2.63894  48.1707  6.94051
23  2.70177  8.41121  2.90021
23  2.7646  0  0
23  2.82743  0  0
23  2.89027  0  0
23  2.9531  0  0
23  3.01593  0  0
23  3.07876  0  0
23.5  0  0  0
23.5  0.0628319  0  0
23.5  0.125664  0  0
23.5  0.188496  0  0
23.5  0.251327  0  0
23.5  0.314159  0  0
23.5  0.376991  15.3285  3.91516
23.5  0.439823  45.4545  6.742
23.5  0.502655  57.971  7.61387
23.5  0.565487  60.5932  7.78416
23.5  0.628319  70.2454  8.38125
23.5  0.69115  75.2525  8.67482
23.5  0.753982  76.6932  8.75747
23.5  0.816814  82.3024  9.07207
23.5  0.879646  82.8571  9.10259
23.5  0.942478  86.4818  9.29956
23.5  1.00531  90.4348  9.50972
23.5  1.06814  91.4583  9.56339
23.5  1.13097  92.0696  9.59529
23.5  1.19381  92.8261  9.63463
23.5  1.25664  93.1818  9.65307
23.5  1.31947  95.1648  9.75525
23.5  1.3823  96.6667  9.83192
23.5  1.44513  98.5816  9.92882
23.5  1.50796  99.2806  9.96396
23.5  1.5708  99.5074  9.97534
23.5  1.63363  97.3154  9.86486
23.5  1.69646  96.1538  9.80581
23.5  1.75929  95.2891  9.76161
23.5  1.82212  93.3638  9.6625
23.5  1.88496  92.8425  9.63548
23.5  1.94779  92.1941  9.60178
23.5  2.01062  88.7324  9.41979
23.5  2.07345  87.9771  9.37961
23.5  2.13628  86.9712  9.32584
23.5  2.19911  84.4937  9.19204
23.5  2.26195  84.048  9.16777
23.5  2.32478  79.7217  8.9287
23.5  2.38761  80.6005  8.97778
23.5  2.45044  70.6949  8.40802
23.5  2.51327  57.7358  7.59841
23.5  2.57611  60.4167  7.77282
23.5  2.63894  45.3988  6.73786
23.5  2.70177  15.7895  3.9736
23.5  2.7646  0  0
23.5  2.82743  0  0
23.5  2.89027  0  0
23.5  2.9531  0  0
23.5  3.01593  0  0
23.5  3.07876  0  0
24  0  0  0
24  0.0628319  0  0
24  0.125664  0  0
24  0.188496  0  0
24  0.251327  0  0
24  0.314159  0  0
24  0.376991  15.3846  3.92232
24  0.439823  39.548  6.28872
24  0.502655  52.9101  7.27393
24  0.565487  64.2308  8.01441
24  0.628319  72.8125  8.53302
24  0.69115  76.2963  8.73478
24  0.753982  80.4554  8.96969
24  0.816814  84.5411  9.19462
24  0.879646  86.1888  9.28379
24  0.942478  87.6872  9.36414
24  1.00531  91.1504  9.54727
24  1.06814  88.6364  9.41469
24  1.13097  92.2921  9.60688
24  1.19381  94.0133  9.69605
24  1.25664  95.466  9.77067
24  1.31947  95.2596  9.7601
24  1.3823  97.5669  9.8776
24  1.44513  98  9.89949
24  1.50796  99.5316  9.97655
24  1.5708  99.2188  9.96086
24  1.63363  98.8263  9.94114
24  1.69646  98.19  9.90909
24  1.75929  96.4371  9.82024
24  1.82212  94.4712  9.71963
24  1.88496  93.9914  9.69492
24  1.94779  91.8977  9.58633
24  2.01062  92.3077  9.60769
24  2.07345  88.4752  9.40612
24  2.13628  86.8561  9.31966
24  2.19911  83.4416  9.13464
24  2.26195  81.2715  9.01507
24  2.32478  79.2523  8.90238
24  2.38761  77.0053  8.77527
24  2.45044  71.5134  8.45656
24  2.51327  65.2361  8.07688
24  2.57611  60.177  7.75738
24  2.63894  47.5904  6.89858
24  2.70177  16.9811  4.12082
24  2.7646  0  0
24  2.82743  0  0
24  2.89027  0  0
24  2.9531  0  0
24  3.01593  0  0
24  3.07876  0  0
24.5  0  0  0
24.5  0.0628319  0  0
24.5  0.125664  0  0
24.5  0.188496  0  0
24.5  0.251327  0  0
24.5  0.314159  0  0
24.5  0.376991  20.7207  4.552
24.5  0.439823  45.0331  6.71067
24.5  0.502655  54.2857  7.36788
24.5  0.565487  66.537  8.15702
24.5  0.628319  71.8954  8.47912
24.5  0.69115  75.895  8.71177
24.5  0.753982  84.7222  9.20447
24.5  0.816814  80.6738  8.98186
24.5  0.879646  86.4636  9.29858
24.5  0.942478  86.3085  9.29024
24.5  1.00531  92.0956  9.59664
24.5  1.06814  91.3223  9.55627
24.5  1.13097  90.7173  9.52456
24.5  1.19381  95.9091  9.79332
24.5  1.25664  95.4348  9.76907
24.5  1.31947  97.0046  9.84909
24.5  1.3823  95.7143  9.78337
24.5  1.44513  98.4615  9.92278
24.5  1.50796  99.7712  9.98855
24.5  1.5708  99.0123  9.95049
24.5  1.63363  98.2533  9.91228
24.5  1.69646  97.3958  9.86893
24.5  1.75929  94.9772  9.74562
24.5  1.82212  94.6548  9.72907
24.5  1.88496  94.1038  9.70071
24.5  1.94779  91.3907  9.55985
24.5  2.01062  91.6  9.57079
24.5  2.07345  90.4425  9.51013
24.5  2.13628  86.4583  9.2983
24.5  2.19911  83.1034  9.11611
24.5  2.26195  84.1137  9.17135
24.5  2.32478  78.9474  8.88523
24.5  2.38761  77.2936  8.79168
24.5  2.45044  69.0141  8.30747
24.5  2.51327  71.5789  8.46043
24.5  2.57611  55.7377  7.46577
24.5  2.63894  47.2393  6.87308
24.5  2.70177  25.7426  5.07371
24.5  2.7646  0  0
24.5  2.82743  0  0
24.5  2.89027  0  0
24.5  2.9531  0  0
24.5  3.01593  0  0
24.5  3.07876  0  0
