2  0  0  0
2  0.0628319  0  0
2  0.125664  0  0
2  0.188496  0  0
2  0.251327  0  0
2  0.314159  0  0
2  0.376991  0  0
2  0.439823  0  0
2  0.502655  0  0
2  0.565487  0  0
2  0.628319  0  0
2  0.69115  0  0
2  0.753982  0  0
2  0.816814  0  0
2  0.879646  0  0
2  0.942478  0  0
2  1.00531  0  0
2  1.06814  0  0
2  1.13097  0  0
2  1.19381  0  0
2  1.25664  0  0
2  1.31947  0  0
2  1.3823  0  0
2  1.44513  0  0
2  1.50796  0  0
2  1.5708  0  0
2  1.63363  0  0
2  1.69646  0  0
2  1.75929  0  0
2  1.82212  0  0
2  1.88496  0  0
2  1.94779  0  0
2  2.01062  0  0
2  2.07345  0  0
2  2.13628  0  0
2  2.19911  0  0
2  2.26195  0  0
2  2.32478  0  0
2  2.38761  0  0
2  2.45044  0  0
2  2.51327  0  0
2  2.57611  0  0
2  2.63894  0  0
2  2.70177  0  0
2  2.7646  0  0
2  2.82743  0  0
2  2.89027  0  0
2  2.9531  0  0
2  3.01593  0  0
2  3.07876  0  0
2.5  0  0  0
2.5  0.0628319  0  0
2.5  0.125664  0  0
2.5  0.188496  0  0
2.5  0.251327  0  0
2.5  0.314159  0  0
2.5  0.376991  0  0
2.5  0.439823  0  0
2.5  0.502655  0  0
2.5  0.565487  0  0
2.5  0.628319  0  0
2.5  0.69115  0  0
2.5  0.753982  0  0
2.5  0.816814  0  0
2.5  0.879646  0  0
2.5  0.942478  0  0
2.5  1.00531  0  0
2.5  1.06814  0  0
2.5  1.13097  0  0
2.5  1.19381  0  0
2.5  1.25664  0.247646  1.9136
2.5  1.31947  3.51608  2.24006
2.5  1.3823  5.39987  1.69969
2.5  1.44513  2.55079  0.453662
2.5  1.50796  3.55992  0.590309
2.5  1.5708  3.55331  0.473911
2.5  1.63363  4.8074  1.07967
2.5  1.69646  3.4263  0.462208
2.5  1.75929  4.34856  1.08728
2.5  1.82212  16.3233  15.0561
2.5  1.88496  0  0
2.5  1.94779  0  0
2.5  2.01062  0  0
2.5  2.07345  0  0
2.5  2.13628  0  0
2.5  2.19911  0  0
2.5  2.26195  0  0
2.5  2.32478  0  0
2.5  2.38761  0  0
2.5  2.45044  0  0
2.5  2.51327  0  0
2.5  2.57611  0  0
2.5  2.63894  0  0
2.5  2.70177  0  0
2.5  2.7646  0  0
2.5  2.82743  0  0
2.5  2.89027  0  0
2.5  2.9531  0  0
2.5  3.01593  0  0
2.5  3.07876  0  0
3  0  0  0
3  0.0628319  0  0
3  0.125664  0  0
3  0.188496  0  0
3  0.251327  0  0
3  0.314159  0  0
3  0.376991  0  0
3  0.439823  0  0
3  0.502655  0  0
3  0.565487  0  0
3  0.628319  0  0
3  0.69115  0  0
3  0.753982  0  0
3  0.816814  0  0
3  0.879646  0  0
3  0.942478  2.75704  0.393878
3  1.00531  3.20135  0.487558
3  1.06814  3.58157  0.201404
3  1.13097  3.88818  0.196011
3  1.19381  4.28698  0.225994
3  1.25664  4.82827  0.276362
3  1.31947  4.83993  0.302518
3  1.3823  4.76199  0.251974
3  1.44513  4.9253  0.242923
3  1.50796  4.65378  0.237027
3  1.5708  5.15564  0.276771
3  1.63363  4.95255  0.293084
3  1.69646  5.10672  0.301311
3  1.75929  5.18146  0.279642
3  1.82212  4.89848  0.264932
3  1.88496  4.92548  0.292742
3  1.94779  4.22513  0.24986
3  2.01062  3.91744  0.231766
3  2.07345  3.23859  0.430752
3  2.13628  2.43597  0.355445
3  2.19911  1.99227  15.7991
3  2.26195  0  0
3  2.32478  0  0
3  2.38761  0  0
3  2.45044  0  0
3  2.51327  0  0
3  2.57611  0  0
3  2.63894  0  0
3  2.70177  0  0
3  2.7646  0  0
3  2.82743  0  0
3  2.89027  0  0
3  2.9531  0  0
3  3.01593  0  0
3  3.07876  0  0
3.5  0  0  0
3.5  0.0628319  0  0
3.5  0.125664  0  0
3.5  0.188496  0  0
3.5  0.251327  0  0
3.5  0.314159  0  0
3.5  0.376991  0  0
3.5  0.439823  0  0
3.5  0.502655  0  0
3.5  0.565487  0  0
3.5  0.628319  0  0
3.5  0.69115  0  0
3.5  0.753982  1.42113  0.586142
3.5  0.816814  3.30968  0.225792
3.5  0.879646  3.93678  0.178877
3.5  0.942478  4.42822  0.205377
3.5  1.00531  5.07786  0.226863
3.5  1.06814  4.84368  0.18003
3.5  1.13097  4.48263  0.203683
3.5  1.19381  4.44076  0.187545
3.5  1.25664  4.48088  0.203139
3.5  1.31947  4.45881  0.179669
3.5  1.3823  4.91797  0.244749
3.5  1.44513  4.47954  0.191841
3.5  1.50796  4.33669  0.1842
3.5  1.5708  4.45005  0.203411
3.5  1.63363  4.72017  0.2305
3.5  1.69646  4.74728  0.225868
3.5  1.75929  4.69848  0.194612
3.5  1.82212  4.1872  0.153909
3.5  1.88496  4.9293  0.222903
3.5  1.94779  4.7643  0.190417
3.5  2.01062  4.81107  0.209115
3.5  2.07345  4.90766  0.190676
3.5  2.13628  4.6575  0.163044
3.5  2.19911  4.32016  0.183522
3.5  2.26195  4.08449  0.370801
3.5  2.32478  4.76201  4.4578
3.5  2.38761  0  0
3.5  2.45044  0  0
3.5  2.51327  0  0
3.5  2.57611  0  0
3.5  2.63894  0  0
3.5  2.70177  0  0
3.5  2.7646  0  0
3.5  2.82743  0  0
3.5  2.89027  0  0
3.5  2.9531  0  0
3.5  3.01593  0  0
3.5  3.07876  0  0
4  0  0  0
4  0.0628319  0  0
4  0.125664  0  0
4  0.188496  0  0
4  0.251327  0  0
4  0.314159  0  0
4  0.376991  0  0
4  0.439823  0  0
4  0.502655  0  0
4  0.565487  0  0
4  0.628319  0  0
4  0.69115  2.80327  0.366666
4  0.753982  3.82518  0.203649
4  0.816814  3.97083  0.159507
4  0.879646  4.05886  0.15229
4  0.942478  3.76441  0.168284
4  1.00531  3.82781  0.155284
4  1.06814  4.04551  0.160333
4  1.13097  4.19558  0.165834
4  1.19381  4.17053  0.199403
4  1.25664  3.90046  0.185352
4  1.31947  4.59319  0.194683
4  1.3823  3.86503  0.155233
4  1.44513  4.3368  0.174576
4  1.50796  4.46341  0.196349
4  1.5708  4.12284  0.176089
4  1.63363  4.19996  0.210158
4  1.69646  4.13809  0.189783
4  1.75929  4.47757  0.186842
4  1.82212  4.41618  0.230166
4  1.88496  4.18728  0.172386
4  1.94779  4.26536  0.205833
4  2.01062  4.08862  0.160725
4  2.07345  3.94579  0.180027
4  2.13628  4.2026  0.170396
4  2.19911  3.96245  0.152433
4  2.26195  3.99746  0.173543
4  2.32478  3.69182  0.209459
4  2.38761  2.84325  0.323814
4  2.45044  0  0
4  2.51327  0  0
4  2.57611  0  0
4  2.63894  0  0
4  2.70177  0  0
4  2.7646  0  0
4  2.82743  0  0
4  2.89027  0  0
4  2.9531  0  0
4  3.01593  0  0
4  3.07876  0  0
4.5  0  0  0
4.5  0.0628319  0  0
4.5  0.125664  0  0
4.5  0.188496  0  0
4.5  0.251327  0  0
4.5  0.314159  0  0
4.5  0.376991  0  0
4.5  0.439823  0  0
4.5  0.502655  0  0
4.5  0.565487  0.246515  1.36042
4.5  0.628319  3.62857  0.506319
4.5  0.69115  4.31561  0.241298
4.5  0.753982  3.79175  0.153286
4.5  0.816814  4.61026  0.214956
4.5  0.879646  4.15653  0.160518
4.5  0.942478  4.12771  0.168507
4.5  1.00531  4.45872  0.191122
4.5  1.06814  4.09644  0.164768
4.5  1.13097  4.23484  0.174953
4.5  1.19381  4.24478  0.198902
4.5  1.25664  4.51036  0.241836
4.5  1.31947  4.62293  0.191299
4.5  1.3823  4.07624  0.161213
4.5  1.44513  4.51928  0.195021
4.5  1.50796  4.44435  0.167763
4.5  1.5708  4.46179  0.190026
4.5  1.63363  4.24674  0.187591
4.5  1.69646  4.26274  0.210333
4.5  1.75929  4.51661  0.201771
4.5  1.82212  4.64362  0.18338
4.5  1.88496  4.41824  0.168385
4.5  1.94779  4.43843  0.189043
4.5  2.01062  4.42533  0.185417
4.5  2.07345  3.90528  0.188669
4.5  2.13628  4.24745  0.157005
4.5  2.19911  4.36216  0.172643
4.5  2.26195  4.01617  0.153989
4.5  2.32478  4.34331  0.185481
4.5  2.38761  3.82841  0.172502
4.5  2.45044  3.32856  0.335855
4.5  2.51327  2.22291  16.3114
4.5  2.57611  0  0
4.5  2.63894  0  0
4.5  2.70177  0  0
4.5  2.7646  0  0
4.5  2.82743  0  0
4.5  2.89027  0  0
4.5  2.9531  0  0
4.5  3.01593  0  0
4.5  3.07876  0  0
5  0  0  0
5  0.0628319  0  0
5  0.125664  0  0
5  0.188496  0  0
5  0.251327  0  0
5  0.314159  0  0
5  0.376991  0  0
5  0.439823  0  0
5  0.502655  0  0
5  0.565487  3.73633  0.764919
5  0.628319  3.69286  0.233557
5  0.69115  3.9199  0.215896
5  0.753982  3.67821  0.144763
5  0.816814  4.30542  0.209922
5  0.879646  3.91581  0.154653
5  0.942478  3.89425  0.159247
5  1.00531  4.16797  0.162674
5  1.06814  3.93166  0.196363
5  1.13097  4.53193  0.173366
5  1.19381  4.12178  0.137904
5  1.25664  4.08484  0.159439
5  1.31947  4.26621  0.203924
5  1.3823  3.8174  0.166818
5  1.44513  4.42601  0.190207
5  1.50796  4.92588  0.216655
5  1.5708  4.23699  0.178616
5  1.63363  4.46444  0.180618
5  1.69646  4.55936  0.180034
5  1.75929  4.05884  0.159549
5  1.82212  4.3043  0.178567
5  1.88496  4.34655  0.190698
5  1.94779  4.41157  0.214365
5  2.01062  4.02587  0.222363
5  2.07345  4.17727  0.164999
5  2.13628  3.91321  0.144477
5  2.19911  3.84665  0.171197
5  2.26195  4.21817  0.164129
5  2.32478  3.8896  0.186367
5  2.38761  3.9943  0.218031
5  2.45044  3.3839  0.221322
5  2.51327  3.84125  1.06484
5  2.57611  0  0
5  2.63894  0  0
5  2.70177  0  0
5  2.7646  0  0
5  2.82743  0  0
5  2.89027  0  0
5  2.9531  0  0
5  3.01593  0  0
5  3.07876  0  0
5.5  0  0  0
5.5  0.0628319  0  0
5.5  0.125664  0  0
5.5  0.188496  0  0
5.5  0.251327  0  0
5.5  0.314159  0  0
5.5  0.376991  0  0
5.5  0.439823  0  0
5.5  0.502655  7.11598  7.02161
5.5  0.565487  3.33346  0.263889
5.5  0.628319  3.64937  0.205857
5.5  0.69115  3.91165  0.228277
5.5  0.753982  3.95341  0.165243
5.5  0.816814  4.02343  0.163021
5.5  0.879646  4.00813  0.148926
5.5  0.942478  4.01  0.151433
5.5  1.00531  4.29341  0.161337
5.5  1.06814  4.09284  0.208585
5.5  1.13097  4.38177  0.173968
5.5  1.19381  4.68394  0.201792
5.5  1.25664  5.08792  0.238048
5.5  1.31947  4.74744  0.213192
5.5  1.3823  4.68308  0.207409
5.5  1.44513  5.24543  0.243469
5.5  1.50796  4.7873  0.208058
5.5  1.5708  4.55961  0.202259
5.5  1.63363  4.95632  0.228049
5.5  1.69646  4.40495  0.20779
5.5  1.75929  4.40409  0.181997
5.5  1.82212  4.36813  0.171484
5.5  1.88496  4.26598  0.183062
5.5  1.94779  4.72241  0.191477
5.5  2.01062  4.37503  0.19616
5.5  2.07345  4.59425  0.175254
5.5  2.13628  4.00798  0.160015
5.5  2.19911  3.94036  0.154331
5.5  2.26195  4.27833  0.173145
5.5  2.32478  4.25201  0.180691
5.5  2.38761  3.80452  0.202668
5.5  2.45044  3.68493  0.255472
5.5  2.51327  3.35504  0.273933
5.5  2.57611  25.6081  24.0073
5.5  2.63894  0  0
5.5  2.70177  0  0
5.5  2.7646  0  0
5.5  2.82743  0  0
5.5  2.89027  0  0
5.5  2.9531  0  0
5.5  3.01593  0  0
5.5  3.07876  0  0
6  0  0  0
6  0.0628319  0  0
6  0.125664  0  0
6  0.188496  0  0
6  0.251327  0  0
6  0.314159  0  0
6  0.376991  0  0
6  0.439823  33.9466  26.9014
6  0.502655  2.45879  0.445843
6  0.565487  4.05037  0.330279
6  0.628319  3.7323  0.215563
6  0.69115  3.95174  0.211857
6  0.753982  3.83516  0.185936
6  0.816814  3.60389  0.147403
6  0.879646  4.18701  0.175903
6  0.942478  4.01606  0.141525
6  1.00531  4.28156  0.176594
6  1.06814  4.43433  0.19213
6  1.13097  4.82284  0.210374
6  1.19381  4.35938  0.166672
6  1.25664  4.72498  0.207781
6  1.31947  4.3086  0.159474
6  1.3823  4.77255  0.222665
6  1.44513  5.1402  0.230405
6  1.50796  4.73233  0.235814
6  1.5708  4.9087  0.200989
6  1.63363  4.80762  0.201819
6  1.69646  4.85243  0.208148
6  1.75929  4.7022  0.191165
6  1.82212  4.82309  0.198141
6  1.88496  4.50229  0.203572
6  1.94779  4.3163  0.153912
6  2.01062  3.93233  0.163832
6  2.07345  4.24887  0.186766
6  2.13628  4.25006  0.173786
6  2.19911  3.88953  0.169359
6  2.26195  3.63405  0.135497
6  2.32478  3.78558  0.201139
6  2.38761  3.77882  0.20162
6  2.45044  4.25715  0.284899
6  2.51327  3.48361  0.30123
6  2.57611  4.40301  0.634039
6  2.63894  0  0
6  2.70177  0  0
6  2.7646  0  0
6  2.82743  0  0
6  2.89027  0  0
6  2.9531  0  0
6  3.01593  0  0
6  3.07876  0  0
6.5  0  0  0
6.5  0.0628319  0  0
6.5  0.125664  0  0
6.5  0.188496  0  0
6.5  0.251327  0  0
6.5  0.314159  0  0
6.5  0.376991  0.248781  2.11825
6.5  0.439823  9.57896  15.2772
6.5  0.502655  3.47724  0.414232
6.5  0.565487  4.03591  0.421844
6.5  0.628319  3.82859  0.26719
6.5  0.69115  3.92488  0.179173
6.5  0.753982  4.29077  0.165518
6.5  0.816814  4.28971  0.162916
6.5  0.879646  4.54744  0.182448
6.5  0.942478  4.5164  0.18738
6.5  1.00531  4.21714  0.194405
6.5  1.06814  5.13556  0.215174
6.5  1.13097  4.97961  0.216229
6.5  1.19381  4.63887  0.210027
6.5  1.25664  4.98945  0.231471
6.5  1.31947  5.47689  0.239401
6.5  1.3823  5.50241  0.242583
6.5  1.44513  4.86632  0.239443
6.5  1.50796  5.32021  0.194401
6.5  1.5708  5.08278  0.210365
6.5  1.63363  4.90126  0.219749
6.5  1.69646  5.06025  0.250023
6.5  1.75929  4.62653  0.198608
6.5  1.82212  4.61037  0.225376
6.5  1.88496  4.73045  0.216608
6.5  1.94779  4.92158  0.2286
6.5  2.01062  4.77428  0.180789
6.5  2.07345  4.41779  0.184226
6.5  2.13628  4.45666  0.16859
6.5  2.19911  4.59121  0.185173
6.5  2.26195  4.33683  0.167109
6.5  2.32478  3.94262  0.189599
6.5  2.38761  3.81156  0.162311
6.5  2.45044  3.9501  0.328413
6.5  2.51327  3.93526  0.402064
6.5  2.57611  3.20109  0.370164
6.5  2.63894  3.59918  2.11963
6.5  2.70177  0  0
6.5  2.7646  0  0
6.5  2.82743  0  0
6.5  2.89027  0  0
6.5  2.9531  0  0
6.5  3.01593  0  0
6.5  3.07876  0  0
7  0  0  0
7  0.0628319  0  0
7  0.125664  0  0
7  0.188496  0  0
7  0.251327  0  0
7  0.314159  0  0
7  0.376991  0.248903  2.13154
7  0.439823  1.82414  0.434067
7  0.502655  3.02954  0.302389
7  0.565487  3.94485  0.331716
7  0.628319  3.75038  0.234894
7  0.69115  4.30754  0.236813
7  0.753982  4.08439  0.15942
7  0.816814  4.71531  0.184822
7  0.879646  4.63244  0.171719
7  0.942478  4.61781  0.211583
7  1.00531  4.63595  0.218586
7  1.06814  4.63012  0.192967
7  1.13097  4.56296  0.200466
7  1.19381  4.83049  0.208185
7  1.25664  4.42859  0.213043
7  1.31947  4.72405  0.221186
7  1.3823  5.38803  0.250213
7  1.44513  5.04396  0.213203
7  1.50796  5.34861  0.233107
7  1.5708  5.21206  0.255355
7  1.63363  4.84064  0.168922
7  1.69646  5.41249  0.304132
7  1.75929  4.60373  0.175204
7  1.82212  4.55307  0.188162
7  1.88496  4.55686  0.181318
7  1.94779  4.64465  0.167698
7  2.01062  4.66042  0.180903
7  2.07345  4.54796  0.174318
7  2.13628  4.52442  0.199965
7  2.19911  4.32014  0.174152
7  2.26195  3.93171  0.137574
7  2.32478  4.04966  0.157075
7  2.38761  3.8478  0.191371
7  2.45044  3.97918  0.205451
7  2.51327  3.66957  0.341087
7  2.57611  3.51734  0.372043
7  2.63894  3.98296  0.97573
7  2.70177  0.248903  2.13154
7  2.7646  0  0
7  2.82743  0  0
7  2.89027  0  0
7  2.9531  0  0
7  3.01593  0  0
7  3.07876  0  0
7.5  0  0  0
7.5  0.0628319  0  0
7.5  0.125664  0  0
7.5  0.188496  0  0
7.5  0.251327  0  0
7.5  0.314159  0  0
7.5  0.376991  0.251454  2.03789
7.5  0.439823  2.44049  0.361815
7.5  0.502655  3.62795  0.428802
7.5  0.565487  3.63716  0.230259
7.5  0.628319  3.33481  0.19313
7.5  0.69115  4.0493  0.232054
7.5  0.753982  4.29401  0.176175
7.5  0.816814  4.64088  0.179337
7.5  0.879646  4.66053  0.199074
7.5  0.942478  4.94558  0.19728
7.5  1.00531  4.38939  0.170166
7.5  1.06814  4.68554  0.186731
7.5  1.13097  4.65539  0.180462
7.5  1.19381  5.37127  0.229277
7.5  1.25664  5.2325  0.212347
7.5  1.31947  4.76602  0.187855
7.5  1.3823  5.01158  0.239902
7.5  1.44513  4.9248  0.255919
7.5  1.50796  5.17929  0.218487
7.5  1.5708  4.65015  0.193337
7.5  1.63363  5.52384  0.22301
7.5  1.69646  4.99652  0.25472
7.5  1.75929  5.50842  0.246607
7.5  1.82212  4.68362  0.202091
7.5  1.88496  5.01514  0.204253
7.5  1.94779  4.82904  0.192675
7.5  2.01062  4.33785  0.176528
7.5  2.07345  4.9203  0.205928
7.5  2.13628  4.48289  0.166821
7.5  2.19911  4.22694  0.177982
7.5  2.26195  4.1987  0.142649
7.5  2.32478  4.43384  0.219225
7.5  2.38761  3.86821  0.186783
7.5  2.45044  3.92203  0.195632
7.5  2.51327  3.74779  0.248242
7.5  2.57611  4.01021  0.448594
7.5  2.63894  2.6874  0.364531
7.5  2.70177  0  0
7.5  2.7646  0  0
7.5  2.82743  0  0
7.5  2.89027  0  0
7.5  2.9531  0  0
7.5  3.01593  0  0
7.5  3.07876  0  0
8  0  0  0
8  0.0628319  0  0
8  0.125664  0  0
8  0.188496  0  0
8  0.251327  0  0
8  0.314159  0  0
8  0.376991  14.7229  30.7961
8  0.439823  3.65464  0.48109
8  0.502655  4.08669  0.289368
8  0.565487  3.67125  0.336577
8  0.628319  3.75464  0.259455
8  0.69115  4.0456  0.22628
8  0.753982  3.9095  0.160437
8  0.816814  4.18269  0.149381
8  0.879646  4.22384  0.159714
8  0.942478  4.53806  0.181758
8  1.00531  4.93599  0.211238
8  1.06814  4.55097  0.188696
8  1.13097  4.90826  0.182738
8  1.19381  4.87021  0.206323
8  1.25664  4.90834  0.19688
8  1.31947  5.45439  0.256202
8  1.3823  5.08664  0.218032
8  1.44513  4.9448  0.215265
8  1.50796  5.21466  0.224713
8  1.5708  5.59696  0.234507
8  1.63363  5.41134  0.222145
8  1.69646  5.20012  0.260314
8  1.75929  5.13024  0.217526
8  1.82212  4.51141  0.233433
8  1.88496  5.05685  0.200617
8  1.94779  4.76966  0.210278
8  2.01062  4.79285  0.178885
8  2.07345  4.35389  0.203539
8  2.13628  4.25648  0.16725
8  2.19911  4.45069  0.148344
8  2.26195  4.3078  0.16865
8  2.32478  4.71965  0.184736
8  2.38761  4.08923  0.192409
8  2.45044  4.06351  0.258077
8  2.51327  3.46427  0.291351
8  2.57611  3.33344  0.260035
8  2.63894  2.68736  0.324592
8  2.70177  22.3598  17.7829
8  2.7646  0  0
8  2.82743  0  0
8  2.89027  0  0
8  2.9531  0  0
8  3.01593  0  0
8  3.07876  0  0
8.5  0  0  0
8.5  0.0628319  0  0
8.5  0.125664  0  0
8.5  0.188496  0  0
8.5  0.251327  0  0
8.5  0.314159  0  0
8.5  0.376991  6.11642  4.21888
8.5  0.439823  3.78793  0.478044
8.5  0.502655  3.1454  0.274031
8.5  0.565487  3.92626  0.245892
8.5  0.628319  3.93251  0.276487
8.5  0.69115  3.84918  0.161785
8.5  0.753982  4.82986  0.19241
8.5  0.816814  4.85107  0.25008
8.5  0.879646  4.83618  0.174855
8.5  0.942478  4.86633  0.17396
8.5  1.00531  4.97105  0.187513
8.5  1.06814  4.95522  0.229089
8.5  1.13097  5.00267  0.214864
8.5  1.19381  4.87055  0.214385
8.5  1.25664  5.2986  0.225038
8.5  1.31947  5.76315  0.231305
8.5  1.3823  5.30275  0.245673
8.5  1.44513  5.27281  0.236905
8.5  1.50796  5.2433  0.208141
8.5  1.5708  5.1954  0.255817
8.5  1.63363  5.16585  0.220494
8.5  1.69646  5.69342  0.240036
8.5  1.75929  5.36889  0.219242
8.5  1.82212  5.48773  0.268278
8.5  1.88496  5.43525  0.234685
8.5  1.94779  4.94644  0.211309
8.5  2.01062  5.27032  0.192919
8.5  2.07345  4.55883  0.147457
8.5  2.13628  5.20561  0.190869
8.5  2.19911  4.50032  0.169318
8.5  2.26195  4.61872  0.228245
8.5  2.32478  4.67375  0.209368
8.5  2.38761  4.43186  0.218108
8.5  2.45044  4.5009  0.304766
8.5  2.51327  3.72693  0.243459
8.5  2.57611  3.51831  0.522827
8.5  2.63894  3.42662  0.801653
8.5  2.70177  4.36305  3.87083
8.5  2.7646  0  0
8.5  2.82743  0  0
8.5  2.89027  0  0
8.5  2.9531  0  0
8.5  3.01593  0  0
8.5  3.07876  0  0
9  0  0  0
9  0.0628319  0  0
9  0.125664  0  0
9  0.188496  0  0
9  0.251327  0  0
9  0.314159  0  0
9  0.376991  2.27049  0.979694
9  0.439823  3.91243  0.568418
9  0.502655  3.34074  0.301673
9  0.565487  3.83754  0.251207
9  0.628319  4.02229  0.257191
9  0.69115  4.34289  0.219079
9  0.753982  3.98621  0.172894
9  0.816814  4.5687  0.192006
9  0.879646  4.89341  0.207606
9  0.942478  4.53612  0.168928
9  1.00531  5.24855  0.240565
9  1.06814  5.14035  0.191766
9  1.13097  5.57127  0.221556
9  1.19381  5.29539  0.227321
9  1.25664  5.25707  0.249128
9  1.31947  5.08168  0.220639
9  1.3823  5.12681  0.243648
9  1.44513  5.59617  0.240749
9  1.50796  5.19784  0.219644
9  1.5708  5.96314  0.285514
9  1.63363  5.57145  0.254065
9  1.69646  5.20856  0.270209
9  1.75929  5.44104  0.221465
9  1.82212  4.99039  0.216162
9  1.88496  5.33493  0.222082
9  1.94779  5.16592  0.234418
9  2.01062  4.93598  0.206494
9  2.07345  4.43292  0.169937
9  2.13628  4.67258  0.17936
9  2.19911  4.41038  0.17155
9  2.26195  4.45667  0.163004
9  2.32478  4.46071  0.191926
9  2.38761  4.26424  0.268084
9  2.45044  4.01794  0.220632
9  2.51327  3.81663  0.214985
9  2.57611  3.27748  0.242359
9  2.63894  3.36459  0.38292
9  2.70177  4.55533  1.19776
9  2.7646  0  0
9  2.82743  0  0
9  2.89027  0  0
9  2.9531  0  0
9  3.01593  0  0
9  3.07876  0  0
9.5  0  0  0
9.5  0.0628319  0  0
9.5  0.125664  0  0
9.5  0.188496  0  0
9.5  0.251327  0  0
9.5  0.314159  0  0
9.5  0.376991  3.92623  0.777699
9.5  0.439823  3.82477  0.749643
9.5  0.502655  3.29717  0.240212
9.5  0.565487  4.36354  0.3772
9.5  0.628319  4.24723  0.250137
9.5  0.69115  4.54526  0.211686
9.5  0.753982  4.29139  0.196835
9.5  0.816814  4.85444  0.183415
9.5  0.879646  4.86326  0.211452
9.5  0.942478  4.97642  0.214498
9.5  1.00531  5.03277  0.185817
9.5  1.06814  5.46948  0.226248
9.5  1.13097  5.14003  0.208074
9.5  1.19381  5.26587  0.204124
9.5  1.25664  5.60159  0.228635
9.5  1.31947  5.70621  0.244258
9.5  1.3823  5.35313  0.195431
9.5  1.44513  5.17261  0.214373
9.5  1.50796  5.54533  0.206721
9.5  1.5708  5.93954  0.253805
9.5  1.63363  5.53536  0.224086
9.5  1.69646  5.44715  0.27196
9.5  1.75929  5.50681  0.202867
9.5  1.82212  5.57434  0.234987
9.5  1.88496  5.62584  0.228545
9.5  1.94779  5.38446  0.203033
9.5  2.01062  4.91494  0.171127
9.5  2.07345  4.73373  0.21229
9.5  2.13628  5.11101  0.231665
9.5  2.19911  5.22871  0.205257
9.5  2.26195  4.82579  0.232987
9.5  2.32478  4.54509  0.193322
9.5  2.38761  4.02304  0.173907
9.5  2.45044  4.81493  0.303875
9.5  2.51327  4.07997  0.26152
9.5  2.57611  3.4704  0.339402
9.5  2.63894  3.23313  0.365882
9.5  2.70177  5.16852  1.2782
9.5  2.7646  0  0
9.5  2.82743  0  0
9.5  2.89027  0  0
9.5  2.9531  0  0
9.5  3.01593  0  0
9.5  3.07876  0  0
10  0  0  0
10  0.0628319  0  0
10  0.125664  0  0
10  0.188496  0  0
10  0.251327  0  0
10  0.314159  0  0
10  0.376991  2.77782  0.540811
10  0.439823  3.34962  0.452746
10  0.502655  3.59144  0.359444
10  0.565487  3.75088  0.231913
10  0.628319  4.28281  0.267561
10  0.69115  3.89055  0.227033
10  0.753982  4.40293  0.219237
10  0.816814  4.60174  0.178371
10  0.879646  4.63347  0.201798
10  0.942478  4.78343  0.190405
10  1.00531  4.88697  0.179444
10  1.06814  5.85493  0.255836
10  1.13097  5.49585  0.229654
10  1.19381  5.4758  0.207317
10  1.25664  5.22381  0.234503
10  1.31947  5.48589  0.23355
10  1.3823  5.81179  0.24801
10  1.44513  5.55513  0.251552
10  1.50796  5.71886  0.278872
10  1.5708  5.58537  0.235638
10  1.63363  5.23405  0.232807
10  1.69646  5.53248  0.206191
10  1.75929  5.39458  0.237626
10  1.82212  4.89792  0.173596
10  1.88496  5.57041  0.231504
10  1.94779  4.98432  0.213283
10  2.01062  4.96253  0.215147
10  2.07345  4.99779  0.17599
10  2.13628  4.98314  0.219318
10  2.19911  5.1038  0.201321
10  2.26195  4.72144  0.226303
10  2.32478  4.39529  0.179145
10  2.38761  4.31305  0.215525
10  2.45044  3.77755  0.232909
10  2.51327  3.93503  0.237529
10  2.57611  4.18551  0.459095
10  2.63894  4.89156  0.721061
10  2.70177  3.4335  0.617941
10  2.7646  0  0
10  2.82743  0  0
10  2.89027  0  0
10  2.9531  0  0
10  3.01593  0  0
10  3.07876  0  0
10.5  0  0  0
10.5  0.0628319  0  0
10.5  0.125664  0  0
10.5  0.188496  0  0
10.5  0.251327  0  0
10.5  0.314159  32.7816  19.9587
10.5  0.376991  2.955  0.553377
10.5  0.439823  2.47036  0.269681
10.5  0.502655  4.40167  0.438068
10.5  0.565487  4.30318  0.34213
10.5  0.628319  4.36803  0.227421
10.5  0.69115  4.32536  0.208008
10.5  0.753982  4.4356  0.188414
10.5  0.816814  4.60175  0.187386
10.5  0.879646  4.41239  0.146818
10.5  0.942478  5.12325  0.210581
10.5  1.00531  5.55187  0.236137
10.5  1.06814  5.25066  0.211517
10.5  1.13097  5.29884  0.231141
10.5  1.19381  5.31846  0.201752
10.5  1.25664  5.42142  0.191998
10.5  1.31947  6.11607  0.289855
10.5  1.3823  5.52524  0.230195
10.5  1.44513  5.89473  0.257919
10.5  1.50796  4.88482  0.247726
10.5  1.5708  5.59961  0.249608
10.5  1.63363  5.9303  0.301971
10.5  1.69646  6.20004  0.307155
10.5  1.75929  5.41691  0.263853
10.5  1.82212  5.74369  0.243239
10.5  1.88496  5.67883  0.244357
10.5  1.94779  5.46434  0.242147
10.5  2.01062  5.40766  0.211369
10.5  2.07345  5.38612  0.177314
10.5  2.13628  5.071  0.182394
10.5  2.19911  4.73668  0.165116
10.5  2.26195  5.03141  0.215086
10.5  2.32478  4.67717  0.224494
10.5  2.38761  4.94589  0.246675
10.5  2.45044  4.34601  0.270572
10.5  2.51327  3.88768  0.296297
10.5  2.57611  3.91284  0.358685
10.5  2.63894  3.24154  0.579595
10.5  2.70177  2.84438  0.414181
10.5  2.7646  16.3233  15.0561
10.5  2.82743  0  0
10.5  2.89027  0  0
10.5  2.9531  0  0
10.5  3.01593  0  0
10.5  3.07876  0  0
11  0  0  0
11  0.0628319  0  0
11  0.125664  0  0
11  0.188496  0  0
11  0.251327  0  0
11  0.314159  25.4807  27.9529
11  0.376991  3.25147  0.449151
11  0.439823  3.21718  0.25886
11  0.502655  3.7514  0.263315
11  0.565487  4.065  0.286888
11  0.628319  4.22839  0.287474
11  0.69115  4.00287  0.197836
11  0.753982  4.72285  0.217195
11  0.816814  4.53947  0.170386
11  0.879646  4.78077  0.199171
11  0.942478  4.98329  0.205501
11  1.00531  5.75103  0.258338
11  1.06814  5.50304  0.236289
11  1.13097  5.53721  0.231356
11  1.19381  5.52532  0.23163
11  1.25664  5.72532  0.262354
11  1.31947  5.8207  0.248986
11  1.3823  5.58245  0.239465
11  1.44513  5.77492  0.219765
11  1.50796  6.00511  0.296373
11  1.5708  5.6938  0.273033
11  1.63363  5.58553  0.236301
11  1.69646  5.89969  0.249679
11  1.75929  5.77777  0.248549
11  1.82212  5.93482  0.260568
11  1.88496  5.54148  0.212473
11  1.94779  5.07385  0.199977
11  2.01062  5.01584  0.221177
11  2.07345  5.33659  0.204343
11  2.13628  5.42133  0.193101
11  2.19911  4.83465  0.199852
11  2.26195  4.58618  0.164557
11  2.32478  4.46556  0.188125
11  2.38761  4.33953  0.207634
11  2.45044  3.99809  0.210287
11  2.51327  4.00209  0.221212
11  2.57611  3.7005  0.347836
11  2.63894  3.272  0.259627
11  2.70177  2.01575  0.493289
11  2.7646  27.6906  27.0173
11  2.82743  0  0
11  2.89027  0  0
11  2.9531  0  0
11  3.01593  0  0
11  3.07876  0  0
11.5  0  0  0
11.5  0.0628319  0  0
11.5  0.125664  0  0
11.5  0.188496  0  0
11.5  0.251327  0  0
11.5  0.314159  3.73398  9.70698
11.5  0.376991  3.05519  0.548132
11.5  0.439823  3.70909  0.46938
11.5  0.502655  4.34184  0.429486
11.5  0.565487  4.15298  0.259254
11.5  0.628319  4.23476  0.212329
11.5  0.69115  4.90565  0.244792
11.5  0.753982  5.18271  0.19603
11.5  0.816814  4.66722  0.153972
11.5  0.879646  5.09603  0.182517
11.5  0.942478  5.03124  0.197322
11.5  1.00531  5.28115  0.192541
11.5  1.06814  5.45367  0.23825
11.5  1.13097  5.19069  0.156937
11.5  1.19381  5.98051  0.30856
11.5  1.25664  5.5478  0.287038
11.5  1.31947  6.08953  0.270153
11.5  1.3823  5.32511  0.224075
11.5  1.44513  5.668  0.250573
11.5  1.50796  6.75515  0.330857
11.5  1.5708  5.3963  0.221279
11.5  1.63363  5.31296  0.283323
11.5  1.69646  5.72421  0.233227
11.5  1.75929  5.75607  0.25882
11.5  1.82212  5.93287  0.249356
11.5  1.88496  5.81627  0.238556
11.5  1.94779  6.02276  0.285314
11.5  2.01062  5.30007  0.234038
11.5  2.07345  5.56601  0.21731
11.5  2.13628  5.12592  0.194166
11.5  2.19911  4.74795  0.209648
11.5  2.26195  5.24418  0.200527
11.5  2.32478  4.70773  0.225583
11.5  2.38761  4.57262  0.223172
11.5  2.45044  4.35016  0.253192
11.5  2.51327  4.97498  0.386555
11.5  2.57611  3.71057  0.293832
11.5  2.63894  3.64396  0.413702
11.5  2.70177  3.41669  0.513734
11.5  2.7646  42.1585  21.2105
11.5  2.82743  0  0
11.5  2.89027  0  0
11.5  2.9531  0  0
11.5  3.01593  0  0
11.5  3.07876  0  0
12  0  0  0
12  0.0628319  0  0
12  0.125664  0  0
12  0.188496  0  0
12  0.251327  0.252745  1.76779
12  0.314159  6.35784  3.60511
12  0.376991  3.22465  0.563111
12  0.439823  4.68032  0.858761
12  0.502655  3.53015  0.342966
12  0.565487  4.99165  0.378518
12  0.628319  4.54567  0.33737
12  0.69115  4.80778  0.237339
12  0.753982  4.6187  0.198115
12  0.816814  5.21684  0.203269
12  0.879646  5.08532  0.206666
12  0.942478  5.11603  0.181146
12  1.00531  5.13314  0.197086
12  1.06814  5.51481  0.223027
12  1.13097  5.7525  0.241964
12  1.19381  5.41645  0.240969
12  1.25664  5.72239  0.25606
12  1.31947  6.03451  0.236812
12  1.3823  6.20918  0.26199
12  1.44513  5.84746  0.262153
12  1.50796  5.95558  0.253085
12  1.5708  5.75183  0.253426
12  1.63363  5.95378  0.273219
12  1.69646  5.60183  0.251459
12  1.75929  5.69785  0.223216
12  1.82212  5.59791  0.253669
12  1.88496  5.0527  0.208104
12  1.94779  5.49172  0.253528
12  2.01062  5.39398  0.229225
12  2.07345  5.05579  0.184165
12  2.13628  5.25121  0.172847
12  2.19911  4.99089  0.19424
12  2.26195  4.49025  0.163
12  2.32478  4.46594  0.181928
12  2.38761  4.53704  0.218386
12  2.45044  4.08649  0.220476
12  2.51327  4.66694  0.357461
12  2.57611  4.35281  0.359771
12  2.63894  3.15125  0.275033
12  2.70177  3.58054  0.610026
12  2.7646  8.22012  21.7518
12  2.82743  0.247646  1.9136
12  2.89027  0  0
12  2.9531  0  0
12  3.01593  0  0
12  3.07876  0  0
12.5  0  0  0
12.5  0.0628319  0  0
12.5  0.125664  0  0
12.5  0.188496  0  0
12.5  0.251327  0  0
12.5  0.314159  4.89563  1.81787
12.5  0.376991  3.54279  0.788513
12.5  0.439823  3.86194  0.417083
12.5  0.502655  4.08825  0.253344
12.5  0.565487  4.41522  0.313103
12.5  0.628319  4.14459  0.281795
12.5  0.69115  4.66014  0.218897
12.5  0.753982  5.19922  0.225944
12.5  0.816814  5.38741  0.239828
12.5  0.879646  5.23473  0.177291
12.5  0.942478  5.05254  0.176939
12.5  1.00531  5.38887  0.191099
12.5  1.06814  5.71409  0.199985
12.5  1.13097  5.65125  0.249237
12.5  1.19381  5.47968  0.218222
12.5  1.25664  5.84056  0.242894
12.5  1.31947  5.8979  0.241178
12.5  1.3823  6.0309  0.224935
12.5  1.44513  6.15033  0.257621
12.5  1.50796  6.42601  0.284279
12.5  1.5708  6.14416  0.255104
12.5  1.63363  6.16453  0.270896
12.5  1.69646  5.63962  0.233742
12.5  1.75929  5.73043  0.300318
12.5  1.82212  5.61153  0.235249
12.5  1.88496  5.75871  0.270312
12.5  1.94779  5.95238  0.23969
12.5  2.01062  5.74756  0.19039
12.5  2.07345  5.71859  0.237935
12.5  2.13628  5.35005  0.203285
12.5  2.19911  5.61817  0.20343
12.5  2.26195  4.93764  0.194951
12.5  2.32478  4.63839  0.188692
12.5  2.38761  4.57034  0.224218
12.5  2.45044  4.3949  0.261334
12.5  2.51327  4.0286  0.331329
12.5  2.57611  4.08684  0.276746
12.5  2.63894  4.81538  0.987898
12.5  2.70177  3.65866  0.728163
12.5  2.7646  4.97904  2.02049
12.5  2.82743  0  0
12.5  2.89027  0  0
12.5  2.9531  0  0
12.5  3.01593  0  0
12.5  3.07876  0  0
13  0  0  0
13  0.0628319  0  0
13  0.125664  0  0
13  0.188496  0  0
13  0.251327  0  0
13  0.314159  7.96348  7.61975
13  0.376991  4.34874  1.00217
13  0.439823  3.0737  0.262915
13  0.502655  3.88244  0.348865
13  0.565487  4.32237  0.271517
13  0.628319  4.64635  0.238259
13  0.69115  5.12819  0.221744
13  0.753982  5.08396  0.246245
13  0.816814  4.81803  0.213726
13  0.879646  5.27001  0.162024
13  0.942478  5.29752  0.211042
13  1.00531  5.38245  0.211115
13  1.06814  5.25457  0.25013
13  1.13097  5.56247  0.219936
13  1.19381  5.65412  0.221342
13  1.25664  5.89304  0.28161
13  1.31947  5.98035  0.225938
13  1.3823  5.9546  0.274369
13  1.44513  6.00969  0.23991
13  1.50796  6.06857  0.26487
13  1.5708  6.46323  0.281085
13  1.63363  6.20351  0.286159
13  1.69646  5.62487  0.236609
13  1.75929  6.31475  0.255185
13  1.82212  5.80034  0.247427
13  1.88496  5.61096  0.194457
13  1.94779  5.15712  0.199217
13  2.01062  5.6826  0.248154
13  2.07345  5.57946  0.221546
13  2.13628  5.52284  0.216404
13  2.19911  4.96645  0.205735
13  2.26195  4.90615  0.176335
13  2.32478  4.96653  0.210848
13  2.38761  5.04824  0.283585
13  2.45044  4.52807  0.28878
13  2.51327  3.90709  0.253256
13  2.57611  3.81811  0.425627
13  2.63894  4.60096  0.510357
13  2.70177  3.08762  0.427431
13  2.7646  2.78831  1.03292
13  2.82743  0  0
13  2.89027  0  0
13  2.9531  0  0
13  3.01593  0  0
13  3.07876  0  0
13.5  0  0  0
13.5  0.0628319  0  0
13.5  0.125664  0  0
13.5  0.188496  0  0
13.5  0.251327  0  0
13.5  0.314159  1.34667  0.404779
13.5  0.376991  3.76506  0.517348
13.5  0.439823  4.04376  0.369321
13.5  0.502655  4.22064  0.28916
13.5  0.565487  3.76907  0.306599
13.5  0.628319  4.67957  0.293324
13.5  0.69115  4.90223  0.233301
13.5  0.753982  5.04728  0.187517
13.5  0.816814  5.33385  0.224111
13.5  0.879646  5.16441  0.16981
13.5  0.942478  5.2699  0.189375
13.5  1.00531  5.93225  0.205654
13.5  1.06814  5.54777  0.219559
13.5  1.13097  5.58913  0.204471
13.5  1.19381  5.97312  0.237141
13.5  1.25664  5.55953  0.224307
13.5  1.31947  6.45689  0.25681
13.5  1.3823  6.14123  0.25757
13.5  1.44513  6.50816  0.29306
13.5  1.50796  6.17905  0.277944
13.5  1.5708  6.42774  0.358791
13.5  1.63363  6.4294  0.313507
13.5  1.69646  5.90834  0.262524
13.5  1.75929  6.45685  0.324929
13.5  1.82212  6.04306  0.222242
13.5  1.88496  6.05686  0.2596
13.5  1.94779  5.48794  0.211242
13.5  2.01062  5.98081  0.242174
13.5  2.07345  6.14863  0.270129
13.5  2.13628  5.70905  0.223743
13.5  2.19911  5.40578  0.188985
13.5  2.26195  5.33402  0.265134
13.5  2.32478  4.71476  0.240455
13.5  2.38761  4.89566  0.277082
13.5  2.45044  4.75215  0.323987
13.5  2.51327  3.78464  0.299951
13.5  2.57611  4.25816  0.467133
13.5  2.63894  4.0056  0.469
13.5  2.70177  4.8628  1.03079
13.5  2.7646  4.3851  1.56985
13.5  2.82743  0  0
13.5  2.89027  0  0
13.5  2.9531  0  0
13.5  3.01593  0  0
13.5  3.07876  0  0
14  0  0  0
14  0.0628319  0  0
14  0.125664  0  0
14  0.188496  0  0
14  0.251327  0  0
14  0.314159  5.24297  1.91209
14  0.376991  4.3549  0.529677
14  0.439823  4.36363  0.497093
14  0.502655  4.29358  0.352155
14  0.565487  4.38719  0.329815
14  0.628319  4.55818  0.265904
14  0.69115  4.5446  0.199751
14  0.753982  4.43741  0.169939
14  0.816814  5.26669  0.198811
14  0.879646  5.6581  0.204281
14  0.942478  5.41191  0.21805
14  1.00531  5.487  0.198292
14  1.06814  5.19491  0.210088
14  1.13097  6.08501  0.25738
14  1.19381  5.3385  0.231686
14  1.25664  6.14048  0.288598
14  1.31947  6.44701  0.256219
14  1.3823  6.19368  0.233331
14  1.44513  6.09231  0.242534
14  1.50796  5.9902  0.282638
14  1.5708  6.26825  0.287174
14  1.63363  5.74625  0.234741
14  1.69646  5.84542  0.254396
14  1.75929  6.1342  0.248488
14  1.82212  5.35175  0.237294
14  1.88496  5.96175  0.33578
14  1.94779  5.86754  0.229567
14  2.01062  5.81486  0.220418
14  2.07345  5.92409  0.231702
14  2.13628  5.61344  0.246065
14  2.19911  5.13742  0.203748
14  2.26195  5.01199  0.181511
14  2.32478  5.05403  0.198005
14  2.38761  4.71865  0.221841
14  2.45044  4.38654  0.205318
14  2.51327  4.64103  0.396594
14  2.57611  3.86212  0.374111
14  2.63894  3.81739  0.375255
14  2.70177  3.2283  0.475673
14  2.7646  3.76321  4.08584
14  2.82743  0.248781  2.11825
14  2.89027  0  0
14  2.9531  0  0
14  3.01593  0  0
14  3.07876  0  0
14.5  0  0  0
14.5  0.0628319  0  0
14.5  0.125664  0  0
14.5  0.188496  0  0
14.5  0.251327  1.11146  8.15571
14.5  0.314159  25.6827  30.0512
14.5  0.376991  3.66612  0.496903
14.5  0.439823  3.16973  0.248013
14.5  0.502655  3.30961  0.29284
14.5  0.565487  4.13664  0.234075
14.5  0.628319  4.30434  0.206827
14.5  0.69115  4.87988  0.225636
14.5  0.753982  5.1398  0.200968
14.5  0.816814  4.81571  0.189106
14.5  0.879646  5.4091  0.232773
14.5  0.942478  5.67024  0.201356
14.5  1.00531  5.98802  0.26485
14.5  1.06814  6.27595  0.235495
14.5  1.13097  5.46384  0.226861
14.5  1.19381  6.40133  0.241851
14.5  1.25664  5.91573  0.255446
14.5  1.31947  6.58077  0.318883
14.5  1.3823  5.5611  0.207424
14.5  1.44513  6.73142  0.279621
14.5  1.50796  6.44363  0.294596
14.5  1.5708  6.82908  0.304237
14.5  1.63363  6.25096  0.233046
14.5  1.69646  5.8379  0.236798
14.5  1.75929  5.74007  0.266438
14.5  1.82212  6.47716  0.262335
14.5  1.88496  5.72309  0.222807
14.5  1.94779  6.16533  0.283896
14.5  2.01062  5.44248  0.232501
14.5  2.07345  5.67213  0.234395
14.5  2.13628  5.79402  0.236133
14.5  2.19911  5.85091  0.234069
14.5  2.26195  5.1571  0.188492
14.5  2.32478  5.03438  0.204859
14.5  2.38761  5.19094  0.248488
14.5  2.45044  5.37606  0.276956
14.5  2.51327  4.02113  0.247471
14.5  2.57611  4.07418  0.403864
14.5  2.63894  3.6248  0.364581
14.5  2.70177  4.98633  1.01103
14.5  2.7646  15.8998  26.8478
14.5  2.82743  0  0
14.5  2.89027  0  0
14.5  2.9531  0  0
14.5  3.01593  0  0
14.5  3.07876  0  0
15  0  0  0
15  0.0628319  0  0
15  0.125664  0  0
15  0.188496  0  0
15  0.251327  0.252745  1.76779
15  0.314159  4.09832  2.17713
15  0.376991  4.56428  0.809708
15  0.439823  4.17984  0.535267
15  0.502655  3.70707  0.26381
15  0.565487  4.72933  0.336303
15  0.628319  4.64815  0.255648
15  0.69115  4.77293  0.242329
15  0.753982  4.89725  0.222743
15  0.816814  5.1605  0.233205
15  0.879646  5.25026  0.197194
15  0.942478  5.83633  0.232458
15  1.00531  5.84681  0.230857
15  1.06814  5.84808  0.229431
15  1.13097  5.94116  0.243742
15  1.19381  6.28382  0.25227
15  1.25664  6.33367  0.271289
15  1.31947  6.56134  0.29331
15  1.3823  6.34824  0.279075
15  1.44513  6.68057  0.307615
15  1.50796  6.46199  0.268658
15  1.5708  6.51965  0.264875
15  1.63363  6.23058  0.268225
15  1.69646  6.07497  0.227498
15  1.75929  5.9109  0.229484
15  1.82212  5.89819  0.257961
15  1.88496  5.56283  0.255214
15  1.94779  5.99105  0.227538
15  2.01062  5.85097  0.239525
15  2.07345  6.02306  0.225084
15  2.13628  5.25102  0.21079
15  2.19911  5.50251  0.22097
15  2.26195  4.92661  0.218965
15  2.32478  4.99436  0.228971
15  2.38761  4.22405  0.204114
15  2.45044  4.58064  0.245075
15  2.51327  5.14184  0.42149
15  2.57611  3.86593  0.32498
15  2.63894  3.81508  0.370563
15  2.70177  3.14214  0.42769
15  2.7646  3.89826  1.58218
15  2.82743  0.252745  1.76779
15  2.89027  0  0
15  2.9531  0  0
15  3.01593  0  0
15  3.07876  0  0
15.5  0  0  0
15.5  0.0628319  0  0
15.5  0.125664  0  0
15.5  0.188496  0  0
15.5  0.251327  0.247597  1.35485
15.5  0.314159  7.38431  1.65474
15.5  0.376991  3.27396  0.525695
15.5  0.439823  4.46755  1.03881
15.5  0.502655  3.91986  0.413068
15.5  0.565487  4.13771  0.232707
15.5  0.628319  4.29755  0.205357
15.5  0.69115  5.017  0.264479
15.5  0.753982  5.1197  0.250049
15.5  0.816814  5.41982  0.223018
15.5  0.879646  5.80219  0.210023
15.5  0.942478  5.92156  0.208606
15.5  1.00531  5.74605  0.207318
15.5  1.06814  5.47582  0.215994
15.5  1.13097  5.9968  0.239283
15.5  1.19381  6.52956  0.26268
15.5  1.25664  6.77983  0.284666
15.5  1.31947  6.09455  0.245367
15.5  1.3823  6.45258  0.265767
15.5  1.44513  6.24678  0.286773
15.5  1.50796  6.50651  0.250334
15.5  1.5708  6.82892  0.309832
15.5  1.63363  6.33026  0.255962
15.5  1.69646  6.09468  0.253824
15.5  1.75929  6.33754  0.279159
15.5  1.82212  6.25761  0.278139
15.5  1.88496  6.25615  0.31903
15.5  1.94779  6.31821  0.267555
15.5  2.01062  5.71499  0.230743
15.5  2.07345  6.38283  0.254282
15.5  2.13628  5.63698  0.196232
15.5  2.19911  5.46586  0.185221
15.5  2.26195  4.8833  0.231041
15.5  2.32478  5.53403  0.257872
15.5  2.38761  4.79318  0.273077
15.5  2.45044  4.90863  0.292464
15.5  2.51327  3.68007  0.217041
15.5  2.57611  4.73898  0.428467
15.5  2.63894  3.19149  0.363824
15.5  2.70177  5.57982  1.3678
15.5  2.7646  2.97844  0.86046
15.5  2.82743  2.22291  16.3114
15.5  2.89027  0  0
15.5  2.9531  0  0
15.5  3.01593  0  0
15.5  3.07876  0  0
16  0  0  0
16  0.0628319  0  0
16  0.125664  0  0
16  0.188496  0  0
16  0.251327  0  0
16  0.314159  2.60176  0.633559
16  0.376991  3.45418  0.717389
16  0.439823  4.78646  0.473049
16  0.502655  4.49052  0.314741
16  0.565487  4.38954  0.330502
16  0.628319  4.63809  0.268665
16  0.69115  4.58476  0.199239
16  0.753982  5.24334  0.246857
16  0.816814  4.65599  0.161621
16  0.879646  5.22722  0.193644
16  0.942478  6.14035  0.206005
16  1.00531  5.47256  0.234144
16  1.06814  6.11274  0.226059
16  1.13097  6.34856  0.256826
16  1.19381  6.14942  0.228954
16  1.25664  6.10299  0.301869
16  1.31947  6.03498  0.270202
16  1.3823  6.5667  0.257777
16  1.44513  6.67319  0.296494
16  1.50796  6.25656  0.255106
16  1.5708  6.03393  0.278606
16  1.63363  5.94766  0.24463
16  1.69646  6.40573  0.259632
16  1.75929  6.43785  0.372594
16  1.82212  5.90323  0.258714
16  1.88496  5.99507  0.231954
16  1.94779  6.37646  0.233176
16  2.01062  5.57852  0.204775
16  2.07345  5.58962  0.26175
16  2.13628  5.45343  0.175488
16  2.19911  5.48661  0.176012
16  2.26195  5.31471  0.191006
16  2.32478  5.03181  0.190953
16  2.38761  5.02356  0.260837
16  2.45044  4.99887  0.296728
16  2.51327  4.64869  0.24922
16  2.57611  4.15193  0.439023
16  2.63894  3.94072  0.426358
16  2.70177  4.3967  0.52502
16  2.7646  3.12364  0.555413
16  2.82743  17.1392  41.3651
16  2.89027  0  0
16  2.9531  0  0
16  3.01593  0  0
16  3.07876  0  0
16.5  0  0  0
16.5  0.0628319  0  0
16.5  0.125664  0  0
16.5  0.188496  0  0
16.5  0.251327  1.11146  8.15571
16.5  0.314159  2.75608  0.566093
16.5  0.376991  3.59414  0.520583
16.5  0.439823  3.78317  0.402617
16.5  0.502655  3.7027  0.328532
16.5  0.565487  4.85197  0.355265
16.5  0.628319  4.68816  0.301381
16.5  0.69115  4.99827  0.223221
16.5  0.753982  5.25867  0.216332
16.5  0.816814  5.60817  0.217023
16.5  0.879646  6.01101  0.240525
16.5  0.942478  5.5826  0.203316
16.5  1.00531  6.27617  0.233622
16.5  1.06814  6.49885  0.275172
16.5  1.13097  6.32536  0.28408
16.5  1.19381  5.49041  0.224135
16.5  1.25664  6.36521  0.285121
16.5  1.31947  7.34347  0.326514
16.5  1.3823  6.10024  0.254291
16.5  1.44513  5.90744  0.233903
16.5  1.50796  6.88142  0.301235
16.5  1.5708  6.20128  0.304203
16.5  1.63363  7.05178  0.304841
16.5  1.69646  6.08389  0.242727
16.5  1.75929  6.90111  0.281307
16.5  1.82212  6.08797  0.265081
16.5  1.88496  5.79836  0.261287
16.5  1.94779  6.61998  0.255082
16.5  2.01062  6.05449  0.230923
16.5  2.07345  5.51107  0.23134
16.5  2.13628  5.90045  0.192755
16.5  2.19911  5.6781  0.208788
16.5  2.26195  5.3597  0.223922
16.5  2.32478  5.68929  0.267277
16.5  2.38761  5.26681  0.27914
16.5  2.45044  4.95476  0.294988
16.5  2.51327  4.61429  0.327914
16.5  2.57611  4.48045  0.410202
16.5  2.63894  3.95194  0.344348
16.5  2.70177  5.30723  1.21189
16.5  2.7646  3.2376  0.544644
16.5  2.82743  82.097  42.3603
16.5  2.89027  0  0
16.5  2.9531  0  0
16.5  3.01593  0  0
16.5  3.07876  0  0
17  0  0  0
17  0.0628319  0  0
17  0.125664  0  0
17  0.188496  0  0
17  0.251327  16.3233  15.0561
17  0.314159  3.79941  1.45245
17  0.376991  3.40374  0.568359
17  0.439823  3.97619  0.506569
17  0.502655  3.98906  0.268984
17  0.565487  4.49224  0.269343
17  0.628319  4.91055  0.341721
17  0.69115  4.85513  0.199463
17  0.753982  5.10866  0.223491
17  0.816814  5.56126  0.19478
17  0.879646  6.09566  0.223105
17  0.942478  5.60436  0.202065
17  1.00531  6.06182  0.232611
17  1.06814  5.9274  0.262391
17  1.13097  6.23235  0.246238
17  1.19381  6.56034  0.27636
17  1.25664  6.86244  0.295699
17  1.31947  6.44192  0.266341
17  1.3823  5.76351  0.230053
17  1.44513  6.76826  0.292248
17  1.50796  5.91128  0.291545
17  1.5708  5.94625  0.25485
17  1.63363  6.5239  0.291555
17  1.69646  6.50056  0.283663
17  1.75929  5.87125  0.221385
17  1.82212  7.05646  0.279055
17  1.88496  6.80099  0.303415
17  1.94779  6.05699  0.24158
17  2.01062  6.04997  0.260331
17  2.07345  5.70394  0.237281
17  2.13628  5.72779  0.218515
17  2.19911  5.76358  0.204308
17  2.26195  5.58933  0.198041
17  2.32478  5.28489  0.210073
17  2.38761  4.7754  0.247356
17  2.45044  4.542  0.309693
17  2.51327  4.99031  0.388367
17  2.57611  4.68861  0.444482
17  2.63894  4.37904  0.403561
17  2.70177  3.12652  0.360314
17  2.7646  4.6176  1.40346
17  2.82743  0.246515  1.36042
17  2.89027  0  0
17  2.9531  0  0
17  3.01593  0  0
17  3.07876  0  0
17.5  0  0  0
17.5  0.0628319  0  0
17.5  0.125664  0  0
17.5  0.188496  0  0
17.5  0.251327  40.0137  35.5461
17.5  0.314159  3.73437  1.11454
17.5  0.376991  3.60416  0.725181
17.5  0.439823  4.72363  0.44685
17.5  0.502655  4.56597  0.554042
17.5  0.565487  5.42989  0.420624
17.5  0.628319  5.40138  0.293549
17.5  0.69115  5.45519  0.303622
17.5  0.753982  5.28291  0.229646
17.5  0.816814  5.90629  0.232325
17.5  0.879646  6.12855  0.199066
17.5  0.942478  5.92178  0.239025
17.5  1.00531  5.94748  0.221126
17.5  1.06814  6.05706  0.22008
17.5  1.13097  5.91346  0.203848
17.5  1.19381  7.1435  0.311427
17.5  1.25664  6.49718  0.284971
17.5  1.31947  5.87539  0.228311
17.5  1.3823  6.55442  0.239059
17.5  1.44513  6.55989  0.24853
17.5  1.50796  6.63744  0.295189
17.5  1.5708  6.51367  0.262333
17.5  1.63363  6.7631  0.282
17.5  1.69646  6.72704  0.331079
17.5  1.75929  7.2209  0.304077
17.5  1.82212  6.48722  0.265115
17.5  1.88496  6.38463  0.246887
17.5  1.94779  6.00147  0.246956
17.5  2.01062  6.36453  0.258839
17.5  2.07345  5.87425  0.247303
17.5  2.13628  5.64356  0.191835
17.5  2.19911  6.08408  0.219204
17.5  2.26195  5.12784  0.184626
17.5  2.32478  5.51309  0.211257
17.5  2.38761  5.29937  0.253576
17.5  2.45044  4.69862  0.305206
17.5  2.51327  5.16978  0.369128
17.5  2.57611  3.62932  0.306671
17.5  2.63894  4.49156  0.432042
17.5  2.70177  3.72639  0.496248
17.5  2.7646  4.39779  1.37938
17.5  2.82743  29.9143  17.8594
17.5  2.89027  0  0
17.5  2.9531  0  0
17.5  3.01593  0  0
17.5  3.07876  0  0
18  0  0  0
18  0.0628319  0  0
18  0.125664  0  0
18  0.188496  0  0
18  0.251327  48.1854  48.0937
18  0.314159  4.14508  0.774101
18  0.376991  4.30281  0.83527
18  0.439823  4.18122  0.523934
18  0.502655  4.11084  0.276639
18  0.565487  4.60081  0.32282
18  0.628319  4.25433  0.265428
18  0.69115  5.57796  0.271342
18  0.753982  5.36009  0.221039
18  0.816814  5.74763  0.21725
18  0.879646  5.50777  0.205136
18  0.942478  6.0698  0.227057
18  1.00531  6.19033  0.219485
18  1.06814  6.55594  0.241454
18  1.13097  6.48997  0.266199
18  1.19381  6.31687  0.207456
18  1.25664  6.53994  0.277997
18  1.31947  6.45072  0.29326
18  1.3823  6.03341  0.245059
18  1.44513  6.45772  0.260614
18  1.50796  7.2455  0.281194
18  1.5708  7.02366  0.300287
18  1.63363  6.42212  0.287427
18  1.69646  6.55873  0.254192
18  1.75929  6.57974  0.284592
18  1.82212  6.35952  0.262391
18  1.88496  6.30713  0.253859
18  1.94779  6.25998  0.222368
18  2.01062  6.29459  0.232607
18  2.07345  5.67622  0.207965
18  2.13628  5.65845  0.249436
18  2.19911  5.8674  0.206486
18  2.26195  5.86661  0.23838
18  2.32478  5.32004  0.225938
18  2.38761  5.12095  0.242296
18  2.45044  5.04012  0.337794
18  2.51327  4.74173  0.348132
18  2.57611  4.77028  0.358357
18  2.63894  4.39346  0.458403
18  2.70177  4.02336  0.427567
18  2.7646  1.01577  0.183303
18  2.82743  2.08769  1.02619
18  2.89027  0  0
18  2.9531  0  0
18  3.01593  0  0
18  3.07876  0  0
18.5  0  0  0
18.5  0.0628319  0  0
18.5  0.125664  0  0
18.5  0.188496  0  0
18.5  0.251327  32.6466  30.1122
18.5  0.314159  3.23525  1.03151
18.5  0.376991  3.93965  0.420113
18.5  0.439823  5.00892  0.746551
18.5  0.502655  4.48776  0.389217
18.5  0.565487  5.23112  0.382835
18.5  0.628319  4.97365  0.270487
18.5  0.69115  4.74348  0.258102
18.5  0.753982  5.83034  0.234381
18.5  0.816814  6.02142  0.225683
18.5  0.879646  5.8375  0.223811
18.5  0.942478  6.16721  0.241354
18.5  1.00531  6.08912  0.235798
18.5  1.06814  5.9936  0.280217
18.5  1.13097  6.31562  0.233663
18.5  1.19381  5.65062  0.240286
18.5  1.25664  6.32611  0.253203
18.5  1.31947  6.6423  0.302721
18.5  1.3823  6.43382  0.270579
18.5  1.44513  6.96222  0.272731
18.5  1.50796  6.144  0.250598
18.5  1.5708  7.33603  0.346167
18.5  1.63363  6.69781  0.338732
18.5  1.69646  6.75428  0.351684
18.5  1.75929  7.16067  0.294701
18.5  1.82212  7.17733  0.294129
18.5  1.88496  6.25521  0.292474
18.5  1.94779  6.50094  0.295951
18.5  2.01062  6.12202  0.247296
18.5  2.07345  6.16527  0.208847
18.5  2.13628  6.14326  0.230224
18.5  2.19911  5.72732  0.232003
18.5  2.26195  6.05512  0.25074
18.5  2.32478  5.71447  0.289443
18.5  2.38761  5.28104  0.305314
18.5  2.45044  5.10509  0.350574
18.5  2.51327  4.51298  0.26691
18.5  2.57611  4.22699  0.309137
18.5  2.63894  5.1066  0.997319
18.5  2.70177  4.15896  0.67692
18.5  2.7646  4.51645  1.45524
18.5  2.82743  5.40728  2.64467
18.5  2.89027  0  0
18.5  2.9531  0  0
18.5  3.01593  0  0
18.5  3.07876  0  0
19  0  0  0
19  0.0628319  0  0
19  0.125664  0  0
19  0.188496  0  0
19  0.251327  0.246515  2.25049
19  0.314159  1.9366  0.566419
19  0.376991  3.79128  0.527467
19  0.439823  3.93064  0.297561
19  0.502655  4.54812  0.327735
19  0.565487  4.96258  0.34054
19  0.628319  4.7016  0.323346
19  0.69115  5.06916  0.235748
19  0.753982  5.32785  0.257586
19  0.816814  5.39726  0.179101
19  0.879646  5.77508  0.210831
19  0.942478  6.04552  0.266389
19  1.00531  5.90162  0.205449
19  1.06814  6.44394  0.269632
19  1.13097  6.7228  0.267515
19  1.19381  6.2989  0.260792
19  1.25664  6.92174  0.276995
19  1.31947  6.4222  0.231737
19  1.3823  6.73123  0.285222
19  1.44513  7.18213  0.326629
19  1.50796  6.68407  0.261294
19  1.5708  6.52552  0.281593
19  1.63363  6.45287  0.27446
19  1.69646  7.4857  0.297019
19  1.75929  6.30463  0.256229
19  1.82212  5.76727  0.20729
19  1.88496  6.57248  0.254873
19  1.94779  6.20845  0.230059
19  2.01062  6.36176  0.220968
19  2.07345  6.32865  0.253212
19  2.13628  5.85267  0.20545
19  2.19911  5.06431  0.194688
19  2.26195  5.95826  0.245914
19  2.32478  5.62022  0.225115
19  2.38761  5.54972  0.259558
19  2.45044  5.50004  0.324683
19  2.51327  5.59205  0.37965
19  2.57611  4.88514  0.433644
19  2.63894  3.79214  0.480043
19  2.70177  4.53656  2.01259
19  2.7646  3.56078  0.882452
19  2.82743  0.996134  7.89967
19  2.89027  0  0
19  2.9531  0  0
19  3.01593  0  0
19  3.07876  0  0
19.5  0  0  0
19.5  0.0628319  0  0
19.5  0.125664  0  0
19.5  0.188496  0  0
19.5  0.251327  27.4138  49.4573
19.5  0.314159  4.96621  1.03281
19.5  0.376991  3.34942  0.428103
19.5  0.439823  3.8784  0.465138
19.5  0.502655  4.46395  0.358105
19.5  0.565487  5.6109  0.414822
19.5  0.628319  5.43702  0.317914
19.5  0.69115  5.57601  0.266437
19.5  0.753982  6.06197  0.259338
19.5  0.816814  6.16845  0.205519
19.5  0.879646  5.45338  0.207284
19.5  0.942478  6.11772  0.217462
19.5  1.00531  6.10096  0.257582
19.5  1.06814  6.67783  0.270521
19.5  1.13097  6.56749  0.246159
19.5  1.19381  6.60491  0.253434
19.5  1.25664  6.70134  0.287151
19.5  1.31947  6.7981  0.32018
19.5  1.3823  7.086  0.305
19.5  1.44513  6.78971  0.299395
19.5  1.50796  7.10311  0.287792
19.5  1.5708  7.65052  0.319081
19.5  1.63363  7.30169  0.312991
19.5  1.69646  6.67669  0.267998
19.5  1.75929  6.41091  0.307462
19.5  1.82212  5.86366  0.250726
19.5  1.88496  6.27559  0.270525
19.5  1.94779  6.596  0.274086
19.5  2.01062  6.46088  0.239308
19.5  2.07345  6.44573  0.248249
19.5  2.13628  6.11225  0.264065
19.5  2.19911  5.57411  0.179738
19.5  2.26195  6.09005  0.257903
19.5  2.32478  5.69047  0.251304
19.5  2.38761  6.03095  0.311069
19.5  2.45044  5.13958  0.300832
19.5  2.51327  4.9873  0.400368
19.5  2.57611  3.92378  0.317923
19.5  2.63894  4.21577  1.31902
19.5  2.70177  3.81687  0.507212
19.5  2.7646  2.75321  0.638232
19.5  2.82743  24.9254  20.5599
19.5  2.89027  0  0
19.5  2.9531  0  0
19.5  3.01593  0  0
19.5  3.07876  0  0
20  0  0  0
20  0.0628319  0  0
20  0.125664  0  0
20  0.188496  0  0
20  0.251327  7.66872  4.11911
20  0.314159  3.51103  0.766931
20  0.376991  3.85041  0.764235
20  0.439823  4.33492  0.605638
20  0.502655  4.2542  0.405403
20  0.565487  4.94361  0.417987
20  0.628319  5.6628  0.379491
20  0.69115  5.31854  0.221049
20  0.753982  5.50809  0.213836
20  0.816814  5.62316  0.199513
20  0.879646  5.79019  0.241417
20  0.942478  6.21565  0.255528
20  1.00531  6.41354  0.255447
20  1.06814  6.26521  0.247246
20  1.13097  6.59517  0.26897
20  1.19381  6.31756  0.250688
20  1.25664  7.32651  0.322984
20  1.31947  6.69192  0.304567
20  1.3823  6.99654  0.347044
20  1.44513  7.25189  0.403739
20  1.50796  7.22104  0.383568
20  1.5708  6.80627  0.252592
20  1.63363  6.56774  0.302076
20  1.69646  6.44782  0.285886
20  1.75929  6.95216  0.3064
20  1.82212  7.08964  0.315271
20  1.88496  6.60585  0.255356
20  1.94779  6.86323  0.288292
20  2.01062  6.56325  0.263395
20  2.07345  6.06412  0.245272
20  2.13628  6.05454  0.229064
20  2.19911  6.09267  0.24255
20  2.26195  5.75595  0.255684
20  2.32478  5.71463  0.237239
20  2.38761  4.95469  0.238835
20  2.45044  4.76151  0.266622
20  2.51327  5.00344  0.291812
20  2.57611  4.51563  0.324941
20  2.63894  3.88696  0.432065
20  2.70177  4.21768  0.537957
20  2.7646  1.88205  0.306111
20  2.82743  5.31001  4.96857
20  2.89027  0  0
20  2.9531  0  0
20  3.01593  0  0
20  3.07876  0  0
20.5  0  0  0
20.5  0.0628319  0  0
20.5  0.125664  0  0
20.5  0.188496  0  0
20.5  0.251327  3.39705  4.70492
20.5  0.314159  3.32579  0.654139
20.5  0.376991  2.88159  0.309148
20.5  0.439823  5.1831  0.520746
20.5  0.502655  4.44108  0.593401
20.5  0.565487  4.8311  0.311295
20.5  0.628319  5.76471  0.355815
20.5  0.69115  5.06382  0.25333
20.5  0.753982  5.76546  0.263243
20.5  0.816814  5.94141  0.235997
20.5  0.879646  6.10014  0.21682
20.5  0.942478  6.2731  0.241768
20.5  1.00531  6.12167  0.286848
20.5  1.06814  6.24637  0.248048
20.5  1.13097  6.67921  0.264296
20.5  1.19381  6.88703  0.275866
20.5  1.25664  6.59073  0.317162
20.5  1.31947  6.89199  0.263517
20.5  1.3823  7.2367  0.404225
20.5  1.44513  6.79204  0.274269
20.5  1.50796  6.94697  0.284299
20.5  1.5708  6.92974  0.306009
20.5  1.63363  6.68949  0.304336
20.5  1.69646  7.53899  0.344378
20.5  1.75929  6.66792  0.277194
20.5  1.82212  6.84365  0.316257
20.5  1.88496  6.96867  0.290419
20.5  1.94779  6.34762  0.284469
20.5  2.01062  6.39105  0.284118
20.5  2.07345  6.04055  0.223367
20.5  2.13628  6.35191  0.257231
20.5  2.19911  6.56546  0.223363
20.5  2.26195  5.89447  0.248427
20.5  2.32478  5.8986  0.256496
20.5  2.38761  5.20337  0.204269
20.5  2.45044  4.87569  0.345095
20.5  2.51327  4.88547  0.27135
20.5  2.57611  4.11796  0.442884
20.5  2.63894  4.46187  0.821598
20.5  2.70177  3.46069  0.321031
20.5  2.7646  4.23894  0.9337
20.5  2.82743  22.1085  14.6887
20.5  2.89027  0  0
20.5  2.9531  0  0
20.5  3.01593  0  0
20.5  3.07876  0  0
21  0  0  0
21  0.0628319  0  0
21  0.125664  0  0
21  0.188496  0  0
21  0.251327  3.29989  2.04825
21  0.314159  4.63076  1.25526
21  0.376991  3.34477  0.419926
21  0.439823  4.99772  0.459398
21  0.502655  4.18572  0.399838
21  0.565487  4.60471  0.28346
21  0.628319  4.71882  0.250103
21  0.69115  5.53811  0.267067
21  0.753982  5.30757  0.200397
21  0.816814  5.93664  0.204184
21  0.879646  6.09335  0.218668
21  0.942478  6.21889  0.264936
21  1.00531  6.75906  0.258289
21  1.06814  6.35631  0.237033
21  1.13097  6.73932  0.248105
21  1.19381  6.98582  0.297075
21  1.25664  6.38868  0.248239
21  1.31947  6.77921  0.305656
21  1.3823  7.34983  0.330183
21  1.44513  6.93002  0.285823
21  1.50796  7.07555  0.312623
21  1.5708  6.91864  0.285078
21  1.63363  6.85666  0.342648
21  1.69646  7.09368  0.274643
21  1.75929  6.97637  0.252796
21  1.82212  7.14038  0.280686
21  1.88496  6.90519  0.237286
21  1.94779  6.88424  0.295663
21  2.01062  6.12156  0.237117
21  2.07345  6.66054  0.228462
21  2.13628  6.22823  0.216711
21  2.19911  6.29534  0.211924
21  2.26195  6.10733  0.230372
21  2.32478  5.72363  0.242447
21  2.38761  5.31634  0.244305
21  2.45044  5.04541  0.284413
21  2.51327  5.17406  0.323005
21  2.57611  4.68267  0.429436
21  2.63894  4.44597  0.508605
21  2.70177  4.54801  0.650004
21  2.7646  4.21915  2.3315
21  2.82743  14.1781  32.8525
21  2.89027  0  0
21  2.9531  0  0
21  3.01593  0  0
21  3.07876  0  0
21.5  0  0  0
21.5  0.0628319  0  0
21.5  0.125664  0  0
21.5  0.188496  0  0
21.5  0.251327  0.246515  2.25049
21.5  0.314159  2.80355  0.422014
21.5  0.376991  4.52082  0.653594
21.5  0.439823  3.38212  0.360259
21.5  0.502655  4.7099  0.691248
21.5  0.565487  5.26224  0.397775
21.5  0.628319  5.35113  0.318736
21.5  0.69115  5.39554  0.268498
21.5  0.753982  5.41981  0.173865
21.5  0.816814  6.15238  0.238088
21.5  0.879646  6.3578  0.260488
21.5  0.942478  6.00835  0.212386
21.5  1.00531  6.01886  0.257895
21.5  1.06814  6.69628  0.285636
21.5  1.13097  6.88967  0.301532
21.5  1.19381  6.58723  0.278392
21.5  1.25664  6.89647  0.258926
21.5  1.31947  7.0173  0.302475
21.5  1.3823  6.76545  0.255003
21.5  1.44513  7.0592  0.266363
21.5  1.50796  7.29313  0.345187
21.5  1.5708  7.16741  0.319009
21.5  1.63363  6.71541  0.322076
21.5  1.69646  7.05363  0.314988
21.5  1.75929  7.12781  0.301176
21.5  1.82212  6.52018  0.284778
21.5  1.88496  6.60953  0.301427
21.5  1.94779  7.12694  0.262557
21.5  2.01062  6.05653  0.213251
21.5  2.07345  6.15256  0.222914
21.5  2.13628  6.20886  0.217878
21.5  2.19911  6.41148  0.229894
21.5  2.26195  6.12642  0.217264
21.5  2.32478  6.05266  0.251896
21.5  2.38761  5.24717  0.27743
21.5  2.45044  5.41201  0.290351
21.5  2.51327  5.02016  0.312833
21.5  2.57611  5.30525  0.485127
21.5  2.63894  5.22236  0.471583
21.5  2.70177  4.92146  0.789952
21.5  2.7646  5.07456  1.8012
21.5  2.82743  5.32257  5.09577
21.5  2.89027  0  0
21.5  2.9531  0  0
21.5  3.01593  0  0
21.5  3.07876  0  0
22  0  0  0
22  0.0628319  0  0
22  0.125664  0  0
22  0.188496  0  0
22  0.251327  27.1291  24.0641
22  0.314159  2.15362  0.51327
22  0.376991  4.73204  0.621459
22  0.439823  3.46079  0.407977
22  0.502655  4.0449  0.359697
22  0.565487  5.22965  0.362252
22  0.628319  4.68528  0.301367
22  0.69115  5.2075  0.307086
22  0.753982  5.27267  0.205994
22  0.816814  6.07373  0.219574
22  0.879646  5.82278  0.184986
22  0.942478  6.38918  0.241154
22  1.00531  5.97744  0.220835
22  1.06814  6.79079  0.316665
22  1.13097  6.29535  0.247318
22  1.19381  6.80774  0.266294
22  1.25664  6.56832  0.299835
22  1.31947  7.51971  0.301598
22  1.3823  6.86707  0.257827
22  1.44513  7.18854  0.334729
22  1.50796  7.52293  0.329118
22  1.5708  6.35642  0.264447
22  1.63363  6.61519  0.265075
22  1.69646  6.9685  0.304128
22  1.75929  6.20281  0.257291
22  1.82212  7.37249  0.316659
22  1.88496  6.80428  0.26365
22  1.94779  6.70673  0.241176
22  2.01062  6.50391  0.262567
22  2.07345  6.60629  0.235685
22  2.13628  6.75449  0.255427
22  2.19911  6.37348  0.242917
22  2.26195  6.09556  0.230897
22  2.32478  5.76185  0.235926
22  2.38761  5.18584  0.24148
22  2.45044  5.60478  0.382063
22  2.51327  4.33247  0.28003
22  2.57611  4.71031  0.524037
22  2.63894  4.1927  0.372835
22  2.70177  4.93003  0.668521
22  2.7646  4.47421  0.987615
22  2.82743  21.7229  28.3827
22  2.89027  0  0
22  2.9531  0  0
22  3.01593  0  0
22  3.07876  0  0
22.5  0  0  0
22.5  0.0628319  0  0
22.5  0.125664  0  0
22.5  0.188496  0  0
22.5  0.251327  41.952  38.2749
22.5  0.314159  3.24923  0.625601
22.5  0.376991  4.43433  0.589622
22.5  0.439823  6.05002  0.691371
22.5  0.502655  5.23078  0.391998
22.5  0.565487  4.79488  0.26026
22.5  0.628319  4.91269  0.28678
22.5  0.69115  5.24389  0.197228
22.5  0.753982  5.44144  0.22543
22.5  0.816814  6.26705  0.253075
22.5  0.879646  6.7978  0.288635
22.5  0.942478  5.94321  0.231913
22.5  1.00531  6.5401  0.229392
22.5  1.06814  6.86241  0.321094
22.5  1.13097  7.00644  0.306817
22.5  1.19381  6.84872  0.337433
22.5  1.25664  7.85022  0.403442
22.5  1.31947  6.90085  0.279555
22.5  1.3823  7.14397  0.301897
22.5  1.44513  7.09471  0.317244
22.5  1.50796  6.84016  0.304323
22.5  1.5708  7.85181  0.376275
22.5  1.63363  6.99022  0.293981
22.5  1.69646  7.53696  0.328229
22.5  1.75929  6.94241  0.323271
22.5  1.82212  6.69026  0.273129
22.5  1.88496  7.13415  0.322407
22.5  1.94779  7.46412  0.341367
22.5  2.01062  6.7809  0.287207
22.5  2.07345  6.21774  0.241604
22.5  2.13628  6.26263  0.234156
22.5  2.19911  6.23079  0.224144
22.5  2.26195  5.66003  0.207764
22.5  2.32478  5.23718  0.175899
22.5  2.38761  5.82367  0.243727
22.5  2.45044  5.49241  0.335817
22.5  2.51327  5.06361  0.312795
22.5  2.57611  5.11389  0.51462
22.5  2.63894  3.67949  0.384691
22.5  2.70177  3.56713  0.506314
22.5  2.7646  3.81226  1.00678
22.5  2.82743  2.9884  23.699
22.5  2.89027  0  0
22.5  2.9531  0  0
22.5  3.01593  0  0
22.5  3.07876  0  0
23  0  0  0
23  0.0628319  0  0
23  0.125664  0  0
23  0.188496  0  0
23  0.251327  87.1302  59.2169
23  0.314159  5.23779  1.31372
23  0.376991  3.61998  0.481272
23  0.439823  4.75336  0.544549
23  0.502655  4.62282  0.353276
23  0.565487  4.30039  0.308931
23  0.628319  5.34144  0.282173
23  0.69115  5.46933  0.246856
23  0.753982  6.33228  0.241148
23  0.816814  5.97241  0.223931
23  0.879646  6.3453  0.233669
23  0.942478  5.96062  0.194418
23  1.00531  7.18124  0.281862
23  1.06814  6.48025  0.250167
23  1.13097  7.03669  0.279525
23  1.19381  6.41642  0.264685
23  1.25664  7.46432  0.317811
23  1.31947  7.31472  0.306669
23  1.3823  7.24511  0.312556
23  1.44513  7.21848  0.292275
23  1.50796  7.74156  0.323718
23  1.5708  7.35037  0.30797
23  1.63363  6.7983  0.295554
23  1.69646  7.62351  0.332225
23  1.75929  7.06027  0.311615
23  1.82212  7.39063  0.298215
23  1.88496  7.35296  0.268002
23  1.94779  6.90769  0.270785
23  2.01062  6.71896  0.245071
23  2.07345  6.25181  0.244242
23  2.13628  6.20316  0.229244
23  2.19911  6.27264  0.247833
23  2.26195  6.12439  0.2249
23  2.32478  5.47606  0.193806
23  2.38761  5.7456  0.257099
23  2.45044  5.36011  0.309192
23  2.51327  4.9046  0.283172
23  2.57611  5.99763  0.53677
23  2.63894  5.15952  0.638586
23  2.70177  4.96422  0.823483
23  2.7646  6.15751  3.03553
23  2.82743  39.3655  24.8778
23  2.89027  0  0
23  2.9531  0  0
23  3.01593  0  0
23  3.07876  0  0
23.5  0  0  0
23.5  0.0628319  0  0
23.5  0.125664  0  0
23.5  0.188496  0  0
23.5  0.251327  22.259  11.1393
23.5  0.314159  4.67936  1.97751
23.5  0.376991  3.24483  0.377661
23.5  0.439823  4.53959  0.411759
23.5  0.502655  4.92136  0.378927
23.5  0.565487  5.05655  0.293294
23.5  0.628319  5.00165  0.275522
23.5  0.69115  5.35211  0.23846
23.5  0.753982  5.68261  0.231121
23.5  0.816814  6.52129  0.247193
23.5  0.879646  6.35768  0.212094
23.5  0.942478  6.76824  0.263313
23.5  1.00531  6.9487  0.259948
23.5  1.06814  6.88477  0.260149
23.5  1.13097  6.6223  0.255165
23.5  1.19381  7.08208  0.335626
23.5  1.25664  7.27836  0.307233
23.5  1.31947  6.42811  0.266851
23.5  1.3823  7.39404  0.309498
23.5  1.44513  7.38178  0.304066
23.5  1.50796  7.82167  0.323521
23.5  1.5708  7.22274  0.26856
23.5  1.63363  6.3328  0.298516
23.5  1.69646  6.65076  0.290918
23.5  1.75929  7.31757  0.349196
23.5  1.82212  7.5407  0.324313
23.5  1.88496  6.85235  0.259068
23.5  1.94779  6.73928  0.264456
23.5  2.01062  6.66033  0.264091
23.5  2.07345  6.5574  0.254274
23.5  2.13628  6.6837  0.265014
23.5  2.19911  6.23785  0.226531
23.5  2.26195  5.91849  0.26443
23.5  2.32478  5.15696  0.230997
23.5  2.38761  5.26393  0.278241
23.5  2.45044  5.82301  0.348492
23.5  2.51327  5.58406  0.420494
23.5  2.57611  4.58497  0.428584
23.5  2.63894  3.53634  0.378797
23.5  2.70177  6.42366  1.31466
23.5  2.7646  2.35234  0.670644
23.5  2.82743  2.41024  1.05739
23.5  2.89027  0  0
23.5  2.9531  0  0
23.5  3.01593  0  0
23.5  3.07876  0  0
24  0  0  0
24  0.0628319  0  0
24  0.125664  0  0
24  0.188496  0  0
24  0.251327  6.14289  9.01376
24  0.314159  5.98288  2.01539
24  0.376991  3.59766  0.634402
24  0.439823  4.04854  0.374217
24  0.502655  4.82038  0.342315
24  0.565487  4.62791  0.294926
24  0.628319  4.78719  0.288418
24  0.69115  5.61682  0.220642
24  0.753982  5.76155  0.20347
24  0.816814  5.7193  0.218534
24  0.879646  6.46764  0.217972
24  0.942478  6.42397  0.225513
24  1.00531  6.38902  0.235668
24  1.06814  7.24108  0.279861
24  1.13097  6.80351  0.296687
24  1.19381  7.46364  0.298458
24  1.25664  7.4872  0.306831
24  1.31947  7.11319  0.296664
24  1.3823  6.73439  0.262721
24  1.44513  6.61224  0.268364
24  1.50796  7.68166  0.371114
24  1.5708  7.35695  0.282818
24  1.63363  7.04501  0.310742
24  1.69646  7.09106  0.295242
24  1.75929  7.07777  0.276415
24  1.82212  7.49763  0.34753
24  1.88496  7.48862  0.321359
24  1.94779  6.42117  0.256824
24  2.01062  6.92339  0.270922
24  2.07345  7.17702  0.268039
24  2.13628  6.62222  0.235025
24  2.19911  6.48704  0.234538
24  2.26195  6.3182  0.248918
24  2.32478  5.46463  0.204002
24  2.38761  5.37471  0.233815
24  2.45044  5.56697  0.325554
24  2.51327  4.33872  0.272167
24  2.57611  5.08862  0.414584
24  2.63894  5.17567  0.69258
24  2.70177  4.47791  0.532585
24  2.7646  3.37791  0.611212
24  2.82743  2.85526  2.0939
24  2.89027  0  0
24  2.9531  0  0
24  3.01593  0  0
24  3.07876  0  0
24.5  0  0  0
24.5  0.0628319  0  0
24.5  0.125664  0  0
24.5  0.188496  0  0
24.5  0.251327  4.52159  1.87398
24.5  0.314159  2.97063  0.515245
24.5  0.376991  5.54995  1.00762
24.5  0.439823  4.4725  0.38172
24.5  0.502655  5.54963  0.489098
24.5  0.565487  5.61691  0.395595
24.5  0.628319  5.32575  0.301287
24.5  0.69115  5.6578  0.269651
24.5  0.753982  6.39629  0.275276
24.5  0.816814  6.40404  0.24492
24.5  0.879646  6.44979  0.21866
24.5  0.942478  6.95752  0.279907
24.5  1.00531  6.66921  0.259124
24.5  1.06814  7.07021  0.270301
24.5  1.13097  6.63652  0.265124
24.5  1.19381  6.98106  0.278378
24.5  1.25664  7.76696  0.34675
24.5  1.31947  7.29156  0.290024
24.5  1.3823  6.99359  0.31422
24.5  1.44513  7.60777  0.356952
24.5  1.50796  7.39288  0.469318
24.5  1.5708  7.11898  0.335972
24.5  1.63363  7.2718  0.324562
24.5  1.69646  6.63266  0.238735
24.5  1.75929  7.12085  0.290128
24.5  1.82212  6.63532  0.263771
24.5  1.88496  7.45411  0.324777
24.5  1.94779  7.16609  0.332154
24.5  2.01062  6.8887  0.285601
24.5  2.07345  6.9174  0.233841
24.5  2.13628  6.3755  0.216769
24.5  2.19911  6.44555  0.25734
24.5  2.26195  6.1968  0.229427
24.5  2.32478  5.75238  0.23563
24.5  2.38761  5.64375  0.267424
24.5  2.45044  4.83458  0.269506
24.5  2.51327  4.58813  0.283253
24.5  2.57611  4.81483  0.338095
24.5  2.63894  4.10783  0.698094
24.5  2.70177  2.89933  0.455329
24.5  2.7646  3.87835  0.958602
24.5  2.82743  34.1157  33.2632
24.5  2.89027  0  0
24.5  2.9531  0  0
24.5  3.01593  0  0
24.5  3.07876  0  0
