2  0  0  0
2  0.0628319  0  0
2  0.125664  0  0
2  0.188496  0  0
2  0.251327  0  0
2  0.314159  0  0
2  0.376991  0  0
2  0.439823  0  0
2  0.502655  0  0
2  0.565487  0  0
2  0.628319  0  0
2  0.69115  0  0
2  0.753982  0  0
2  0.816814  0  0
2  0.879646  0  0
2  0.942478  0  0
2  1.00531  0  0
2  1.06814  0  0
2  1.13097  0  0
2  1.19381  0  0
2  1.25664  0  0
2  1.31947  0  0
2  1.3823  0  0
2  1.44513  0  0
2  1.50796  0  0
2  1.5708  0  0
2  1.63363  0  0
2  1.69646  0  0
2  1.75929  0  0
2  1.82212  0  0
2  1.88496  0  0
2  1.94779  0  0
2  2.01062  0  0
2  2.07345  0  0
2  2.13628  0  0
2  2.19911  0  0
2  2.26195  0  0
2  2.32478  0  0
2  2.38761  0  0
2  2.45044  0  0
2  2.51327  0  0
2  2.57611  0  0
2  2.63894  0  0
2  2.70177  0  0
2  2.7646  0  0
2  2.82743  0  0
2  2.89027  0  0
2  2.9531  0  0
2  3.01593  0  0
2  3.07876  0  0
2.5  0  0  0
2.5  0.0628319  0  0
2.5  0.125664  0  0
2.5  0.188496  0  0
2.5  0.251327  0  0
2.5  0.314159  0  0
2.5  0.376991  0  0
2.5  0.439823  0  0
2.5  0.502655  0  0
2.5  0.565487  0  0
2.5  0.628319  0  0
2.5  0.69115  0  0
2.5  0.753982  0  0
2.5  0.816814  0  0
2.5  0.879646  0  0
2.5  0.942478  0  0
2.5  1.00531  0  0
2.5  1.06814  0  0
2.5  1.13097  0  0
2.5  1.19381  0  0
2.5  1.25664  0  0
2.5  1.31947  0  0
2.5  1.3823  0  0
2.5  1.44513  0  0
2.5  1.50796  0  0
2.5  1.5708  0  0
2.5  1.63363  0  0
2.5  1.69646  0  0
2.5  1.75929  0  0
2.5  1.82212  0  0
2.5  1.88496  0  0
2.5  1.94779  0  0
2.5  2.01062  0  0
2.5  2.07345  0  0
2.5  2.13628  0  0
2.5  2.19911  0  0
2.5  2.26195  0  0
2.5  2.32478  0  0
2.5  2.38761  0  0
2.5  2.45044  0  0
2.5  2.51327  0  0
2.5  2.57611  0  0
2.5  2.63894  0  0
2.5  2.70177  0  0
2.5  2.7646  0  0
2.5  2.82743  0  0
2.5  2.89027  0  0
2.5  2.9531  0  0
2.5  3.01593  0  0
2.5  3.07876  0  0
3  0  0  0
3  0.0628319  0  0
3  0.125664  0  0
3  0.188496  0  0
3  0.251327  0  0
3  0.314159  0  0
3  0.376991  0  0
3  0.439823  0  0
3  0.502655  0  0
3  0.565487  0  0
3  0.628319  0  0
3  0.69115  0  0
3  0.753982  0  0
3  0.816814  0  0
3  0.879646  0  0
3  0.942478  0  0
3  1.00531  0.250138  2.26611
3  1.06814  2.09016  0.656484
3  1.13097  3.75326  0.623116
3  1.19381  3.76085  0.496543
3  1.25664  3.62385  0.378895
3  1.31947  3.91739  0.450682
3  1.3823  4.32497  0.431178
3  1.44513  4.14958  0.362684
3  1.50796  5.5932  0.74513
3  1.5708  4.07014  0.336697
3  1.63363  4.09983  0.563859
3  1.69646  3.79457  0.396897
3  1.75929  3.81102  0.500418
3  1.82212  5.79615  1.04422
3  1.88496  3.54434  0.466188
3  1.94779  3.43079  0.61164
3  2.01062  5.91835  4.69388
3  2.07345  0  0
3  2.13628  0  0
3  2.19911  0  0
3  2.26195  0  0
3  2.32478  0  0
3  2.38761  0  0
3  2.45044  0  0
3  2.51327  0  0
3  2.57611  0  0
3  2.63894  0  0
3  2.70177  0  0
3  2.7646  0  0
3  2.82743  0  0
3  2.89027  0  0
3  2.9531  0  0
3  3.01593  0  0
3  3.07876  0  0
3.5  0  0  0
3.5  0.0628319  0  0
3.5  0.125664  0  0
3.5  0.188496  0  0
3.5  0.251327  0  0
3.5  0.314159  0  0
3.5  0.376991  0  0
3.5  0.439823  0  0
3.5  0.502655  0  0
3.5  0.565487  0  0
3.5  0.628319  0  0
3.5  0.69115  0  0
3.5  0.753982  0  0
3.5  0.816814  4.38685  1.74784
3.5  0.879646  3.76965  0.335452
3.5  0.942478  4.03485  0.230586
3.5  1.00531  4.94226  0.226317
3.5  1.06814  5.61047  0.304444
3.5  1.13097  5.21038  0.224923
3.5  1.19381  5.33992  0.23737
3.5  1.25664  5.39649  0.254079
3.5  1.31947  4.91514  0.195872
3.5  1.3823  5.1636  0.26937
3.5  1.44513  5.28188  0.222396
3.5  1.50796  4.80032  0.178796
3.5  1.5708  4.93436  0.190183
3.5  1.63363  5.27243  0.25332
3.5  1.69646  5.08594  0.205951
3.5  1.75929  4.99562  0.201712
3.5  1.82212  4.92276  0.208315
3.5  1.88496  5.45814  0.263025
3.5  1.94779  5.23669  0.243843
3.5  2.01062  5.44235  0.264649
3.5  2.07345  4.39899  0.193137
3.5  2.13628  3.95346  0.259418
3.5  2.19911  4.00653  0.263691
3.5  2.26195  3.94582  0.800222
3.5  2.32478  0  0
3.5  2.38761  0  0
3.5  2.45044  0  0
3.5  2.51327  0  0
3.5  2.57611  0  0
3.5  2.63894  0  0
3.5  2.70177  0  0
3.5  2.7646  0  0
3.5  2.82743  0  0
3.5  2.89027  0  0
3.5  2.9531  0  0
3.5  3.01593  0  0
3.5  3.07876  0  0
4  0  0  0
4  0.0628319  0  0
4  0.125664  0  0
4  0.188496  0  0
4  0.251327  0  0
4  0.314159  0  0
4  0.376991  0  0
4  0.439823  0  0
4  0.502655  0  0
4  0.565487  0  0
4  0.628319  0.251454  2.03789
4  0.69115  3.5772  0.425297
4  0.753982  4.67895  0.434804
4  0.816814  5.10541  0.398335
4  0.879646  4.29168  0.213182
4  0.942478  4.55771  0.201476
4  1.00531  4.62755  0.270847
4  1.06814  4.78007  0.246034
4  1.13097  4.75101  0.220177
4  1.19381  4.58577  0.221122
4  1.25664  4.36225  0.201611
4  1.31947  4.61876  0.206102
4  1.3823  4.72312  0.289977
4  1.44513  4.26795  0.183871
4  1.50796  4.61737  0.20225
4  1.5708  4.50826  0.19618
4  1.63363  4.55883  0.191831
4  1.69646  4.66195  0.283267
4  1.75929  4.42737  0.252602
4  1.82212  4.55753  0.225901
4  1.88496  4.76296  0.267486
4  1.94779  4.57476  0.19317
4  2.01062  4.31869  0.199373
4  2.07345  5.03212  0.237724
4  2.13628  4.66399  0.235506
4  2.19911  4.96857  0.295829
4  2.26195  4.40748  0.283992
4  2.32478  4.29667  0.380821
4  2.38761  3.36556  0.402003
4  2.45044  0.247646  1.9136
4  2.51327  0  0
4  2.57611  0  0
4  2.63894  0  0
4  2.70177  0  0
4  2.7646  0  0
4  2.82743  0  0
4  2.89027  0  0
4  2.9531  0  0
4  3.01593  0  0
4  3.07876  0  0
4.5  0  0  0
4.5  0.0628319  0  0
4.5  0.125664  0  0
4.5  0.188496  0  0
4.5  0.251327  0  0
4.5  0.314159  0  0
4.5  0.376991  0  0
4.5  0.439823  0  0
4.5  0.502655  0  0
4.5  0.565487  7.23899  8.35868
4.5  0.628319  3.53255  0.276069
4.5  0.69115  4.29564  0.291277
4.5  0.753982  4.23206  0.18868
4.5  0.816814  4.2858  0.175057
4.5  0.879646  4.53938  0.189696
4.5  0.942478  4.62105  0.179997
4.5  1.00531  4.88635  0.203712
4.5  1.06814  4.72556  0.214801
4.5  1.13097  4.76603  0.223924
4.5  1.19381  4.97132  0.227049
4.5  1.25664  5.12073  0.204009
4.5  1.31947  4.47816  0.203456
4.5  1.3823  4.64701  0.218138
4.5  1.44513  5.12073  0.251491
4.5  1.50796  5.02534  0.236758
4.5  1.5708  4.83887  0.215229
4.5  1.63363  4.6824  0.194543
4.5  1.69646  4.64552  0.176093
4.5  1.75929  5.14589  0.223125
4.5  1.82212  5.03683  0.285991
4.5  1.88496  4.60558  0.186218
4.5  1.94779  4.83363  0.228406
4.5  2.01062  5.02663  0.232334
4.5  2.07345  4.64433  0.171563
4.5  2.13628  4.52791  0.181255
4.5  2.19911  4.5169  0.162484
4.5  2.26195  4.83768  0.174925
4.5  2.32478  4.47998  0.233099
4.5  2.38761  4.52867  0.218952
4.5  2.45044  4.07877  0.508607
4.5  2.51327  7.13665  19.7695
4.5  2.57611  0  0
4.5  2.63894  0  0
4.5  2.70177  0  0
4.5  2.7646  0  0
4.5  2.82743  0  0
4.5  2.89027  0  0
4.5  2.9531  0  0
4.5  3.01593  0  0
4.5  3.07876  0  0
5  0  0  0
5  0.0628319  0  0
5  0.125664  0  0
5  0.188496  0  0
5  0.251327  0  0
5  0.314159  0  0
5  0.376991  0  0
5  0.439823  0  0
5  0.502655  5.84668  5.57092
5  0.565487  3.84667  0.45351
5  0.628319  4.13578  0.312372
5  0.69115  4.00437  0.221096
5  0.753982  4.37017  0.230561
5  0.816814  4.29659  0.193388
5  0.879646  3.96612  0.139582
5  0.942478  4.52206  0.167786
5  1.00531  3.92274  0.162447
5  1.06814  4.34  0.194124
5  1.13097  4.67372  0.191481
5  1.19381  4.65349  0.203514
5  1.25664  4.72452  0.186025
5  1.31947  4.743  0.206188
5  1.3823  4.6545  0.200698
5  1.44513  4.62405  0.184734
5  1.50796  4.66054  0.17806
5  1.5708  4.53864  0.196403
5  1.63363  4.64755  0.233285
5  1.69646  4.85348  0.211117
5  1.75929  4.63054  0.186166
5  1.82212  4.51408  0.186062
5  1.88496  4.36714  0.198286
5  1.94779  4.91524  0.21695
5  2.01062  4.19988  0.179852
5  2.07345  4.38868  0.192682
5  2.13628  4.44408  0.157445
5  2.19911  4.54292  0.190964
5  2.26195  4.04443  0.147257
5  2.32478  4.21036  0.218045
5  2.38761  4.05389  0.227435
5  2.45044  4.14584  0.289185
5  2.51327  3.80782  0.581494
5  2.57611  5.4744  6.2078
5  2.63894  0  0
5  2.70177  0  0
5  2.7646  0  0
5  2.82743  0  0
5  2.89027  0  0
5  2.9531  0  0
5  3.01593  0  0
5  3.07876  0  0
5.5  0  0  0
5.5  0.0628319  0  0
5.5  0.125664  0  0
5.5  0.188496  0  0
5.5  0.251327  0  0
5.5  0.314159  0  0
5.5  0.376991  0  0
5.5  0.439823  3.33437  24.4671
5.5  0.502655  3.73636  0.542399
5.5  0.565487  4.47933  0.38071
5.5  0.628319  3.83813  0.276518
5.5  0.69115  4.13281  0.214658
5.5  0.753982  4.13288  0.175652
5.5  0.816814  4.80488  0.183361
5.5  0.879646  4.44295  0.170913
5.5  0.942478  4.67343  0.209036
5.5  1.00531  5.06859  0.216154
5.5  1.06814  4.77756  0.204976
5.5  1.13097  4.91879  0.201651
5.5  1.19381  5.02581  0.226779
5.5  1.25664  4.9602  0.235643
5.5  1.31947  5.07537  0.256096
5.5  1.3823  5.35772  0.239368
5.5  1.44513  5.05204  0.239295
5.5  1.50796  5.25265  0.248309
5.5  1.5708  5.5375  0.277225
5.5  1.63363  4.66967  0.219304
5.5  1.69646  4.8221  0.200968
5.5  1.75929  4.88929  0.2212
5.5  1.82212  5.16352  0.264999
5.5  1.88496  4.70531  0.210343
5.5  1.94779  4.68602  0.195778
5.5  2.01062  5.13435  0.19954
5.5  2.07345  4.8893  0.192782
5.5  2.13628  4.67406  0.199918
5.5  2.19911  4.65414  0.179537
5.5  2.26195  4.15546  0.161444
5.5  2.32478  4.4081  0.192114
5.5  2.38761  4.90637  0.413072
5.5  2.45044  4.56089  0.291684
5.5  2.51327  4.46231  0.310222
5.5  2.57611  4.33099  0.795554
5.5  2.63894  0.252745  1.76779
5.5  2.70177  0  0
5.5  2.7646  0  0
5.5  2.82743  0  0
5.5  2.89027  0  0
5.5  2.9531  0  0
5.5  3.01593  0  0
5.5  3.07876  0  0
6  0  0  0
6  0.0628319  0  0
6  0.125664  0  0
6  0.188496  0  0
6  0.251327  0  0
6  0.314159  0  0
6  0.376991  0  0
6  0.439823  3.32003  0.647995
6  0.502655  3.42347  0.325223
6  0.565487  4.03958  0.347375
6  0.628319  3.91022  0.204947
6  0.69115  4.05754  0.175118
6  0.753982  4.0965  0.185262
6  0.816814  4.09428  0.162673
6  0.879646  4.58135  0.181688
6  0.942478  4.65949  0.172503
6  1.00531  4.60854  0.174784
6  1.06814  4.81173  0.159502
6  1.13097  4.53573  0.203842
6  1.19381  4.95278  0.217174
6  1.25664  4.92083  0.240107
6  1.31947  5.39003  0.208091
6  1.3823  4.88223  0.232135
6  1.44513  5.43247  0.264919
6  1.50796  4.91266  0.221802
6  1.5708  5.54529  0.243823
6  1.63363  4.71456  0.191565
6  1.69646  5.41575  0.249208
6  1.75929  4.97175  0.228058
6  1.82212  4.82474  0.241269
6  1.88496  4.90343  0.227587
6  1.94779  4.5779  0.212817
6  2.01062  4.52805  0.217914
6  2.07345  4.55368  0.179735
6  2.13628  4.44044  0.156625
6  2.19911  4.10486  0.169115
6  2.26195  4.22734  0.14926
6  2.32478  4.2524  0.196905
6  2.38761  3.5933  0.171889
6  2.45044  3.81271  0.266654
6  2.51327  3.87893  0.286929
6  2.57611  3.2227  0.239766
6  2.63894  5.54834  2.21791
6  2.70177  0  0
6  2.7646  0  0
6  2.82743  0  0
6  2.89027  0  0
6  2.9531  0  0
6  3.01593  0  0
6  3.07876  0  0
6.5  0  0  0
6.5  0.0628319  0  0
6.5  0.125664  0  0
6.5  0.188496  0  0
6.5  0.251327  0  0
6.5  0.314159  0  0
6.5  0.376991  5.55728  40.7785
6.5  0.439823  4.16778  0.608483
6.5  0.502655  4.30913  0.426472
6.5  0.565487  4.03708  0.30185
6.5  0.628319  4.22307  0.259418
6.5  0.69115  3.88477  0.211094
6.5  0.753982  4.92869  0.18335
6.5  0.816814  4.81467  0.16394
6.5  0.879646  4.61883  0.157655
6.5  0.942478  4.81963  0.178241
6.5  1.00531  4.8576  0.183399
6.5  1.06814  5.0659  0.226284
6.5  1.13097  5.20712  0.223112
6.5  1.19381  5.79196  0.272946
6.5  1.25664  5.7036  0.248009
6.5  1.31947  5.03687  0.19795
6.5  1.3823  5.43901  0.206841
6.5  1.44513  5.48371  0.23624
6.5  1.50796  5.23121  0.221083
6.5  1.5708  5.8386  0.240276
6.5  1.63363  5.17659  0.211117
6.5  1.69646  5.38937  0.264748
6.5  1.75929  5.4809  0.233734
6.5  1.82212  5.16469  0.20244
6.5  1.88496  5.35097  0.192334
6.5  1.94779  4.72433  0.19927
6.5  2.01062  5.06037  0.204351
6.5  2.07345  5.04361  0.182611
6.5  2.13628  5.1994  0.181907
6.5  2.19911  4.37566  0.149886
6.5  2.26195  4.48015  0.159148
6.5  2.32478  4.61585  0.215114
6.5  2.38761  4.16301  0.185414
6.5  2.45044  4.42498  0.286862
6.5  2.51327  4.29625  0.272086
6.5  2.57611  3.83933  0.398483
6.5  2.63894  4.13212  0.601588
6.5  2.70177  2.22291  16.3114
6.5  2.7646  0  0
6.5  2.82743  0  0
6.5  2.89027  0  0
6.5  2.9531  0  0
6.5  3.01593  0  0
6.5  3.07876  0  0
7  0  0  0
7  0.0628319  0  0
7  0.125664  0  0
7  0.188496  0  0
7  0.251327  0  0
7  0.314159  0  0
7  0.376991  2.18797  0.784366
7  0.439823  4.60668  0.956983
7  0.502655  4.20786  0.589362
7  0.565487  3.91804  0.380516
7  0.628319  4.32607  0.251494
7  0.69115  4.19935  0.232785
7  0.753982  4.0418  0.169083
7  0.816814  4.21597  0.138143
7  0.879646  4.54382  0.160173
7  0.942478  4.88475  0.206864
7  1.00531  4.77692  0.165755
7  1.06814  4.9296  0.178063
7  1.13097  4.86764  0.200099
7  1.19381  5.53569  0.227624
7  1.25664  5.1763  0.223497
7  1.31947  5.49306  0.225551
7  1.3823  5.31509  0.208677
7  1.44513  5.38596  0.232004
7  1.50796  5.49875  0.288551
7  1.5708  5.1754  0.226002
7  1.63363  5.10899  0.241353
7  1.69646  5.64563  0.238408
7  1.75929  4.93452  0.17435
7  1.82212  5.46023  0.219625
7  1.88496  5.34452  0.248569
7  1.94779  5.15253  0.211412
7  2.01062  4.71019  0.177026
7  2.07345  4.72197  0.203819
7  2.13628  4.76845  0.230436
7  2.19911  4.46814  0.173862
7  2.26195  4.33458  0.160604
7  2.32478  4.36483  0.163921
7  2.38761  4.47807  0.261968
7  2.45044  4.02232  0.233078
7  2.51327  4.05469  0.369011
7  2.57611  3.51542  0.279195
7  2.63894  3.99911  0.436735
7  2.70177  5.45183  4.46235
7  2.7646  0  0
7  2.82743  0  0
7  2.89027  0  0
7  2.9531  0  0
7  3.01593  0  0
7  3.07876  0  0
7.5  0  0  0
7.5  0.0628319  0  0
7.5  0.125664  0  0
7.5  0.188496  0  0
7.5  0.251327  0  0
7.5  0.314159  0  0
7.5  0.376991  3.19901  0.598256
7.5  0.439823  3.86285  0.667945
7.5  0.502655  4.01046  0.45261
7.5  0.565487  4.54327  0.343302
7.5  0.628319  3.92516  0.248921
7.5  0.69115  4.17532  0.271877
7.5  0.753982  4.34393  0.190893
7.5  0.816814  4.56789  0.163941
7.5  0.879646  4.92386  0.197804
7.5  0.942478  4.97347  0.173985
7.5  1.00531  5.1813  0.216632
7.5  1.06814  5.54357  0.242747
7.5  1.13097  6.17526  0.276201
7.5  1.19381  5.80567  0.278428
7.5  1.25664  6.05609  0.294512
7.5  1.31947  6.1231  0.309602
7.5  1.3823  6.12765  0.259145
7.5  1.44513  6.10624  0.294158
7.5  1.50796  5.928  0.245627
7.5  1.5708  5.71111  0.265946
7.5  1.63363  5.50106  0.243464
7.5  1.69646  5.43699  0.235654
7.5  1.75929  6.04042  0.264268
7.5  1.82212  5.33059  0.216459
7.5  1.88496  5.36965  0.257237
7.5  1.94779  5.4752  0.229587
7.5  2.01062  4.8369  0.167811
7.5  2.07345  5.23297  0.212882
7.5  2.13628  4.82072  0.184118
7.5  2.19911  4.91473  0.198477
7.5  2.26195  4.77005  0.187456
7.5  2.32478  4.34747  0.18512
7.5  2.38761  4.37544  0.232419
7.5  2.45044  4.13421  0.20629
7.5  2.51327  3.8807  0.228643
7.5  2.57611  3.85379  0.311135
7.5  2.63894  3.9253  0.463869
7.5  2.70177  2.93655  0.483797
7.5  2.7646  0  0
7.5  2.82743  0  0
7.5  2.89027  0  0
7.5  2.9531  0  0
7.5  3.01593  0  0
7.5  3.07876  0  0
8  0  0  0
8  0.0628319  0  0
8  0.125664  0  0
8  0.188496  0  0
8  0.251327  0  0
8  0.314159  0.252706  1.3116
8  0.376991  2.95708  0.471697
8  0.439823  3.38277  0.400555
8  0.502655  5.09785  0.508095
8  0.565487  4.32945  0.31664
8  0.628319  4.57104  0.249539
8  0.69115  4.33455  0.233406
8  0.753982  4.55614  0.218201
8  0.816814  4.99831  0.221329
8  0.879646  5.18952  0.214232
8  0.942478  5.02789  0.215094
8  1.00531  4.90933  0.210505
8  1.06814  5.35207  0.250709
8  1.13097  5.21838  0.221912
8  1.19381  5.80192  0.215445
8  1.25664  5.62502  0.237806
8  1.31947  5.78537  0.237596
8  1.3823  5.50185  0.263701
8  1.44513  5.42787  0.323616
8  1.50796  5.40701  0.235223
8  1.5708  5.95215  0.316949
8  1.63363  5.81608  0.27111
8  1.69646  6.13959  0.262292
8  1.75929  6.04843  0.24545
8  1.82212  5.56831  0.293713
8  1.88496  5.38181  0.227925
8  1.94779  5.66283  0.23181
8  2.01062  5.49277  0.212941
8  2.07345  5.20656  0.225599
8  2.13628  4.78571  0.191917
8  2.19911  4.92255  0.168166
8  2.26195  5.2925  0.216983
8  2.32478  5.0218  0.191452
8  2.38761  4.2475  0.193231
8  2.45044  4.12408  0.277482
8  2.51327  4.27508  0.282576
8  2.57611  3.94014  0.3771
8  2.63894  3.7083  0.480777
8  2.70177  5.21349  1.57564
8  2.7646  0  0
8  2.82743  0  0
8  2.89027  0  0
8  2.9531  0  0
8  3.01593  0  0
8  3.07876  0  0
8.5  0  0  0
8.5  0.0628319  0  0
8.5  0.125664  0  0
8.5  0.188496  0  0
8.5  0.251327  0  0
8.5  0.314159  10.0311  11.8388
8.5  0.376991  3.04133  0.918045
8.5  0.439823  3.50257  0.339573
8.5  0.502655  4.53786  0.524287
8.5  0.565487  4.11646  0.258284
8.5  0.628319  4.32422  0.249754
8.5  0.69115  4.5793  0.233478
8.5  0.753982  4.55436  0.196771
8.5  0.816814  5.14233  0.179181
8.5  0.879646  5.04782  0.2023
8.5  0.942478  5.22075  0.19012
8.5  1.00531  4.88766  0.179335
8.5  1.06814  5.41624  0.217013
8.5  1.13097  5.79488  0.230411
8.5  1.19381  5.72097  0.265748
8.5  1.25664  6.02198  0.237601
8.5  1.31947  5.85235  0.291421
8.5  1.3823  6.06604  0.284596
8.5  1.44513  5.9988  0.244322
8.5  1.50796  6.16309  0.277231
8.5  1.5708  5.96811  0.270518
8.5  1.63363  6.21262  0.267988
8.5  1.69646  5.94988  0.2231
8.5  1.75929  6.34598  0.315682
8.5  1.82212  5.7367  0.223802
8.5  1.88496  5.63484  0.21208
8.5  1.94779  5.91274  0.23588
8.5  2.01062  5.44898  0.247616
8.5  2.07345  5.68544  0.233615
8.5  2.13628  5.27892  0.208195
8.5  2.19911  5.52887  0.21079
8.5  2.26195  5.02142  0.210656
8.5  2.32478  4.86265  0.183491
8.5  2.38761  4.66466  0.221734
8.5  2.45044  3.86053  0.206135
8.5  2.51327  4.34306  0.334775
8.5  2.57611  4.12229  0.354265
8.5  2.63894  4.88952  0.549836
8.5  2.70177  4.14329  1.0813
8.5  2.7646  36.0533  31.7669
8.5  2.82743  0  0
8.5  2.89027  0  0
8.5  2.9531  0  0
8.5  3.01593  0  0
8.5  3.07876  0  0
9  0  0  0
9  0.0628319  0  0
9  0.125664  0  0
9  0.188496  0  0
9  0.251327  0  0
9  0.314159  9.41753  11.6252
9  0.376991  3.89386  0.672697
9  0.439823  4.11007  0.616676
9  0.502655  3.73689  0.295924
9  0.565487  3.67683  0.275147
9  0.628319  4.91847  0.26533
9  0.69115  4.26469  0.183391
9  0.753982  4.93803  0.215878
9  0.816814  5.13087  0.230801
9  0.879646  5.31648  0.19903
9  0.942478  5.21425  0.242946
9  1.00531  5.54131  0.24173
9  1.06814  5.54544  0.22253
9  1.13097  6.14394  0.274369
9  1.19381  5.49113  0.266767
9  1.25664  5.96336  0.268185
9  1.31947  6.1284  0.30606
9  1.3823  6.25865  0.236334
9  1.44513  6.12893  0.249459
9  1.50796  5.76426  0.270581
9  1.5708  5.72398  0.279869
9  1.63363  5.78877  0.226226
9  1.69646  6.07909  0.256343
9  1.75929  5.74478  0.229746
9  1.82212  5.65295  0.230359
9  1.88496  5.30149  0.199403
9  1.94779  5.80479  0.221313
9  2.01062  5.38487  0.207849
9  2.07345  5.75995  0.22887
9  2.13628  5.35558  0.207089
9  2.19911  4.62432  0.189577
9  2.26195  5.1328  0.205691
9  2.32478  4.86653  0.206167
9  2.38761  4.49703  0.223341
9  2.45044  4.83055  0.266631
9  2.51327  4.55348  0.320743
9  2.57611  4.01143  0.328805
9  2.63894  4.0374  0.468204
9  2.70177  3.81035  0.702241
9  2.7646  2.22609  1.27807
9  2.82743  0  0
9  2.89027  0  0
9  2.9531  0  0
9  3.01593  0  0
9  3.07876  0  0
9.5  0  0  0
9.5  0.0628319  0  0
9.5  0.125664  0  0
9.5  0.188496  0  0
9.5  0.251327  0  0
9.5  0.314159  4.84449  3.13146
9.5  0.376991  3.80785  0.605383
9.5  0.439823  4.88663  0.917232
9.5  0.502655  4.03507  0.400976
9.5  0.565487  4.75759  0.324949
9.5  0.628319  3.75387  0.217371
9.5  0.69115  4.72037  0.205916
9.5  0.753982  5.00283  0.212213
9.5  0.816814  5.00083  0.228548
9.5  0.879646  5.62509  0.212365
9.5  0.942478  5.60069  0.203525
9.5  1.00531  5.58664  0.196998
9.5  1.06814  5.51887  0.234337
9.5  1.13097  5.7365  0.218725
9.5  1.19381  5.80157  0.218725
9.5  1.25664  5.72342  0.279884
9.5  1.31947  6.54208  0.254247
9.5  1.3823  6.36876  0.282899
9.5  1.44513  6.40864  0.287233
9.5  1.50796  6.1021  0.252296
9.5  1.5708  6.13814  0.264779
9.5  1.63363  6.37937  0.299845
9.5  1.69646  6.50819  0.258287
9.5  1.75929  6.62827  0.290009
9.5  1.82212  6.01375  0.234694
9.5  1.88496  6.13685  0.28049
9.5  1.94779  5.82852  0.250107
9.5  2.01062  5.80781  0.262096
9.5  2.07345  5.55668  0.222483
9.5  2.13628  5.55123  0.201158
9.5  2.19911  5.55982  0.192864
9.5  2.26195  5.39691  0.237199
9.5  2.32478  4.93877  0.206458
9.5  2.38761  5.00082  0.248693
9.5  2.45044  4.90258  0.249683
9.5  2.51327  4.29881  0.271164
9.5  2.57611  3.68209  0.325989
9.5  2.63894  4.58996  0.623759
9.5  2.70177  3.42493  0.520036
9.5  2.7646  2.34542  0.69179
9.5  2.82743  0  0
9.5  2.89027  0  0
9.5  2.9531  0  0
9.5  3.01593  0  0
9.5  3.07876  0  0
10  0  0  0
10  0.0628319  0  0
10  0.125664  0  0
10  0.188496  0  0
10  0.251327  0.248903  2.13154
10  0.314159  5.97323  3.50729
10  0.376991  5.90766  1.40796
10  0.439823  4.73672  0.634542
10  0.502655  4.13924  0.509691
10  0.565487  4.48052  0.32424
10  0.628319  4.65886  0.29048
10  0.69115  4.63008  0.210971
10  0.753982  5.29147  0.287836
10  0.816814  4.9272  0.177542
10  0.879646  5.66394  0.226888
10  0.942478  5.80619  0.229467
10  1.00531  5.36476  0.206269
10  1.06814  5.78537  0.23724
10  1.13097  6.09125  0.277152
10  1.19381  6.36442  0.249542
10  1.25664  5.67345  0.247891
10  1.31947  5.98462  0.290654
10  1.3823  6.11486  0.270644
10  1.44513  6.41858  0.254461
10  1.50796  6.3799  0.297679
10  1.5708  6.06607  0.232192
10  1.63363  5.90244  0.3208
10  1.69646  5.95251  0.287827
10  1.75929  6.03256  0.26945
10  1.82212  5.84872  0.238564
10  1.88496  6.60991  0.287816
10  1.94779  6.17678  0.245234
10  2.01062  6.11183  0.232686
10  2.07345  5.37161  0.235278
10  2.13628  5.18211  0.181141
10  2.19911  5.55223  0.211298
10  2.26195  5.63847  0.217731
10  2.32478  4.9613  0.195121
10  2.38761  4.926  0.238136
10  2.45044  4.60115  0.259768
10  2.51327  4.76448  0.336377
10  2.57611  3.72351  0.300982
10  2.63894  3.93388  0.404957
10  2.70177  4.11295  0.576294
10  2.7646  3.23273  1.01668
10  2.82743  0  0
10  2.89027  0  0
10  2.9531  0  0
10  3.01593  0  0
10  3.07876  0  0
10.5  0  0  0
10.5  0.0628319  0  0
10.5  0.125664  0  0
10.5  0.188496  0  0
10.5  0.251327  0  0
10.5  0.314159  40.3712  28.6091
10.5  0.376991  2.6799  0.420742
10.5  0.439823  3.92331  0.542167
10.5  0.502655  4.22606  0.284286
10.5  0.565487  4.53593  0.296883
10.5  0.628319  4.58804  0.274698
10.5  0.69115  4.86767  0.223543
10.5  0.753982  5.05055  0.183739
10.5  0.816814  5.03915  0.183695
10.5  0.879646  5.85036  0.232633
10.5  0.942478  5.61995  0.213043
10.5  1.00531  6.30285  0.269803
10.5  1.06814  6.19317  0.293717
10.5  1.13097  6.57436  0.396712
10.5  1.19381  6.16352  0.25297
10.5  1.25664  6.27046  0.252311
10.5  1.31947  6.1048  0.255523
10.5  1.3823  6.08294  0.235504
10.5  1.44513  6.14521  0.281541
10.5  1.50796  6.67326  0.308016
10.5  1.5708  6.85734  0.298063
10.5  1.63363  6.17839  0.260181
10.5  1.69646  5.98909  0.258943
10.5  1.75929  6.96279  0.335396
10.5  1.82212  6.20207  0.255685
10.5  1.88496  6.40216  0.304144
10.5  1.94779  6.32273  0.282108
10.5  2.01062  5.61193  0.208735
10.5  2.07345  5.7486  0.228969
10.5  2.13628  5.82617  0.209515
10.5  2.19911  5.94515  0.248669
10.5  2.26195  5.30671  0.194619
10.5  2.32478  5.3422  0.266283
10.5  2.38761  4.82982  0.2043
10.5  2.45044  4.77056  0.366031
10.5  2.51327  4.33079  0.332318
10.5  2.57611  4.52728  0.484325
10.5  2.63894  3.96102  0.437649
10.5  2.70177  4.23443  0.701494
10.5  2.7646  3.0395  1.13443
10.5  2.82743  0  0
10.5  2.89027  0  0
10.5  2.9531  0  0
10.5  3.01593  0  0
10.5  3.07876  0  0
11  0  0  0
11  0.0628319  0  0
11  0.125664  0  0
11  0.188496  0  0
11  0.251327  1.11146  8.1557
11  0.314159  4.11094  1.07151
11  0.376991  4.95254  0.675835
11  0.439823  4.09184  0.515133
11  0.502655  4.17184  0.293092
11  0.565487  3.99172  0.307383
11  0.628319  4.30955  0.260862
11  0.69115  5.17203  0.258326
11  0.753982  4.95875  0.231218
11  0.816814  5.5809  0.196018
11  0.879646  5.71957  0.200147
11  0.942478  5.71967  0.215311
11  1.00531  6.0844  0.247598
11  1.06814  6.17048  0.267217
11  1.13097  5.83881  0.273781
11  1.19381  5.68194  0.258587
11  1.25664  6.27959  0.254814
11  1.31947  6.54038  0.302552
11  1.3823  6.34265  0.242428
11  1.44513  6.27055  0.278268
11  1.50796  6.21779  0.248786
11  1.5708  6.68234  0.295117
11  1.63363  7.04982  0.324585
11  1.69646  6.16177  0.246249
11  1.75929  6.72557  0.292018
11  1.82212  6.52183  0.307324
11  1.88496  6.30667  0.244936
11  1.94779  6.47527  0.268672
11  2.01062  5.84775  0.228978
11  2.07345  5.22097  0.275349
11  2.13628  5.66723  0.204021
11  2.19911  5.63745  0.215393
11  2.26195  5.34664  0.219558
11  2.32478  5.41446  0.231713
11  2.38761  4.85207  0.235702
11  2.45044  4.60646  0.258593
11  2.51327  5.13255  0.326709
11  2.57611  4.3633  0.370317
11  2.63894  3.39899  0.329027
11  2.70177  4.19788  0.818165
11  2.7646  32.4509  21.5682
11  2.82743  0  0
11  2.89027  0  0
11  2.9531  0  0
11  3.01593  0  0
11  3.07876  0  0
11.5  0  0  0
11.5  0.0628319  0  0
11.5  0.125664  0  0
11.5  0.188496  0  0
11.5  0.251327  0  0
11.5  0.314159  4.05771  0.870696
11.5  0.376991  2.73934  0.439819
11.5  0.439823  4.04823  0.342399
11.5  0.502655  4.34375  0.383084
11.5  0.565487  4.93429  0.334309
11.5  0.628319  5.1571  0.304271
11.5  0.69115  4.79326  0.235443
11.5  0.753982  5.28458  0.236255
11.5  0.816814  5.84853  0.246858
11.5  0.879646  5.80405  0.226093
11.5  0.942478  5.94124  0.24348
11.5  1.00531  6.10522  0.261508
11.5  1.06814  6.7458  0.265103
11.5  1.13097  6.7929  0.28988
11.5  1.19381  6.5214  0.297309
11.5  1.25664  6.52157  0.313036
11.5  1.31947  6.65441  0.2898
11.5  1.3823  6.78857  0.295712
11.5  1.44513  6.98297  0.367145
11.5  1.50796  6.3327  0.264477
11.5  1.5708  6.80371  0.340052
11.5  1.63363  6.4924  0.300345
11.5  1.69646  6.52201  0.260442
11.5  1.75929  6.54253  0.285778
11.5  1.82212  6.46209  0.317075
11.5  1.88496  6.35842  0.238489
11.5  1.94779  6.21559  0.280893
11.5  2.01062  6.64591  0.262864
11.5  2.07345  5.98581  0.216739
11.5  2.13628  5.85722  0.217418
11.5  2.19911  5.34421  0.19648
11.5  2.26195  5.69351  0.23552
11.5  2.32478  5.55092  0.250926
11.5  2.38761  5.09766  0.241727
11.5  2.45044  4.70057  0.267186
11.5  2.51327  4.19105  0.322383
11.5  2.57611  4.366  0.301487
11.5  2.63894  3.26738  0.341591
11.5  2.70177  4.14765  0.759241
11.5  2.7646  2.47491  0.488301
11.5  2.82743  0.248903  2.13154
11.5  2.89027  0  0
11.5  2.9531  0  0
11.5  3.01593  0  0
11.5  3.07876  0  0
12  0  0  0
12  0.0628319  0  0
12  0.125664  0  0
12  0.188496  0  0
12  0.251327  1.63078  0.906195
12  0.314159  4.28356  1.29572
12  0.376991  3.97432  0.632427
12  0.439823  5.2777  0.750332
12  0.502655  4.38858  0.28551
12  0.565487  4.54634  0.277401
12  0.628319  5.32978  0.295571
12  0.69115  5.05219  0.278818
12  0.753982  5.09502  0.194128
12  0.816814  5.36922  0.216443
12  0.879646  6.1699  0.23961
12  0.942478  5.76282  0.231642
12  1.00531  6.2918  0.237447
12  1.06814  5.84224  0.24628
12  1.13097  7.02807  0.341034
12  1.19381  6.83535  0.30194
12  1.25664  6.25259  0.287833
12  1.31947  7.14565  0.285293
12  1.3823  6.51416  0.318512
12  1.44513  7.20453  0.333006
12  1.50796  5.97051  0.254988
12  1.5708  6.60466  0.31381
12  1.63363  6.76147  0.271858
12  1.69646  6.37449  0.267194
12  1.75929  6.52465  0.28501
12  1.82212  7.1771  0.272473
12  1.88496  6.37025  0.270281
12  1.94779  6.37158  0.251378
12  2.01062  6.30609  0.228601
12  2.07345  6.23735  0.247915
12  2.13628  5.62415  0.231243
12  2.19911  5.88414  0.225251
12  2.26195  5.65111  0.226459
12  2.32478  5.54509  0.2178
12  2.38761  5.48556  0.260678
12  2.45044  4.41389  0.224887
12  2.51327  4.92598  0.313066
12  2.57611  4.1255  0.441385
12  2.63894  5.43784  1.19114
12  2.70177  4.47176  0.818702
12  2.7646  6.02486  2.43159
12  2.82743  24.9254  20.5599
12  2.89027  0  0
12  2.9531  0  0
12  3.01593  0  0
12  3.07876  0  0
12.5  0  0  0
12.5  0.0628319  0  0
12.5  0.125664  0  0
12.5  0.188496  0  0
12.5  0.251327  26.9089  28.3451
12.5  0.314159  4.15722  0.697725
12.5  0.376991  3.18204  0.604675
12.5  0.439823  4.0446  0.573932
12.5  0.502655  4.23517  0.387205
12.5  0.565487  4.89321  0.308956
12.5  0.628319  4.69259  0.264555
12.5  0.69115  4.6779  0.223688
12.5  0.753982  5.29901  0.200919
12.5  0.816814  5.90264  0.194563
12.5  0.879646  6.0744  0.222917
12.5  0.942478  6.16557  0.211619
12.5  1.00531  6.24339  0.292132
12.5  1.06814  6.24707  0.301659
12.5  1.13097  7.02508  0.340522
12.5  1.19381  6.71343  0.298333
12.5  1.25664  7.1508  0.33047
12.5  1.31947  6.69935  0.289471
12.5  1.3823  6.68553  0.303316
12.5  1.44513  6.77843  0.276062
12.5  1.50796  7.16174  0.314209
12.5  1.5708  6.86805  0.313198
12.5  1.63363  6.35138  0.307798
12.5  1.69646  7.63277  0.372106
12.5  1.75929  7.00686  0.3274
12.5  1.82212  6.77987  0.294727
12.5  1.88496  6.53918  0.249123
12.5  1.94779  6.55412  0.286611
12.5  2.01062  6.28989  0.327596
12.5  2.07345  6.28175  0.293817
12.5  2.13628  6.384  0.253669
12.5  2.19911  5.89294  0.217684
12.5  2.26195  6.07583  0.20902
12.5  2.32478  5.56393  0.256343
12.5  2.38761  5.48155  0.272265
12.5  2.45044  5.96302  0.418255
12.5  2.51327  4.93513  0.296037
12.5  2.57611  3.91194  0.274994
12.5  2.63894  4.82395  0.541737
12.5  2.70177  2.64277  0.535662
12.5  2.7646  6.31037  1.84577
12.5  2.82743  1.20109  0.374452
12.5  2.89027  0  0
12.5  2.9531  0  0
12.5  3.01593  0  0
12.5  3.07876  0  0
13  0  0  0
13  0.0628319  0  0
13  0.125664  0  0
13  0.188496  0  0
13  0.251327  0.247646  1.9136
13  0.314159  2.31508  0.431818
13  0.376991  4.14419  0.749302
13  0.439823  4.37904  0.421351
13  0.502655  4.88212  0.354529
13  0.565487  4.60684  0.328719
13  0.628319  4.76696  0.247153
13  0.69115  5.33667  0.262125
13  0.753982  5.88569  0.237627
13  0.816814  5.42612  0.215187
13  0.879646  5.75734  0.216116
13  0.942478  6.46579  0.289038
13  1.00531  6.31938  0.265931
13  1.06814  6.40819  0.250674
13  1.13097  6.72538  0.255038
13  1.19381  6.76055  0.337547
13  1.25664  6.85054  0.301479
13  1.31947  6.60606  0.252249
13  1.3823  7.00436  0.341154
13  1.44513  6.88791  0.265365
13  1.50796  6.47089  0.252984
13  1.5708  6.82384  0.288727
13  1.63363  6.80458  0.30736
13  1.69646  6.50954  0.266729
13  1.75929  6.81505  0.318104
13  1.82212  6.55189  0.245811
13  1.88496  6.44189  0.272964
13  1.94779  6.76769  0.265779
13  2.01062  6.19237  0.248613
13  2.07345  6.51639  0.229824
13  2.13628  6.13398  0.21462
13  2.19911  6.08492  0.24421
13  2.26195  6.03737  0.263138
13  2.32478  5.60944  0.251271
13  2.38761  4.98811  0.235549
13  2.45044  4.4391  0.246286
13  2.51327  5.38497  0.378348
13  2.57611  4.45274  0.606414
13  2.63894  4.5601  0.479498
13  2.70177  5.23622  0.845423
13  2.7646  6.21465  2.48982
13  2.82743  0.246515  1.36042
13  2.89027  0  0
13  2.9531  0  0
13  3.01593  0  0
13  3.07876  0  0
13.5  0  0  0
13.5  0.0628319  0  0
13.5  0.125664  0  0
13.5  0.188496  0  0
13.5  0.251327  33.9466  26.9014
13.5  0.314159  2.26728  0.425752
13.5  0.376991  4.71866  0.836041
13.5  0.439823  5.39469  0.557296
13.5  0.502655  4.87416  0.471701
13.5  0.565487  5.27555  0.349817
13.5  0.628319  5.12246  0.288798
13.5  0.69115  5.19249  0.268828
13.5  0.753982  5.60816  0.212474
13.5  0.816814  6.17908  0.233341
13.5  0.879646  6.47314  0.244157
13.5  0.942478  6.2375  0.228976
13.5  1.00531  6.53422  0.261675
13.5  1.06814  6.63463  0.291437
13.5  1.13097  6.18261  0.220113
13.5  1.19381  6.6069  0.30148
13.5  1.25664  6.78535  0.25655
13.5  1.31947  7.71777  0.329669
13.5  1.3823  7.58224  0.400825
13.5  1.44513  7.40333  0.273584
13.5  1.50796  7.15544  0.329483
13.5  1.5708  6.51787  0.279464
13.5  1.63363  7.24114  0.332828
13.5  1.69646  7.35501  0.376042
13.5  1.75929  6.58141  0.235698
13.5  1.82212  7.48527  0.346468
13.5  1.88496  7.46957  0.323342
13.5  1.94779  6.12724  0.225322
13.5  2.01062  6.20853  0.265277
13.5  2.07345  6.58769  0.243916
13.5  2.13628  6.48846  0.254346
13.5  2.19911  6.40297  0.211082
13.5  2.26195  5.52034  0.212872
13.5  2.32478  5.17826  0.173233
13.5  2.38761  5.12077  0.310047
13.5  2.45044  4.963  0.306494
13.5  2.51327  5.28561  0.403018
13.5  2.57611  4.79135  0.51441
13.5  2.63894  3.99857  0.523192
13.5  2.70177  3.89411  0.599689
13.5  2.7646  2.33774  1.20678
13.5  2.82743  1.90808  0.816043
13.5  2.89027  0  0
13.5  2.9531  0  0
13.5  3.01593  0  0
13.5  3.07876  0  0
14  0  0  0
14  0.0628319  0  0
14  0.125664  0  0
14  0.188496  0  0
14  0.251327  23.3681  43.8128
14  0.314159  5.33369  3.45457
14  0.376991  4.58534  0.762167
14  0.439823  4.36733  0.545971
14  0.502655  4.67416  0.346876
14  0.565487  4.29969  0.34376
14  0.628319  5.49752  0.415286
14  0.69115  5.83837  0.316398
14  0.753982  4.97057  0.207958
14  0.816814  6.12031  0.25848
14  0.879646  6.35162  0.24498
14  0.942478  6.08251  0.24936
14  1.00531  6.38075  0.253502
14  1.06814  6.36139  0.246797
14  1.13097  6.68907  0.269328
14  1.19381  6.67309  0.287134
14  1.25664  6.58893  0.256996
14  1.31947  7.3092  0.316874
14  1.3823  7.37197  0.293429
14  1.44513  7.07032  0.295496
14  1.50796  7.03589  0.302609
14  1.5708  6.99248  0.358427
14  1.63363  6.77985  0.297692
14  1.69646  7.31561  0.315787
14  1.75929  6.14543  0.245466
14  1.82212  7.37882  0.318982
14  1.88496  6.77266  0.325167
14  1.94779  6.49466  0.259041
14  2.01062  5.92853  0.234367
14  2.07345  6.42668  0.216504
14  2.13628  6.76019  0.267328
14  2.19911  5.84604  0.225502
14  2.26195  6.04143  0.240506
14  2.32478  6.1754  0.237307
14  2.38761  5.31602  0.252649
14  2.45044  5.12605  0.258037
14  2.51327  5.05219  0.379612
14  2.57611  5.05162  0.452444
14  2.63894  4.53527  0.511743
14  2.70177  3.68138  0.417738
14  2.7646  5.40326  1.95825
14  2.82743  1.99227  15.7991
14  2.89027  0  0
14  2.9531  0  0
14  3.01593  0  0
14  3.07876  0  0
14.5  0  0  0
14.5  0.0628319  0  0
14.5  0.125664  0  0
14.5  0.188496  0  0
14.5  0.251327  58.5149  31.1589
14.5  0.314159  5.01547  1.43459
14.5  0.376991  5.70274  1.12124
14.5  0.439823  3.65748  0.347383
14.5  0.502655  5.18235  0.438683
14.5  0.565487  4.21349  0.289587
14.5  0.628319  5.36664  0.380137
14.5  0.69115  5.94232  0.312917
14.5  0.753982  5.7051  0.269538
14.5  0.816814  5.57349  0.240053
14.5  0.879646  6.01927  0.238575
14.5  0.942478  6.53304  0.236812
14.5  1.00531  6.86776  0.284777
14.5  1.06814  6.74255  0.284788
14.5  1.13097  7.36272  0.300099
14.5  1.19381  6.80722  0.275489
14.5  1.25664  7.20143  0.323012
14.5  1.31947  6.51292  0.257626
14.5  1.3823  6.98882  0.261417
14.5  1.44513  7.25939  0.328439
14.5  1.50796  7.14725  0.355082
14.5  1.5708  7.39909  0.337342
14.5  1.63363  7.7029  0.335921
14.5  1.69646  7.54838  0.3538
14.5  1.75929  7.43018  0.353165
14.5  1.82212  7.11677  0.315887
14.5  1.88496  6.89939  0.334861
14.5  1.94779  6.69933  0.241101
14.5  2.01062  6.5981  0.24816
14.5  2.07345  6.95516  0.273044
14.5  2.13628  6.46884  0.254142
14.5  2.19911  6.18667  0.23721
14.5  2.26195  5.79357  0.223115
14.5  2.32478  6.13942  0.255034
14.5  2.38761  5.85144  0.331889
14.5  2.45044  5.08591  0.28704
14.5  2.51327  4.34625  0.298518
14.5  2.57611  4.54147  0.385049
14.5  2.63894  4.70243  0.532228
14.5  2.70177  4.17968  0.614718
14.5  2.7646  3.93391  1.22578
14.5  2.82743  0  0
14.5  2.89027  0  0
14.5  2.9531  0  0
14.5  3.01593  0  0
14.5  3.07876  0  0
15  0  0  0
15  0.0628319  0  0
15  0.125664  0  0
15  0.188496  0  0
15  0.251327  4.72945  1.27562
15  0.314159  5.9252  1.91993
15  0.376991  3.99366  0.57144
15  0.439823  3.63811  0.281482
15  0.502655  5.2802  0.435186
15  0.565487  4.67392  0.399365
15  0.628319  5.36507  0.310486
15  0.69115  5.15551  0.209659
15  0.753982  6.23171  0.251226
15  0.816814  6.13041  0.228548
15  0.879646  5.99331  0.218565
15  0.942478  6.50456  0.290159
15  1.00531  6.64792  0.245111
15  1.06814  7.44988  0.321952
15  1.13097  7.09167  0.289511
15  1.19381  7.09305  0.261326
15  1.25664  7.16908  0.306033
15  1.31947  6.92855  0.340351
15  1.3823  7.62315  0.393245
15  1.44513  7.33977  0.299988
15  1.50796  6.29327  0.255244
15  1.5708  6.94231  0.358208
15  1.63363  7.47294  0.337167
15  1.69646  7.50422  0.311102
15  1.75929  6.87118  0.276772
15  1.82212  6.9468  0.264557
15  1.88496  6.69036  0.269615
15  1.94779  6.98673  0.29089
15  2.01062  6.55537  0.255943
15  2.07345  6.43974  0.250111
15  2.13628  6.53639  0.252424
15  2.19911  6.29645  0.243019
15  2.26195  5.85709  0.238268
15  2.32478  5.79629  0.231794
15  2.38761  5.67679  0.280026
15  2.45044  5.4961  0.301782
15  2.51327  5.32027  0.407599
15  2.57611  5.33013  0.530739
15  2.63894  4.88585  0.521498
15  2.70177  3.17475  0.653903
15  2.7646  4.40426  0.857095
15  2.82743  8.03966  7.50241
15  2.89027  0  0
15  2.9531  0  0
15  3.01593  0  0
15  3.07876  0  0
15.5  0  0  0
15.5  0.0628319  0  0
15.5  0.125664  0  0
15.5  0.188496  0  0
15.5  0.251327  9.59066  8.21718
15.5  0.314159  4.46645  0.82175
15.5  0.376991  4.51438  0.696377
15.5  0.439823  4.26377  0.539532
15.5  0.502655  4.14122  0.312525
15.5  0.565487  4.97928  0.373383
15.5  0.628319  5.79369  0.451075
15.5  0.69115  5.61376  0.276755
15.5  0.753982  5.52724  0.219957
15.5  0.816814  6.21967  0.21409
15.5  0.879646  6.67779  0.252716
15.5  0.942478  6.24699  0.198436
15.5  1.00531  6.80995  0.264492
15.5  1.06814  7.14326  0.351582
15.5  1.13097  7.77284  0.315324
15.5  1.19381  7.28413  0.294553
15.5  1.25664  7.25195  0.325169
15.5  1.31947  6.5857  0.279272
15.5  1.3823  7.71661  0.350582
15.5  1.44513  7.05738  0.313652
15.5  1.50796  7.12508  0.268671
15.5  1.5708  7.30414  0.314033
15.5  1.63363  7.75261  0.347062
15.5  1.69646  7.16968  0.321218
15.5  1.75929  7.35685  0.312611
15.5  1.82212  6.7423  0.28967
15.5  1.88496  6.68314  0.295758
15.5  1.94779  7.49492  0.3163
15.5  2.01062  7.39439  0.317009
15.5  2.07345  6.63806  0.275163
15.5  2.13628  6.69848  0.233393
15.5  2.19911  6.37171  0.271632
15.5  2.26195  6.07771  0.19836
15.5  2.32478  5.9506  0.221026
15.5  2.38761  5.44152  0.237394
15.5  2.45044  6.2266  0.45091
15.5  2.51327  4.77049  0.303036
15.5  2.57611  4.47413  0.388029
15.5  2.63894  5.44721  0.66158
15.5  2.70177  4.50999  0.561569
15.5  2.7646  7.09177  3.61865
15.5  2.82743  25.5794  15.9758
15.5  2.89027  0  0
15.5  2.9531  0  0
15.5  3.01593  0  0
15.5  3.07876  0  0
16  0  0  0
16  0.0628319  0  0
16  0.125664  0  0
16  0.188496  0  0
16  0.251327  7.78343  6.53929
16  0.314159  7.08329  1.88337
16  0.376991  3.47389  0.413901
16  0.439823  4.245  0.370245
16  0.502655  4.51622  0.404944
16  0.565487  4.95121  0.316282
16  0.628319  5.54513  0.264702
16  0.69115  5.74861  0.311205
16  0.753982  6.0987  0.279586
16  0.816814  6.06255  0.246133
16  0.879646  6.54113  0.255344
16  0.942478  6.81978  0.252392
16  1.00531  6.83571  0.264799
16  1.06814  6.95897  0.279505
16  1.13097  6.76974  0.273361
16  1.19381  7.26025  0.311675
16  1.25664  7.9819  0.350581
16  1.31947  6.68333  0.262198
16  1.3823  7.73666  0.359629
16  1.44513  7.49883  0.315912
16  1.50796  7.33305  0.326678
16  1.5708  7.05239  0.280721
16  1.63363  7.56616  0.326188
16  1.69646  7.20939  0.270949
16  1.75929  7.23613  0.307011
16  1.82212  7.49122  0.350602
16  1.88496  7.62621  0.338132
16  1.94779  7.0587  0.29615
16  2.01062  7.19231  0.25812
16  2.07345  6.76374  0.247467
16  2.13628  6.68928  0.263447
16  2.19911  6.52885  0.247125
16  2.26195  5.88187  0.212217
16  2.32478  5.99211  0.287049
16  2.38761  5.72132  0.270363
16  2.45044  4.62965  0.339309
16  2.51327  4.54943  0.332523
16  2.57611  3.9632  0.246091
16  2.63894  4.79616  0.504051
16  2.70177  3.62027  0.461436
16  2.7646  8.2204  2.98281
16  2.82743  17.1448  37.6816
16  2.89027  0.246515  2.25049
16  2.9531  0  0
16  3.01593  0  0
16  3.07876  0  0
16.5  0  0  0
16.5  0.0628319  0  0
16.5  0.125664  0  0
16.5  0.188496  0.246515  2.25049
16.5  0.251327  3.97417  3.17911
16.5  0.314159  8.36645  3.0034
16.5  0.376991  3.69313  0.455208
16.5  0.439823  5.85438  0.787022
16.5  0.502655  5.02483  0.400569
16.5  0.565487  5.25741  0.392002
16.5  0.628319  5.64463  0.319754
16.5  0.69115  5.55634  0.24178
16.5  0.753982  5.85504  0.212701
16.5  0.816814  6.05259  0.236486
16.5  0.879646  6.52991  0.239439
16.5  0.942478  6.76074  0.237947
16.5  1.00531  6.84908  0.315363
16.5  1.06814  7.12257  0.313238
16.5  1.13097  7.21273  0.284923
16.5  1.19381  7.43219  0.309368
16.5  1.25664  7.04704  0.373748
16.5  1.31947  6.93723  0.313819
16.5  1.3823  7.4687  0.372625
16.5  1.44513  6.96407  0.397676
16.5  1.50796  7.67825  0.35124
16.5  1.5708  7.79042  0.362904
16.5  1.63363  7.23065  0.331688
16.5  1.69646  7.79006  0.347171
16.5  1.75929  6.60935  0.300992
16.5  1.82212  7.63114  0.437269
16.5  1.88496  7.55501  0.328029
16.5  1.94779  7.40081  0.330071
16.5  2.01062  6.95866  0.268737
16.5  2.07345  6.94419  0.269529
16.5  2.13628  6.27305  0.246899
16.5  2.19911  6.53354  0.290889
16.5  2.26195  6.16098  0.222831
16.5  2.32478  6.34193  0.302167
16.5  2.38761  5.22774  0.247914
16.5  2.45044  5.41284  0.354063
16.5  2.51327  4.98893  0.358072
16.5  2.57611  4.34638  0.530237
16.5  2.63894  5.46915  0.790329
16.5  2.70177  3.95782  0.898744
16.5  2.7646  9.85996  5.80092
16.5  2.82743  3.81604  1.41397
16.5  2.89027  0  0
16.5  2.9531  0  0
16.5  3.01593  0  0
16.5  3.07876  0  0
17  0  0  0
17  0.0628319  0  0
17  0.125664  0  0
17  0.188496  0  0
17  0.251327  54.1582  50.2346
17  0.314159  9.49711  6.77708
17  0.376991  3.57592  0.37947
17  0.439823  4.31178  0.355595
17  0.502655  4.43286  0.354822
17  0.565487  5.63137  0.368906
17  0.628319  5.3213  0.292003
17  0.69115  5.446  0.262916
17  0.753982  6.12072  0.276406
17  0.816814  6.49517  0.247575
17  0.879646  6.62922  0.28154
17  0.942478  6.60479  0.242538
17  1.00531  6.36469  0.293906
17  1.06814  6.59551  0.298217
17  1.13097  6.86117  0.357905
17  1.19381  7.23866  0.264127
17  1.25664  7.05237  0.341893
17  1.31947  7.40416  0.312729
17  1.3823  7.47965  0.3218
17  1.44513  7.80382  0.362702
17  1.50796  7.38927  0.338996
17  1.5708  7.41509  0.295507
17  1.63363  7.74016  0.342296
17  1.69646  7.6196  0.342681
17  1.75929  7.01091  0.293071
17  1.82212  7.1948  0.30803
17  1.88496  7.04546  0.284825
17  1.94779  6.83132  0.304716
17  2.01062  7.30523  0.334515
17  2.07345  6.69516  0.250012
17  2.13628  7.23211  0.275928
17  2.19911  6.35251  0.244942
17  2.26195  6.22871  0.243437
17  2.32478  5.97584  0.238102
17  2.38761  5.92093  0.234644
17  2.45044  5.02028  0.299676
17  2.51327  5.30335  0.464654
17  2.57611  4.66808  0.385801
17  2.63894  5.13321  0.527462
17  2.70177  5.73204  1.59167
17  2.7646  4.60448  1.01777
17  2.82743  18.4667  23.1124
17  2.89027  0  0
17  2.9531  0  0
17  3.01593  0  0
17  3.07876  0  0
17.5  0  0  0
17.5  0.0628319  0  0
17.5  0.125664  0  0
17.5  0.188496  0  0
17.5  0.251327  35.2191  17.8188
17.5  0.314159  6.66425  2.77788
17.5  0.376991  4.60853  0.830099
17.5  0.439823  4.58154  0.407512
17.5  0.502655  4.92899  0.504615
17.5  0.565487  5.0996  0.407871
17.5  0.628319  5.08417  0.264471
17.5  0.69115  6.31326  0.263879
17.5  0.753982  6.43209  0.2571
17.5  0.816814  6.27025  0.23821
17.5  0.879646  6.779  0.277372
17.5  0.942478  6.94257  0.266035
17.5  1.00531  7.37127  0.269531
17.5  1.06814  6.748  0.274131
17.5  1.13097  7.53175  0.289045
17.5  1.19381  6.7077  0.303536
17.5  1.25664  7.41042  0.289827
17.5  1.31947  7.38619  0.342698
17.5  1.3823  7.37759  0.293359
17.5  1.44513  7.43789  0.296759
17.5  1.50796  6.6525  0.279553
17.5  1.5708  7.46386  0.302756
17.5  1.63363  7.65548  0.33986
17.5  1.69646  7.859  0.371785
17.5  1.75929  7.51204  0.349201
17.5  1.82212  7.72199  0.359753
17.5  1.88496  7.25307  0.367364
17.5  1.94779  7.12627  0.269943
17.5  2.01062  7.33594  0.291416
17.5  2.07345  7.06606  0.295184
17.5  2.13628  6.88659  0.275217
17.5  2.19911  6.52799  0.20809
17.5  2.26195  5.97236  0.222248
17.5  2.32478  6.21382  0.261609
17.5  2.38761  5.84399  0.305633
17.5  2.45044  4.90084  0.288587
17.5  2.51327  5.06099  0.365158
17.5  2.57611  4.64351  0.712135
17.5  2.63894  4.87273  0.784107
17.5  2.70177  3.83927  0.560408
17.5  2.7646  3.37186  0.64637
17.5  2.82743  2.93371  0.895037
17.5  2.89027  0  0
17.5  2.9531  0  0
17.5  3.01593  0  0
17.5  3.07876  0  0
18  0  0  0
18  0.0628319  0  0
18  0.125664  0  0
18  0.188496  0  0
18  0.251327  14.2969  25.0851
18  0.314159  7.17102  3.97817
18  0.376991  4.1086  0.539914
18  0.439823  5.57863  0.746489
18  0.502655  5.04728  0.441746
18  0.565487  5.86671  0.475339
18  0.628319  5.07683  0.466187
18  0.69115  5.94592  0.268835
18  0.753982  6.46612  0.272189
18  0.816814  6.25554  0.221313
18  0.879646  6.21607  0.239007
18  0.942478  6.09612  0.232393
18  1.00531  7.62887  0.284863
18  1.06814  6.84466  0.284429
18  1.13097  7.26401  0.311581
18  1.19381  7.72758  0.284992
18  1.25664  8.06227  0.425973
18  1.31947  8.11981  0.361562
18  1.3823  7.8958  0.370145
18  1.44513  7.34838  0.314107
18  1.50796  7.35592  0.310112
18  1.5708  7.49997  0.328299
18  1.63363  8.26878  0.355637
18  1.69646  7.18373  0.355227
18  1.75929  7.76084  0.379508
18  1.82212  7.56728  0.299142
18  1.88496  7.11579  0.263811
18  1.94779  7.98435  0.430544
18  2.01062  7.43155  0.347842
18  2.07345  6.57289  0.273044
18  2.13628  6.76107  0.248491
18  2.19911  6.25479  0.211507
18  2.26195  6.37072  0.232947
18  2.32478  6.12133  0.216595
18  2.38761  6.43655  0.348174
18  2.45044  5.48535  0.297234
18  2.51327  4.97015  0.42129
18  2.57611  4.80783  0.372519
18  2.63894  4.64189  0.492791
18  2.70177  3.62747  0.423768
18  2.7646  7.95107  3.4528
18  2.82743  6.36174  3.95157
18  2.89027  0  0
18  2.9531  0  0
18  3.01593  0  0
18  3.07876  0  0
18.5  0  0  0
18.5  0.0628319  0  0
18.5  0.125664  0  0
18.5  0.188496  0  0
18.5  0.251327  5.60617  2.81252
18.5  0.314159  3.88148  0.701155
18.5  0.376991  4.84177  0.74077
18.5  0.439823  5.26675  0.495834
18.5  0.502655  5.61831  0.599136
18.5  0.565487  6.23454  0.594914
18.5  0.628319  6.11109  0.345742
18.5  0.69115  5.79606  0.287211
18.5  0.753982  6.17255  0.236566
18.5  0.816814  6.10429  0.222953
18.5  0.879646  6.59031  0.248198
18.5  0.942478  6.43495  0.212642
18.5  1.00531  6.84181  0.26149
18.5  1.06814  6.83818  0.231363
18.5  1.13097  7.58343  0.293266
18.5  1.19381  7.81859  0.36995
18.5  1.25664  6.75078  0.298717
18.5  1.31947  7.71649  0.371449
18.5  1.3823  8.83465  0.445996
18.5  1.44513  7.75699  0.342724
18.5  1.50796  7.42545  0.327032
18.5  1.5708  8.20321  0.384979
18.5  1.63363  7.50098  0.333001
18.5  1.69646  7.99318  0.322002
18.5  1.75929  7.74723  0.309683
18.5  1.82212  7.91915  0.348533
18.5  1.88496  7.11815  0.318314
18.5  1.94779  7.30883  0.270854
18.5  2.01062  7.29164  0.264774
18.5  2.07345  7.48779  0.291205
18.5  2.13628  7.20841  0.267502
18.5  2.19911  6.55303  0.230757
18.5  2.26195  6.86258  0.2602
18.5  2.32478  5.99093  0.22799
18.5  2.38761  5.98993  0.266697
18.5  2.45044  4.99409  0.34382
18.5  2.51327  5.4499  0.396781
18.5  2.57611  4.70284  0.390006
18.5  2.63894  4.63874  0.463584
18.5  2.70177  4.65855  0.69112
18.5  2.7646  4.73874  1.7204
18.5  2.82743  20.2526  20.951
18.5  2.89027  0  0
18.5  2.9531  0  0
18.5  3.01593  0  0
18.5  3.07876  0  0
19  0  0  0
19  0.0628319  0  0
19  0.125664  0  0
19  0.188496  0  0
19  0.251327  4.32516  1.71217
19  0.314159  3.71734  0.551759
19  0.376991  2.86589  0.424296
19  0.439823  4.60997  0.430739
19  0.502655  4.81865  0.384442
19  0.565487  5.53255  0.469472
19  0.628319  5.89321  0.321251
19  0.69115  6.44025  0.303451
19  0.753982  6.27686  0.260583
19  0.816814  6.275  0.221933
19  0.879646  6.5526  0.255575
19  0.942478  7.52053  0.33153
19  1.00531  6.79383  0.257221
19  1.06814  8.22472  0.313166
19  1.13097  7.21558  0.330012
19  1.19381  7.57789  0.306016
19  1.25664  7.83064  0.374564
19  1.31947  7.64667  0.358695
19  1.3823  8.15389  0.359924
19  1.44513  7.33314  0.308015
19  1.50796  7.81282  0.361701
19  1.5708  7.27932  0.343437
19  1.63363  7.29155  0.284135
19  1.69646  7.70009  0.408464
19  1.75929  7.90585  0.351608
19  1.82212  7.27994  0.304348
19  1.88496  7.18604  0.274781
19  1.94779  6.6553  0.262436
19  2.01062  7.29095  0.293177
19  2.07345  7.24577  0.260202
19  2.13628  6.82635  0.281697
19  2.19911  6.69749  0.24877
19  2.26195  6.46623  0.229895
19  2.32478  5.56909  0.206592
19  2.38761  5.67172  0.24764
19  2.45044  5.82202  0.405213
19  2.51327  5.25859  0.290817
19  2.57611  4.52985  0.422606
19  2.63894  5.40258  0.582985
19  2.70177  5.69178  1.35552
19  2.7646  7.4298  2.57011
19  2.82743  41.2322  40.5081
19  2.89027  0  0
19  2.9531  0  0
19  3.01593  0  0
19  3.07876  0  0
19.5  0  0  0
19.5  0.0628319  0  0
19.5  0.125664  0  0
19.5  0.188496  0  0
19.5  0.251327  7.64156  9.94941
19.5  0.314159  5.21267  1.53718
19.5  0.376991  4.15322  0.739199
19.5  0.439823  4.76497  0.74241
19.5  0.502655  5.60497  0.541425
19.5  0.565487  5.23519  0.321041
19.5  0.628319  6.29104  0.369246
19.5  0.69115  6.05916  0.321049
19.5  0.753982  6.791  0.272891
19.5  0.816814  6.67045  0.263882
19.5  0.879646  6.72716  0.318867
19.5  0.942478  7.35634  0.276414
19.5  1.00531  6.9682  0.267822
19.5  1.06814  7.57708  0.3036
19.5  1.13097  7.70876  0.35926
19.5  1.19381  8.42937  0.382161
19.5  1.25664  8.13225  0.40884
19.5  1.31947  7.95241  0.374885
19.5  1.3823  7.10477  0.331888
19.5  1.44513  8.45196  0.423809
19.5  1.50796  8.18393  0.376451
19.5  1.5708  7.87999  0.356159
19.5  1.63363  8.04569  0.424779
19.5  1.69646  7.36608  0.359614
19.5  1.75929  8.64124  0.456752
19.5  1.82212  7.91364  0.374847
19.5  1.88496  6.32746  0.228107
19.5  1.94779  8.00779  0.313846
19.5  2.01062  7.36412  0.298571
19.5  2.07345  7.56105  0.295343
19.5  2.13628  6.50431  0.21517
19.5  2.19911  6.97914  0.274025
19.5  2.26195  7.03176  0.282611
19.5  2.32478  6.60012  0.289825
19.5  2.38761  5.52029  0.247536
19.5  2.45044  6.27725  0.324085
19.5  2.51327  4.50281  0.311424
19.5  2.57611  5.92494  0.501306
19.5  2.63894  4.28303  0.49053
19.5  2.70177  4.28138  0.877834
19.5  2.7646  4.56969  0.892883
19.5  2.82743  3.7888  1.94186
19.5  2.89027  0  0
19.5  2.9531  0  0
19.5  3.01593  0  0
19.5  3.07876  0  0
20  0  0  0
20  0.0628319  0  0
20  0.125664  0  0
20  0.188496  0  0
20  0.251327  5.27299  4.54681
20  0.314159  3.40805  0.494846
20  0.376991  5.55571  0.967288
20  0.439823  5.67314  1.00869
20  0.502655  5.88394  0.522925
20  0.565487  6.08324  0.417801
20  0.628319  5.70973  0.340421
20  0.69115  5.2904  0.261735
20  0.753982  6.49992  0.268058
20  0.816814  6.43689  0.278269
20  0.879646  6.39782  0.225617
20  0.942478  7.44172  0.287143
20  1.00531  7.02  0.258177
20  1.06814  7.44518  0.372294
20  1.13097  7.48059  0.303304
20  1.19381  7.62179  0.330131
20  1.25664  7.80978  0.347951
20  1.31947  7.6339  0.346009
20  1.3823  8.27246  0.381139
20  1.44513  8.2016  0.428881
20  1.50796  7.94149  0.363799
20  1.5708  8.31419  0.367512
20  1.63363  8.16159  0.432237
20  1.69646  8.16579  0.397174
20  1.75929  7.78066  0.311225
20  1.82212  7.8288  0.41491
20  1.88496  8.0601  0.395449
20  1.94779  6.90265  0.284831
20  2.01062  8.06175  0.343254
20  2.07345  7.66853  0.327536
20  2.13628  7.14147  0.264135
20  2.19911  6.72566  0.258837
20  2.26195  6.26335  0.25252
20  2.32478  6.84701  0.313635
20  2.38761  5.96075  0.287616
20  2.45044  5.2131  0.318308
20  2.51327  5.04269  0.327377
20  2.57611  4.7647  0.457925
20  2.63894  5.03604  0.489728
20  2.70177  4.95875  0.607709
20  2.7646  6.63229  2.91744
20  2.82743  34.1397  33.0127
20  2.89027  0  0
20  2.9531  0  0
20  3.01593  0  0
20  3.07876  0  0
20.5  0  0  0
20.5  0.0628319  0  0
20.5  0.125664  0  0
20.5  0.188496  0  0
20.5  0.251327  6.01066  4.98931
20.5  0.314159  6.68444  1.41496
20.5  0.376991  6.61589  1.40107
20.5  0.439823  6.56575  0.965902
20.5  0.502655  6.52148  0.69037
20.5  0.565487  6.18872  0.451901
20.5  0.628319  6.03658  0.362309
20.5  0.69115  6.60054  0.304333
20.5  0.753982  6.27588  0.234502
20.5  0.816814  6.24481  0.241111
20.5  0.879646  6.85647  0.239658
20.5  0.942478  7.64221  0.308754
20.5  1.00531  7.75433  0.340303
20.5  1.06814  7.13865  0.319221
20.5  1.13097  7.15584  0.308677
20.5  1.19381  7.79704  0.323528
20.5  1.25664  8.31738  0.388737
20.5  1.31947  7.54944  0.358109
20.5  1.3823  7.66509  0.300753
20.5  1.44513  7.44016  0.307381
20.5  1.50796  8.41271  0.402223
20.5  1.5708  8.07626  0.432622
20.5  1.63363  7.53024  0.324267
20.5  1.69646  7.59497  0.334556
20.5  1.75929  7.27838  0.327324
20.5  1.82212  7.34472  0.344537
20.5  1.88496  7.83153  0.351011
20.5  1.94779  8.11108  0.36703
20.5  2.01062  6.08073  0.291396
20.5  2.07345  6.83522  0.279329
20.5  2.13628  7.06073  0.292774
20.5  2.19911  6.82416  0.259106
20.5  2.26195  6.30651  0.241678
20.5  2.32478  6.29528  0.251493
20.5  2.38761  6.11558  0.281859
20.5  2.45044  5.6304  0.285496
20.5  2.51327  5.65964  0.465132
20.5  2.57611  4.54102  0.386816
20.5  2.63894  4.14042  0.46888
20.5  2.70177  4.78408  0.714578
20.5  2.7646  5.74263  1.55379
20.5  2.82743  7.67847  9.52956
20.5  2.89027  0  0
20.5  2.9531  0  0
20.5  3.01593  0  0
20.5  3.07876  0  0
21  0  0  0
21  0.0628319  0  0
21  0.125664  0  0
21  0.188496  0  0
21  0.251327  3.92926  1.99761
21  0.314159  4.25102  0.862084
21  0.376991  4.78506  0.813735
21  0.439823  5.34342  0.558701
21  0.502655  5.28675  0.463825
21  0.565487  5.09728  0.326076
21  0.628319  5.01642  0.389086
21  0.69115  5.74038  0.278306
21  0.753982  6.5101  0.347075
21  0.816814  6.64952  0.246774
21  0.879646  7.20555  0.275681
21  0.942478  7.54257  0.282889
21  1.00531  7.49489  0.325136
21  1.06814  7.97445  0.360674
21  1.13097  7.2389  0.34756
21  1.19381  7.28461  0.342064
21  1.25664  8.04042  0.377478
21  1.31947  8.52791  0.44449
21  1.3823  8.58189  0.385177
21  1.44513  7.41678  0.351185
21  1.50796  7.67187  0.340134
21  1.5708  8.64533  0.419672
21  1.63363  8.71543  0.396092
21  1.69646  7.47114  0.363399
21  1.75929  8.36698  0.400978
21  1.82212  7.83835  0.342998
21  1.88496  8.27105  0.341624
21  1.94779  7.04236  0.300787
21  2.01062  7.47105  0.287484
21  2.07345  7.25135  0.323173
21  2.13628  6.97094  0.29498
21  2.19911  7.09858  0.258994
21  2.26195  7.25679  0.329208
21  2.32478  6.85819  0.293079
21  2.38761  6.39644  0.332651
21  2.45044  5.48028  0.305656
21  2.51327  5.91555  0.422201
21  2.57611  4.47326  0.353334
21  2.63894  3.96366  0.480617
21  2.70177  4.60904  0.613687
21  2.7646  5.08325  1.59414
21  2.82743  13.0314  13.5797
21  2.89027  0  0
21  2.9531  0  0
21  3.01593  0  0
21  3.07876  0  0
21.5  0  0  0
21.5  0.0628319  0  0
21.5  0.125664  0  0
21.5  0.188496  0  0
21.5  0.251327  1.25853  0.531697
21.5  0.314159  7.82742  2.80971
21.5  0.376991  4.35746  0.722108
21.5  0.439823  4.331  0.787442
21.5  0.502655  5.13077  0.362193
21.5  0.565487  6.18765  0.531952
21.5  0.628319  5.31528  0.354929
21.5  0.69115  5.96799  0.386044
21.5  0.753982  6.46657  0.291751
21.5  0.816814  6.86418  0.284928
21.5  0.879646  7.16475  0.252908
21.5  0.942478  7.6853  0.290673
21.5  1.00531  7.48347  0.277407
21.5  1.06814  8.11327  0.317353
21.5  1.13097  8.004  0.38399
21.5  1.19381  7.76584  0.333409
21.5  1.25664  7.57648  0.33303
21.5  1.31947  8.02303  0.445513
21.5  1.3823  8.33469  0.379938
21.5  1.44513  8.06298  0.353294
21.5  1.50796  8.57285  0.399901
21.5  1.5708  8.39347  0.462127
21.5  1.63363  8.06871  0.344666
21.5  1.69646  8.08143  0.412867
21.5  1.75929  8.61245  0.380325
21.5  1.82212  8.17797  0.338992
21.5  1.88496  8.39271  0.444657
21.5  1.94779  7.35546  0.350216
21.5  2.01062  7.45608  0.332311
21.5  2.07345  7.30485  0.287202
21.5  2.13628  7.32805  0.259232
21.5  2.19911  7.26659  0.292115
21.5  2.26195  6.53257  0.22726
21.5  2.32478  6.21948  0.234427
21.5  2.38761  5.98753  0.285583
21.5  2.45044  6.65283  0.450392
21.5  2.51327  5.39661  0.414074
21.5  2.57611  5.89907  0.571505
21.5  2.63894  6.08803  0.642011
21.5  2.70177  2.93145  0.585507
21.5  2.7646  5.46959  1.60571
21.5  2.82743  2.03076  1.24192
21.5  2.89027  0  0
21.5  2.9531  0  0
21.5  3.01593  0  0
21.5  3.07876  0  0
22  0  0  0
22  0.0628319  0  0
22  0.125664  0  0
22  0.188496  0.250138  2.26611
22  0.251327  2.45554  1.62136
22  0.314159  4.66197  0.929391
22  0.376991  5.20243  0.835444
22  0.439823  4.46759  0.549515
22  0.502655  5.02884  0.434058
22  0.565487  5.86455  0.380247
22  0.628319  6.59694  0.366394
22  0.69115  5.97824  0.256996
22  0.753982  6.59472  0.313385
22  0.816814  6.59848  0.24236
22  0.879646  7.00523  0.253962
22  0.942478  6.91842  0.254957
22  1.00531  7.37556  0.309966
22  1.06814  7.54841  0.297545
22  1.13097  8.5666  0.399736
22  1.19381  7.94147  0.370013
22  1.25664  8.3367  0.430453
22  1.31947  8.35416  0.41364
22  1.3823  8.20596  0.348099
22  1.44513  7.84378  0.347987
22  1.50796  8.55702  0.349721
22  1.5708  8.58139  0.408361
22  1.63363  8.67883  0.476688
22  1.69646  8.55518  0.371701
22  1.75929  7.46377  0.313134
22  1.82212  8.10146  0.351855
22  1.88496  7.36493  0.293117
22  1.94779  8.04618  0.342857
22  2.01062  7.60752  0.308102
22  2.07345  6.53136  0.253833
22  2.13628  6.82447  0.221978
22  2.19911  7.64829  0.272442
22  2.26195  7.20335  0.263356
22  2.32478  6.78837  0.2413
22  2.38761  5.90937  0.328697
22  2.45044  5.32646  0.289038
22  2.51327  6.01846  0.450797
22  2.57611  4.95834  0.413773
22  2.63894  5.55884  0.836389
22  2.70177  4.30179  0.606039
22  2.7646  3.25028  0.465046
22  2.82743  3.59723  1.2742
22  2.89027  0  0
22  2.9531  0  0
22  3.01593  0  0
22  3.07876  0  0
22.5  0  0  0
22.5  0.0628319  0  0
22.5  0.125664  0  0
22.5  0.188496  0  0
22.5  0.251327  4.00126  1.48818
22.5  0.314159  6.11405  2.1597
22.5  0.376991  5.01645  0.713197
22.5  0.439823  5.39734  0.770844
22.5  0.502655  5.74144  0.650397
22.5  0.565487  5.79747  0.354587
22.5  0.628319  6.16354  0.396648
22.5  0.69115  6.64967  0.326585
22.5  0.753982  7.06848  0.332741
22.5  0.816814  6.85138  0.271805
22.5  0.879646  7.74758  0.304425
22.5  0.942478  7.07718  0.300678
22.5  1.00531  7.1747  0.326466
22.5  1.06814  7.83296  0.362268
22.5  1.13097  7.75926  0.335055
22.5  1.19381  7.64685  0.364423
22.5  1.25664  8.28546  0.357333
22.5  1.31947  8.72992  0.525329
22.5  1.3823  7.98499  0.341662
22.5  1.44513  7.68023  0.366087
22.5  1.50796  8.03559  0.418593
22.5  1.5708  7.49462  0.352435
22.5  1.63363  8.37793  0.387517
22.5  1.69646  8.34816  0.429903
22.5  1.75929  8.42008  0.431055
22.5  1.82212  8.30525  0.458224
22.5  1.88496  8.15661  0.384435
22.5  1.94779  7.52598  0.292443
22.5  2.01062  8.03819  0.330344
22.5  2.07345  7.78282  0.32923
22.5  2.13628  7.11384  0.278514
22.5  2.19911  6.82866  0.258746
22.5  2.26195  6.68516  0.260624
22.5  2.32478  6.6027  0.297483
22.5  2.38761  5.32026  0.220322
22.5  2.45044  5.80043  0.381246
22.5  2.51327  5.37366  0.402535
22.5  2.57611  5.69594  0.509204
22.5  2.63894  4.53245  0.47173
22.5  2.70177  5.05781  0.671264
22.5  2.7646  4.97743  1.34165
22.5  2.82743  3.22547  1.30941
22.5  2.89027  0  0
22.5  2.9531  0  0
22.5  3.01593  0  0
22.5  3.07876  0  0
23  0  0  0
23  0.0628319  0  0
23  0.125664  0  0
23  0.188496  0  0
23  0.251327  2.48335  0.519094
23  0.314159  7.13998  2.44504
23  0.376991  4.15677  0.682504
23  0.439823  4.95459  0.607211
23  0.502655  5.08806  0.481512
23  0.565487  5.42913  0.42117
23  0.628319  5.94116  0.326545
23  0.69115  6.62601  0.331983
23  0.753982  6.81585  0.291709
23  0.816814  6.33728  0.241622
23  0.879646  7.16136  0.280869
23  0.942478  7.09656  0.264728
23  1.00531  7.47278  0.294996
23  1.06814  8.19239  0.427331
23  1.13097  7.74567  0.378986
23  1.19381  7.36074  0.27648
23  1.25664  8.02276  0.362615
23  1.31947  8.80315  0.438845
23  1.3823  7.91053  0.373602
23  1.44513  8.10299  0.377853
23  1.50796  8.61207  0.414993
23  1.5708  7.87071  0.334683
23  1.63363  8.66541  0.425789
23  1.69646  8.57203  0.376437
23  1.75929  8.38213  0.350912
23  1.82212  7.45095  0.352248
23  1.88496  8.27146  0.393551
23  1.94779  7.94201  0.354058
23  2.01062  7.56775  0.321601
23  2.07345  7.81356  0.312505
23  2.13628  7.07203  0.245036
23  2.19911  6.4063  0.257955
23  2.26195  7.15354  0.296896
23  2.32478  6.42404  0.253083
23  2.38761  5.56607  0.326875
23  2.45044  5.69755  0.436361
23  2.51327  5.31359  0.330203
23  2.57611  4.50962  0.305437
23  2.63894  6.50842  0.642831
23  2.70177  5.45263  1.15737
23  2.7646  4.2396  1.47274
23  2.82743  6.7359  4.15103
23  2.89027  0  0
23  2.9531  0  0
23  3.01593  0  0
23  3.07876  0  0
23.5  0  0  0
23.5  0.0628319  0  0
23.5  0.125664  0  0
23.5  0.188496  0  0
23.5  0.251327  1.9898  0.667396
23.5  0.314159  5.59719  1.43375
23.5  0.376991  3.75125  0.514781
23.5  0.439823  4.83203  0.672477
23.5  0.502655  3.55699  0.266952
23.5  0.565487  5.83371  0.383049
23.5  0.628319  7.69215  0.527068
23.5  0.69115  6.27135  0.256948
23.5  0.753982  6.7471  0.272398
23.5  0.816814  6.90769  0.270349
23.5  0.879646  7.41125  0.249605
23.5  0.942478  7.31808  0.282313
23.5  1.00531  7.85321  0.312201
23.5  1.06814  7.61831  0.315829
23.5  1.13097  7.85511  0.364652
23.5  1.19381  8.59867  0.42125
23.5  1.25664  8.41454  0.396035
23.5  1.31947  8.30011  0.354479
23.5  1.3823  8.24992  0.367696
23.5  1.44513  7.45267  0.328422
23.5  1.50796  8.07266  0.47011
23.5  1.5708  8.38181  0.425987
23.5  1.63363  9.02656  0.454135
23.5  1.69646  9.1075  0.414308
23.5  1.75929  8.33664  0.41718
23.5  1.82212  7.23271  0.300185
23.5  1.88496  7.48763  0.335487
23.5  1.94779  7.62864  0.319569
23.5  2.01062  7.64756  0.314483
23.5  2.07345  7.66097  0.307437
23.5  2.13628  7.57571  0.291811
23.5  2.19911  6.81689  0.270536
23.5  2.26195  6.5802  0.251727
23.5  2.32478  6.3739  0.284821
23.5  2.38761  5.91439  0.296512
23.5  2.45044  6.60002  0.446258
23.5  2.51327  5.50921  0.370145
23.5  2.57611  5.8516  0.523588
23.5  2.63894  4.95742  0.630758
23.5  2.70177  4.56692  0.509067
23.5  2.7646  4.44172  1.02025
23.5  2.82743  6.2453  3.59468
23.5  2.89027  0.246515  2.25049
23.5  2.9531  0  0
23.5  3.01593  0  0
23.5  3.07876  0  0
24  0  0  0
24  0.0628319  0  0
24  0.125664  0  0
24  0.188496  0  0
24  0.251327  8.86982  6.13018
24  0.314159  5.01733  0.952985
24  0.376991  6.29839  0.983562
24  0.439823  4.77189  0.394298
24  0.502655  5.45313  0.391626
24  0.565487  5.7696  0.38401
24  0.628319  6.32681  0.370093
24  0.69115  6.61444  0.330761
24  0.753982  6.18124  0.266055
24  0.816814  6.9286  0.283092
24  0.879646  7.58007  0.325254
24  0.942478  7.56278  0.274994
24  1.00531  8.01027  0.293801
24  1.06814  7.57272  0.317724
24  1.13097  7.62292  0.291377
24  1.19381  8.42336  0.385292
24  1.25664  8.611  0.39113
24  1.31947  9.22243  0.468527
24  1.3823  8.77196  0.56702
24  1.44513  8.90392  0.463507
24  1.50796  8.69697  0.420949
24  1.5708  7.9723  0.374417
24  1.63363  9.08706  0.479452
24  1.69646  8.27406  0.443976
24  1.75929  8.73585  0.38338
24  1.82212  9.04092  0.437562
24  1.88496  8.74012  0.462334
24  1.94779  7.83514  0.340379
24  2.01062  7.10623  0.291228
24  2.07345  7.58627  0.274669
24  2.13628  7.63301  0.304418
24  2.19911  7.21528  0.24995
24  2.26195  7.06124  0.256797
24  2.32478  6.27021  0.265544
24  2.38761  6.90397  0.355842
24  2.45044  5.69592  0.26575
24  2.51327  5.45208  0.460998
24  2.57611  5.94137  0.650516
24  2.63894  5.05142  0.502199
24  2.70177  2.61738  0.382918
24  2.7646  6.4276  3.69809
24  2.82743  5.34015  2.30753
24  2.89027  0  0
24  2.9531  0  0
24  3.01593  0  0
24  3.07876  0  0
24.5  0  0  0
24.5  0.0628319  0  0
24.5  0.125664  0  0
24.5  0.188496  0.247646  1.9136
24.5  0.251327  41.0903  21.459
24.5  0.314159  5.95949  0.848984
24.5  0.376991  4.93507  0.578643
24.5  0.439823  5.19377  0.582508
24.5  0.502655  4.71097  0.353059
24.5  0.565487  5.36842  0.44124
24.5  0.628319  6.09551  0.322298
24.5  0.69115  6.41874  0.28736
24.5  0.753982  6.39413  0.289746
24.5  0.816814  7.47612  0.293455
24.5  0.879646  6.9288  0.270124
24.5  0.942478  7.71072  0.276429
24.5  1.00531  8.10201  0.396865
24.5  1.06814  7.41641  0.301136
24.5  1.13097  7.68931  0.366282
24.5  1.19381  8.37037  0.385177
24.5  1.25664  7.71138  0.368367
24.5  1.31947  7.93651  0.343752
24.5  1.3823  9.13499  0.491421
24.5  1.44513  8.50191  0.443279
24.5  1.50796  8.53152  0.381147
24.5  1.5708  8.20553  0.357428
24.5  1.63363  8.33152  0.363405
24.5  1.69646  9.30691  0.519341
24.5  1.75929  8.7679  0.486809
24.5  1.82212  8.0388  0.385617
24.5  1.88496  7.96372  0.35177
24.5  1.94779  7.62747  0.321356
24.5  2.01062  6.88119  0.28667
24.5  2.07345  7.31434  0.27415
24.5  2.13628  7.6923  0.332172
24.5  2.19911  6.92203  0.24207
24.5  2.26195  7.03593  0.274365
24.5  2.32478  7.17353  0.335121
24.5  2.38761  6.56478  0.342843
24.5  2.45044  6.52088  0.340488
24.5  2.51327  5.00492  0.410733
24.5  2.57611  5.89792  0.513795
24.5  2.63894  4.26184  0.541016
24.5  2.70177  4.58636  0.598452
24.5  2.7646  5.66756  1.50842
24.5  2.82743  5.86647  3.21309
24.5  2.89027  0  0
24.5  2.9531  0  0
24.5  3.01593  0  0
24.5  3.07876  0  0
