2  0  0  0
2  0.0628319  0  0
2  0.125664  0  0
2  0.188496  0  0
2  0.251327  0  0
2  0.314159  0  0
2  0.376991  0  0
2  0.439823  0  0
2  0.502655  0  0
2  0.565487  0  0
2  0.628319  0  0
2  0.69115  0  0
2  0.753982  0  0
2  0.816814  0  0
2  0.879646  0  0
2  0.942478  0  0
2  1.00531  0  0
2  1.06814  0  0
2  1.13097  0  0
2  1.19381  0  0
2  1.25664  0  0
2  1.31947  0  0
2  1.3823  0  0
2  1.44513  0  0
2  1.50796  0.258759  1.70226
2  1.5708  0  0
2  1.63363  0  0
2  1.69646  0  0
2  1.75929  0  0
2  1.82212  0  0
2  1.88496  0  0
2  1.94779  0  0
2  2.01062  0  0
2  2.07345  0  0
2  2.13628  0  0
2  2.19911  0  0
2  2.26195  0  0
2  2.32478  0  0
2  2.38761  0  0
2  2.45044  0  0
2  2.51327  0  0
2  2.57611  0  0
2  2.63894  0  0
2  2.70177  0  0
2  2.7646  0  0
2  2.82743  0  0
2  2.89027  0  0
2  2.9531  0  0
2  3.01593  0  0
2  3.07876  0  0
3  0  0  0
3  0.0628319  0  0
3  0.125664  0  0
3  0.188496  0  0
3  0.251327  0  0
3  0.314159  0  0
3  0.376991  0  0
3  0.439823  0  0
3  0.502655  0  0
3  0.565487  0  0
3  0.628319  0  0
3  0.69115  0  0
3  0.753982  0  0
3  0.816814  0.247243  2.30372
3  0.879646  0  0
3  0.942478  0.0122211  0.0896767
3  1.00531  0.249294  0.237148
3  1.06814  0.0737374  0.0581454
3  1.13097  0.0637208  0.0341844
3  1.19381  0.0577731  0.0235456
3  1.25664  0.0704417  0.0320771
3  1.31947  0.0549138  0.0198086
3  1.3823  0.0541746  0.0167926
3  1.44513  0.0447742  0.00994288
3  1.50796  0.0450461  0.0088093
3  1.5708  0.0504463  0.013236
3  1.63363  0.0403116  0.00805038
3  1.69646  0.06525  0.0237805
3  1.75929  0.0551243  0.0175049
3  1.82212  0.0505037  0.0169209
3  1.88496  0.0606504  0.0259805
3  1.94779  0.0677148  0.0359473
3  2.01062  0.10756  0.165065
3  2.07345  0.236642  0.124602
3  2.13628  0  0
3  2.19911  0  0
3  2.26195  0  0
3  2.32478  0.258759  1.70226
3  2.38761  0  0
3  2.45044  0  0
3  2.51327  0  0
3  2.57611  0  0
3  2.63894  0  0
3  2.70177  0  0
3  2.7646  0  0
3  2.82743  0  0
3  2.89027  0  0
3  2.9531  0  0
3  3.01593  0  0
3  3.07876  0  0
4  0  0  0
4  0.0628319  0  0
4  0.125664  0  0
4  0.188496  0  0
4  0.251327  0  0
4  0.314159  0  0
4  0.376991  0  0
4  0.439823  0  0
4  0.502655  0  0
4  0.565487  0  0
4  0.628319  0  0
4  0.69115  0  0
4  0.753982  0.258759  1.70226
4  0.816814  0.199067  0.101098
4  0.879646  0.0596694  0.0238899
4  0.942478  0.0457301  0.00936862
4  1.00531  0.0336509  0.00491058
4  1.06814  0.0377272  0.00738167
4  1.13097  0.0382134  0.00624536
4  1.19381  0.0364569  0.00619687
4  1.25664  0.035374  0.00560688
4  1.31947  0.044448  0.00989282
4  1.3823  0.0428939  0.00840075
4  1.44513  0.038726  0.00772682
4  1.50796  0.0352231  0.00629395
4  1.5708  0.0330998  0.00499512
4  1.63363  0.0364118  0.00590781
4  1.69646  0.0406167  0.00849697
4  1.75929  0.0360317  0.00528773
4  1.82212  0.0361459  0.00600787
4  1.88496  0.0358693  0.00537853
4  1.94779  0.0399785  0.00668196
4  2.01062  0.0367693  0.00651827
4  2.07345  0.043899  0.007553
4  2.13628  0.0490796  0.0114345
4  2.19911  0.0631589  0.0270945
4  2.26195  0.236323  0.18236
4  2.32478  0.00977688  0.0717413
4  2.38761  0.258759  1.70226
4  2.45044  0  0
4  2.51327  0  0
4  2.57611  0  0
4  2.63894  0  0
4  2.70177  0  0
4  2.7646  0  0
4  2.82743  0  0
4  2.89027  0  0
4  2.9531  0  0
4  3.01593  0  0
4  3.07876  0  0
5  0  0  0
5  0.0628319  0  0
5  0.125664  0  0
5  0.188496  0  0
5  0.251327  0  0
5  0.314159  0  0
5  0.376991  0  0
5  0.439823  0  0
5  0.502655  0  0
5  0.565487  0  0
5  0.628319  0  0
5  0.69115  0.174789  0.169454
5  0.753982  0.0629522  0.0330328
5  0.816814  0.0436749  0.00829025
5  0.879646  0.033812  0.00415789
5  0.942478  0.0363123  0.00538263
5  1.00531  0.0360233  0.005194
5  1.06814  0.0333616  0.00476356
5  1.13097  0.0383267  0.00692277
5  1.19381  0.0403067  0.00677
5  1.25664  0.0331164  0.00487179
5  1.31947  0.0432591  0.00899151
5  1.3823  0.0367145  0.00596796
5  1.44513  0.0416473  0.00778469
5  1.50796  0.0405466  0.0068412
5  1.5708  0.0356022  0.00617029
5  1.63363  0.0387171  0.00766698
5  1.69646  0.036421  0.00816198
5  1.75929  0.0396673  0.00811717
5  1.82212  0.0479238  0.00819375
5  1.88496  0.0422051  0.00776047
5  1.94779  0.039983  0.00715062
5  2.01062  0.0351955  0.00485379
5  2.07345  0.0325275  0.00409375
5  2.13628  0.0355498  0.00498991
5  2.19911  0.0384083  0.00513854
5  2.26195  0.0552998  0.0124909
5  2.32478  0.0726699  0.0386637
5  2.38761  0.163642  0.13117
5  2.45044  0.258759  1.70226
5  2.51327  0  0
5  2.57611  0  0
5  2.63894  0  0
5  2.70177  0  0
5  2.7646  0  0
5  2.82743  0  0
5  2.89027  0  0
5  2.9531  0  0
5  3.01593  0  0
5  3.07876  0  0
6  0  0  0
6  0.0628319  0  0
6  0.125664  0  0
6  0.188496  0  0
6  0.251327  0  0
6  0.314159  0  0
6  0.376991  0  0
6  0.439823  0  0
6  0.502655  0  0
6  0.565487  0.0326478  0.239565
6  0.628319  0.22793  0.213296
6  0.69115  0.0714188  0.0339376
6  0.753982  0.0440466  0.00961637
6  0.816814  0.0391898  0.00563442
6  0.879646  0.0320856  0.00406745
6  0.942478  0.0338612  0.00432532
6  1.00531  0.0387242  0.00651882
6  1.06814  0.0436182  0.00871348
6  1.13097  0.0346185  0.00523052
6  1.19381  0.0355126  0.00727952
6  1.25664  0.0405222  0.00647555
6  1.31947  0.0475996  0.008967
6  1.3823  0.0346098  0.00534871
6  1.44513  0.0323155  0.0053858
6  1.50796  0.0358603  0.00643182
6  1.5708  0.0372574  0.00578124
6  1.63363  0.038564  0.00641764
6  1.69646  0.0325157  0.00454199
6  1.75929  0.0419425  0.00829292
6  1.82212  0.0389321  0.00630492
6  1.88496  0.0441296  0.00980463
6  1.94779  0.0319436  0.00495507
6  2.01062  0.0397823  0.0068901
6  2.07345  0.0382789  0.00613846
6  2.13628  0.0423366  0.00911006
6  2.19911  0.0298094  0.00319226
6  2.26195  0.0406192  0.00612902
6  2.32478  0.0396273  0.00741034
6  2.38761  0.0695692  0.038647
6  2.45044  0.0925045  0.119823
6  2.51327  0  0
6  2.57611  0  0
6  2.63894  0  0
6  2.70177  0  0
6  2.7646  0  0
6  2.82743  0  0
6  2.89027  0  0
6  2.9531  0  0
6  3.01593  0  0
6  3.07876  0  0
7  0  0  0
7  0.0628319  0  0
7  0.125664  0  0
7  0.188496  0  0
7  0.251327  0  0
7  0.314159  0  0
7  0.376991  0  0
7  0.439823  0  0
7  0.502655  0  0
7  0.565487  0.229281  0.136921
7  0.628319  0.0680998  0.0329128
7  0.69115  0.0603501  0.0192394
7  0.753982  0.0428627  0.00696076
7  0.816814  0.0419614  0.0067915
7  0.879646  0.0317982  0.00343606
7  0.942478  0.0385422  0.00525856
7  1.00531  0.0443021  0.00690991
7  1.06814  0.0363984  0.00533092
7  1.13097  0.0350623  0.00536204
7  1.19381  0.0337783  0.00558238
7  1.25664  0.0429475  0.00752065
7  1.31947  0.0329951  0.00557809
7  1.3823  0.0350758  0.00558846
7  1.44513  0.0350997  0.00559492
7  1.50796  0.0340299  0.00525073
7  1.5708  0.0394766  0.00692603
7  1.63363  0.0327934  0.00553322
7  1.69646  0.037648  0.00640686
7  1.75929  0.0293029  0.00431512
7  1.82212  0.0334152  0.00526499
7  1.88496  0.0311558  0.00425428
7  1.94779  0.0377055  0.0054551
7  2.01062  0.0387639  0.00656323
7  2.07345  0.0295866  0.0038161
7  2.13628  0.0365464  0.0061466
7  2.19911  0.0336594  0.00410335
7  2.26195  0.0356276  0.00566194
7  2.32478  0.0409104  0.00759705
7  2.38761  0.0617659  0.0166318
7  2.45044  0.0902406  0.0680376
7  2.51327  0.290924  0.158524
7  2.57611  0.240595  2.28594
7  2.63894  0  0
7  2.70177  0  0
7  2.7646  0  0
7  2.82743  0  0
7  2.89027  0  0
7  2.9531  0  0
7  3.01593  0  0
7  3.07876  0  0
8  0  0  0
8  0.0628319  0  0
8  0.125664  0  0
8  0.188496  0  0
8  0.251327  0  0
8  0.314159  0  0
8  0.376991  0  0
8  0.439823  0  0
8  0.502655  0.0671024  0.177183
8  0.565487  0.117527  0.181446
8  0.628319  0.0593101  0.0241352
8  0.69115  0.0465991  0.0108528
8  0.753982  0.0437105  0.00914746
8  0.816814  0.0307163  0.00329814
8  0.879646  0.0311553  0.00352713
8  0.942478  0.0302828  0.00404035
8  1.00531  0.0268737  0.0027776
8  1.06814  0.033685  0.00443527
8  1.13097  0.0313653  0.00445136
8  1.19381  0.0265179  0.0030919
8  1.25664  0.036158  0.00585823
8  1.31947  0.0293602  0.00363728
8  1.3823  0.0239514  0.00274823
8  1.44513  0.0271158  0.00347669
8  1.50796  0.030969  0.00388128
8  1.5708  0.0319219  0.00465716
8  1.63363  0.026721  0.00390133
8  1.69646  0.0282269  0.00360322
8  1.75929  0.0281257  0.00375071
8  1.82212  0.0234138  0.00249793
8  1.88496  0.0297685  0.00410235
8  1.94779  0.0273034  0.00326906
8  2.01062  0.0257961  0.00396873
8  2.07345  0.0253728  0.00259943
8  2.13628  0.0297361  0.00408514
8  2.19911  0.0368722  0.00498698
8  2.26195  0.0326555  0.00380377
8  2.32478  0.0409855  0.00620961
8  2.38761  0.0602234  0.0183461
8  2.45044  0.0802516  0.0408981
8  2.51327  0.108854  0.102542
8  2.57611  0.0242676  0.178072
8  2.63894  0.219027  2.06954
8  2.70177  0  0
8  2.7646  0  0
8  2.82743  0  0
8  2.89027  0  0
8  2.9531  0  0
8  3.01593  0  0
8  3.07876  0  0
9  0  0  0
9  0.0628319  0  0
9  0.125664  0  0
9  0.188496  0  0
9  0.251327  0  0
9  0.314159  0  0
9  0.376991  0  0
9  0.439823  0.250255  2.26518
9  0.502655  0.164755  0.188576
9  0.565487  0.0679253  0.0357405
9  0.628319  0.0616924  0.0209264
9  0.69115  0.0567095  0.0149304
9  0.753982  0.0414494  0.00722339
9  0.816814  0.0302402  0.00305472
9  0.879646  0.0291509  0.00292421
9  0.942478  0.0342027  0.00474205
9  1.00531  0.0297632  0.00360786
9  1.06814  0.0284487  0.00339944
9  1.13097  0.0268111  0.00323877
9  1.19381  0.0273832  0.00324007
9  1.25664  0.0279603  0.00408442
9  1.31947  0.0266987  0.0034672
9  1.3823  0.0280306  0.0039923
9  1.44513  0.0340088  0.00526114
9  1.50796  0.0286592  0.00382024
9  1.5708  0.0256472  0.00278635
9  1.63363  0.0256277  0.00377437
9  1.69646  0.0253807  0.00293447
9  1.75929  0.03097  0.00468787
9  1.82212  0.0293082  0.00444359
9  1.88496  0.0312584  0.00456163
9  1.94779  0.0268442  0.00359191
9  2.01062  0.0299475  0.00363452
9  2.07345  0.0244764  0.00248493
9  2.13628  0.0264964  0.00258617
9  2.19911  0.0256708  0.00270221
9  2.26195  0.030037  0.00356687
9  2.32478  0.0386433  0.00588063
9  2.38761  0.0546564  0.014289
9  2.45044  0.0710862  0.026943
9  2.51327  0.0813353  0.0621562
9  2.57611  0.299025  0.319317
9  2.63894  0.0682636  0.500908
9  2.70177  0  0
9  2.7646  0  0
9  2.82743  0  0
9  2.89027  0  0
9  2.9531  0  0
9  3.01593  0  0
9  3.07876  0  0
10  0  0  0
10  0.0628319  0  0
10  0.125664  0  0
10  0.188496  0  0
10  0.251327  0  0
10  0.314159  0  0
10  0.376991  0  0
10  0.439823  0.468087  0.234326
10  0.502655  0.147751  0.181854
10  0.565487  0.0725328  0.0343518
10  0.628319  0.0776944  0.0367265
10  0.69115  0.0557874  0.0133418
10  0.753982  0.0361528  0.00592181
10  0.816814  0.0301079  0.00372587
10  0.879646  0.0320312  0.00422212
10  0.942478  0.0304469  0.00362565
10  1.00531  0.0271411  0.00311659
10  1.06814  0.0295332  0.00377018
10  1.13097  0.0254087  0.00251493
10  1.19381  0.0231499  0.00249031
10  1.25664  0.0316029  0.00466481
10  1.31947  0.0207712  0.00188965
10  1.3823  0.0235455  0.00282392
10  1.44513  0.026295  0.00328657
10  1.50796  0.0243815  0.00254466
10  1.5708  0.0242462  0.00271017
10  1.63363  0.0264073  0.00327129
10  1.69646  0.0242227  0.00286245
10  1.75929  0.0236845  0.00267441
10  1.82212  0.0293816  0.00369402
10  1.88496  0.0237457  0.00239053
10  1.94779  0.0300904  0.00386031
10  2.01062  0.0246653  0.0031166
10  2.07345  0.0273191  0.00310333
10  2.13628  0.0334495  0.00467419
10  2.19911  0.0283395  0.00292478
10  2.26195  0.0304578  0.00365504
10  2.32478  0.0458426  0.0089984
10  2.38761  0.0456428  0.0122723
10  2.45044  0.0913569  0.0471032
10  2.51327  0.0851351  0.0562584
10  2.57611  0.115632  0.181927
10  2.63894  0.049059  0.359988
10  2.70177  0.258759  1.70226
10  2.7646  0  0
10  2.82743  0  0
10  2.89027  0  0
10  2.9531  0  0
10  3.01593  0  0
10  3.07876  0  0
11  0  0  0
11  0.0628319  0  0
11  0.125664  0  0
11  0.188496  0  0
11  0.251327  0  0
11  0.314159  0  0
11  0.376991  0.258759  1.70226
11  0.439823  0.116757  0.153924
11  0.502655  0.0872897  0.0673776
11  0.565487  0.0667729  0.0330783
11  0.628319  0.0599035  0.0173545
11  0.69115  0.0427662  0.010026
11  0.753982  0.0329738  0.00416498
11  0.816814  0.0285064  0.00313357
11  0.879646  0.0243339  0.00227393
11  0.942478  0.0266973  0.00330842
11  1.00531  0.0242124  0.00240808
11  1.06814  0.0220906  0.00204361
11  1.13097  0.0257217  0.00277644
11  1.19381  0.0261481  0.0034931
11  1.25664  0.0199058  0.00211619
11  1.31947  0.0256008  0.00298953
11  1.3823  0.024299  0.00334558
11  1.44513  0.0232959  0.00261898
11  1.50796  0.0254528  0.00310222
11  1.5708  0.0220362  0.00240632
11  1.63363  0.0259964  0.00288684
11  1.69646  0.0229067  0.00245142
11  1.75929  0.0306488  0.00488674
11  1.82212  0.0243396  0.00304281
11  1.88496  0.0279977  0.00341132
11  1.94779  0.0270447  0.00321839
11  2.01062  0.0241915  0.00253167
11  2.07345  0.0286106  0.00419416
11  2.13628  0.0225025  0.00211837
11  2.19911  0.0241691  0.00223494
11  2.26195  0.0301069  0.00304962
11  2.32478  0.0287513  0.00385177
11  2.38761  0.0406106  0.00762089
11  2.45044  0.0732521  0.0314041
11  2.51327  0.0985854  0.0575302
11  2.57611  0.111408  0.0972363
11  2.63894  0.149753  0.196483
11  2.70177  0  0
11  2.7646  0  0
11  2.82743  0  0
11  2.89027  0  0
11  2.9531  0  0
11  3.01593  0  0
11  3.07876  0  0
12  0  0  0
12  0.0628319  0  0
12  0.125664  0  0
12  0.188496  0  0
12  0.251327  0.258759  1.70226
12  0.314159  0  0
12  0.376991  0  0
12  0.439823  0.192232  0.191425
12  0.502655  0.0705438  0.0400974
12  0.565487  0.0856862  0.0438659
12  0.628319  0.0640048  0.024888
12  0.69115  0.0398466  0.00697732
12  0.753982  0.0311481  0.0040172
12  0.816814  0.0269902  0.00314086
12  0.879646  0.0271492  0.00266982
12  0.942478  0.02363  0.00208081
12  1.00531  0.0223147  0.00200175
12  1.06814  0.0269015  0.00323388
12  1.13097  0.0214282  0.00221735
12  1.19381  0.0260584  0.0036467
12  1.25664  0.024705  0.00268038
12  1.31947  0.0274327  0.0036237
12  1.3823  0.0220922  0.00250202
12  1.44513  0.0239471  0.00328962
12  1.50796  0.0227955  0.00292935
12  1.5708  0.023532  0.00329319
12  1.63363  0.0272714  0.00327835
12  1.69646  0.0243483  0.00276327
12  1.75929  0.0202186  0.00183806
12  1.82212  0.0200457  0.00221527
12  1.88496  0.0222761  0.00242435
12  1.94779  0.0219113  0.00254965
12  2.01062  0.0212126  0.00198653
12  2.07345  0.0228589  0.00191105
12  2.13628  0.0221828  0.00205356
12  2.19911  0.0235194  0.00229102
12  2.26195  0.0249361  0.00221204
12  2.32478  0.0383698  0.00676306
12  2.38761  0.0428029  0.0113276
12  2.45044  0.0501904  0.0129687
12  2.51327  0.0829038  0.0474708
12  2.57611  0.0831127  0.0497355
12  2.63894  0.11063  0.182586
12  2.70177  0.040155  0.294652
12  2.7646  0  0
12  2.82743  0  0
12  2.89027  0  0
12  2.9531  0  0
12  3.01593  0  0
12  3.07876  0  0
13  0  0  0
13  0.0628319  0  0
13  0.125664  0  0
13  0.188496  0  0
13  0.251327  0  0
13  0.314159  0  0
13  0.376991  0.210946  0.109133
13  0.439823  0.12843  0.177844
13  0.502655  0.0831242  0.066984
13  0.565487  0.0735634  0.0344663
13  0.628319  0.046066  0.0112545
13  0.69115  0.0396185  0.00789962
13  0.753982  0.0393253  0.00684698
13  0.816814  0.0286479  0.00325577
13  0.879646  0.0263546  0.00304431
13  0.942478  0.0267151  0.00317005
13  1.00531  0.0208539  0.00184495
13  1.06814  0.0236331  0.00250726
13  1.13097  0.0235374  0.00215954
13  1.19381  0.0222677  0.00220048
13  1.25664  0.0227002  0.00220441
13  1.31947  0.0252926  0.00329339
13  1.3823  0.022269  0.00241601
13  1.44513  0.0195408  0.00210033
13  1.50796  0.0237509  0.00272678
13  1.5708  0.019399  0.00188946
13  1.63363  0.0205553  0.0023417
13  1.69646  0.0250462  0.00312286
13  1.75929  0.024055  0.00286082
13  1.82212  0.0221501  0.00226784
13  1.88496  0.0265059  0.00307255
13  1.94779  0.0252824  0.00306444
13  2.01062  0.0236111  0.00226495
13  2.07345  0.0264538  0.00344476
13  2.13628  0.0216864  0.00182727
13  2.19911  0.0251521  0.00243523
13  2.26195  0.0271078  0.00266094
13  2.32478  0.0358809  0.00637308
13  2.38761  0.0404959  0.00672983
13  2.45044  0.0761359  0.0333884
13  2.51327  0.0679792  0.032191
13  2.57611  0.0923413  0.068882
13  2.63894  0.147678  0.135201
13  2.70177  0.231061  0.170121
13  2.7646  0  0
13  2.82743  0  0
13  2.89027  0  0
13  2.9531  0  0
13  3.01593  0  0
13  3.07876  0  0
14  0  0  0
14  0.0628319  0  0
14  0.125664  0  0
14  0.188496  0  0
14  0.251327  0  0
14  0.314159  0  0
14  0.376991  0.186714  0.140226
14  0.439823  0.0886957  0.152406
14  0.502655  0.120242  0.169547
14  0.565487  0.0726056  0.033725
14  0.628319  0.0540503  0.0177022
14  0.69115  0.0431459  0.0102871
14  0.753982  0.0261787  0.00315108
14  0.816814  0.0222346  0.00219648
14  0.879646  0.0205677  0.00145014
14  0.942478  0.0251437  0.00258278
14  1.00531  0.0258317  0.00303361
14  1.06814  0.0235163  0.00237779
14  1.13097  0.0212253  0.00206382
14  1.19381  0.022619  0.00223166
14  1.25664  0.0197755  0.00188326
14  1.31947  0.0202061  0.00174775
14  1.3823  0.0230203  0.00281361
14  1.44513  0.0231708  0.00251816
14  1.50796  0.0204337  0.00195559
14  1.5708  0.0252663  0.00296188
14  1.63363  0.0235287  0.00253067
14  1.69646  0.0217637  0.00236275
14  1.75929  0.0223182  0.0028806
14  1.82212  0.0209898  0.00202265
14  1.88496  0.0211104  0.00227512
14  1.94779  0.0234655  0.00277131
14  2.01062  0.0205148  0.00192067
14  2.07345  0.0209638  0.00186001
14  2.13628  0.0221534  0.00202122
14  2.19911  0.0255138  0.00228322
14  2.26195  0.0246336  0.0026211
14  2.32478  0.0333629  0.0049407
14  2.38761  0.0344527  0.00587308
14  2.45044  0.0499101  0.017521
14  2.51327  0.0676811  0.0286256
14  2.57611  0.118811  0.169434
14  2.63894  0.206124  0.142442
14  2.70177  0.177412  0.144437
14  2.7646  0.17777  1.34595
14  2.82743  0  0
14  2.89027  0  0
14  2.9531  0  0
14  3.01593  0  0
14  3.07876  0  0
15  0  0.260103  1.60293
15  0.0628319  0  0
15  0.125664  0  0
15  0.188496  0  0
15  0.251327  0  0
15  0.314159  0  0
15  0.376991  0.263018  0.134632
15  0.439823  0.136323  0.183098
15  0.502655  0.104623  0.0860735
15  0.565487  0.0546404  0.0213798
15  0.628319  0.0476685  0.0159421
15  0.69115  0.0397059  0.00883603
15  0.753982  0.0304069  0.00454525
15  0.816814  0.0228817  0.00198167
15  0.879646  0.022344  0.00197076
15  0.942478  0.0247494  0.00232557
15  1.00531  0.0214488  0.00181965
15  1.06814  0.0205116  0.00179036
15  1.13097  0.020623  0.00226319
15  1.19381  0.0232256  0.00268078
15  1.25664  0.0226546  0.00241109
15  1.31947  0.0214309  0.00222783
15  1.3823  0.0229579  0.00236438
15  1.44513  0.0217999  0.00250804
15  1.50796  0.0218919  0.00274652
15  1.5708  0.0239998  0.00271231
15  1.63363  0.0235914  0.00307958
15  1.69646  0.0216666  0.0021932
15  1.75929  0.0205172  0.00224753
15  1.82212  0.0199311  0.00166361
15  1.88496  0.0223188  0.00249262
15  1.94779  0.021487  0.00205116
15  2.01062  0.0208908  0.00177946
15  2.07345  0.0204497  0.00166283
15  2.13628  0.0206115  0.00177617
15  2.19911  0.0222445  0.00203088
15  2.26195  0.0231352  0.00204837
15  2.32478  0.0254933  0.00321155
15  2.38761  0.0336396  0.00576395
15  2.45044  0.0440194  0.0120798
15  2.51327  0.0753662  0.0392874
15  2.57611  0.124047  0.185269
15  2.63894  0.120359  0.177465
15  2.70177  0.207006  0.114967
15  2.7646  0  0
15  2.82743  0  0
15  2.89027  0  0
15  2.9531  0  0
15  3.01593  0  0
15  3.07876  0  0
16  0  0  0
16  0.0628319  0  0
16  0.125664  0  0
16  0.188496  0  0
16  0.251327  0  0
16  0.314159  0  0
16  0.376991  0.331171  0.178326
16  0.439823  0.0920099  0.152706
16  0.502655  0.0868384  0.0708403
16  0.565487  0.0658558  0.0345521
16  0.628319  0.0543727  0.0193302
16  0.69115  0.0334989  0.00584522
16  0.753982  0.0330932  0.00484683
16  0.816814  0.0208189  0.00208261
16  0.879646  0.020756  0.00175154
16  0.942478  0.0202372  0.00168147
16  1.00531  0.0199848  0.00199947
16  1.06814  0.0230057  0.00244584
16  1.13097  0.0250538  0.00278711
16  1.19381  0.022242  0.00260396
16  1.25664  0.0189693  0.00175933
16  1.31947  0.0207472  0.00203603
16  1.3823  0.0240374  0.00273041
16  1.44513  0.0201372  0.00229212
16  1.50796  0.0188746  0.00158106
16  1.5708  0.0180437  0.00155737
16  1.63363  0.0206481  0.00206556
16  1.69646  0.0238672  0.00348192
16  1.75929  0.0224917  0.0022669
16  1.82212  0.0188937  0.00164653
16  1.88496  0.0224864  0.00245768
16  1.94779  0.0211637  0.00220945
16  2.01062  0.0235947  0.00244456
16  2.07345  0.0222808  0.00192322
16  2.13628  0.0186369  0.00160629
16  2.19911  0.0233746  0.002039
16  2.26195  0.0250705  0.00251669
16  2.32478  0.0246232  0.00251226
16  2.38761  0.0306081  0.00541114
16  2.45044  0.0585164  0.0220101
16  2.51327  0.0708557  0.0361232
16  2.57611  0.0935394  0.0666229
16  2.63894  0.0813264  0.0818008
16  2.70177  0.188588  0.132779
16  2.7646  0  0
16  2.82743  0  0
16  2.89027  0  0
16  2.9531  0  0
16  3.01593  0  0
16  3.07876  0  0
17  0  0  0
17  0.0628319  0  0
17  0.125664  0  0
17  0.188496  0  0
17  0.251327  0  0
17  0.314159  0.0649464  0.476567
17  0.376991  0.163962  0.189781
17  0.439823  0.150032  0.198184
17  0.502655  0.120124  0.163153
17  0.565487  0.0650409  0.0274362
17  0.628319  0.0424603  0.0113757
17  0.69115  0.029173  0.00444465
17  0.753982  0.0306778  0.00454984
17  0.816814  0.0229779  0.00211873
17  0.879646  0.0220778  0.00218292
17  0.942478  0.0217924  0.00169642
17  1.00531  0.0211611  0.00191487
17  1.06814  0.0200227  0.00205587
17  1.13097  0.0181324  0.00156807
17  1.19381  0.0223534  0.0023647
17  1.25664  0.0211002  0.00192866
17  1.31947  0.0224008  0.002383
17  1.3823  0.0216609  0.00227074
17  1.44513  0.0213613  0.00198286
17  1.50796  0.0205984  0.00188488
17  1.5708  0.0242208  0.00267211
17  1.63363  0.0194667  0.0018726
17  1.69646  0.0202688  0.00206767
17  1.75929  0.019663  0.00186292
17  1.82212  0.0188488  0.0017488
17  1.88496  0.022398  0.00283434
17  1.94779  0.0218178  0.00229847
17  2.01062  0.0181768  0.0015368
17  2.07345  0.0199695  0.00175441
17  2.13628  0.0202797  0.00179323
17  2.19911  0.0229863  0.00195906
17  2.26195  0.0238414  0.00232915
17  2.32478  0.0242346  0.0026051
17  2.38761  0.0337645  0.00675576
17  2.45044  0.055357  0.0181918
17  2.51327  0.0534719  0.0197901
17  2.57611  0.0716583  0.0423178
17  2.63894  0.110832  0.168632
17  2.70177  0.246838  0.229311
17  2.7646  0.258759  1.70226
17  2.82743  0  0
17  2.89027  0  0
17  2.9531  0  0
17  3.01593  0  0
17  3.07876  0  0
18  0  0  0
18  0.0628319  0  0
18  0.125664  0  0
18  0.188496  0.258759  1.70226
18  0.251327  0  0
18  0.314159  0.286047  0.267611
18  0.376991  0.141481  0.17313
18  0.439823  0.116828  0.109787
18  0.502655  0.0753764  0.0523611
18  0.565487  0.0578665  0.0261834
18  0.628319  0.0632746  0.0260044
18  0.69115  0.0388196  0.00777348
18  0.753982  0.027876  0.003169
18  0.816814  0.0248181  0.00278479
18  0.879646  0.0190177  0.001472
18  0.942478  0.0209386  0.00192097
18  1.00531  0.0203946  0.00151723
18  1.06814  0.0214012  0.00186825
18  1.13097  0.0194611  0.00172615
18  1.19381  0.021254  0.00236831
18  1.25664  0.0217872  0.00229899
18  1.31947  0.0213665  0.00233265
18  1.3823  0.0198982  0.00222463
18  1.44513  0.0189363  0.00199935
18  1.50796  0.0182305  0.0016264
18  1.5708  0.0207913  0.00204299
18  1.63363  0.0199178  0.0021192
18  1.69646  0.0224022  0.00277358
18  1.75929  0.0215137  0.00217033
18  1.82212  0.0200422  0.00177348
18  1.88496  0.0236443  0.00254589
18  1.94779  0.0205582  0.00208899
18  2.01062  0.0184085  0.00175112
18  2.07345  0.0188188  0.00157724
18  2.13628  0.0193691  0.00147899
18  2.19911  0.0190742  0.00155195
18  2.26195  0.0225  0.00191719
18  2.32478  0.0243786  0.0026368
18  2.38761  0.0311282  0.00514034
18  2.45044  0.0451029  0.0131963
18  2.51327  0.0568419  0.0239184
18  2.57611  0.0784272  0.0589894
18  2.63894  0.0657632  0.053465
18  2.70177  0.10718  0.189926
18  2.7646  0.265359  0.143784
18  2.82743  0  0
18  2.89027  0  0
18  2.9531  0  0
18  3.01593  0  0
18  3.07876  0  0
19  0  0  0
19  0.0628319  0  0
19  0.125664  0  0
19  0.188496  0  0
19  0.251327  0  0
19  0.314159  0.196362  0.17251
19  0.376991  0.153218  0.148517
19  0.439823  0.121909  0.179825
19  0.502655  0.097121  0.0852212
19  0.565487  0.0482553  0.0206928
19  0.628319  0.0378988  0.0086285
19  0.69115  0.0339728  0.00637582
19  0.753982  0.0264179  0.00315457
19  0.816814  0.0236128  0.00231584
19  0.879646  0.0222547  0.00187758
19  0.942478  0.0212162  0.00185656
19  1.00531  0.0205023  0.00179397
19  1.06814  0.0182559  0.0014254
19  1.13097  0.0195423  0.00188744
19  1.19381  0.0209379  0.00211495
19  1.25664  0.021891  0.00246653
19  1.31947  0.0187774  0.00198757
19  1.3823  0.020828  0.00211281
19  1.44513  0.0211152  0.00230047
19  1.50796  0.0190874  0.00186633
19  1.5708  0.0211425  0.00208205
19  1.63363  0.0208989  0.00208304
19  1.69646  0.0201906  0.0019224
19  1.75929  0.0180583  0.00175479
19  1.82212  0.0241747  0.00290211
19  1.88496  0.0180398  0.00182611
19  1.94779  0.0171722  0.00128424
19  2.01062  0.019268  0.00159552
19  2.07345  0.022172  0.00213223
19  2.13628  0.0201085  0.00154605
19  2.19911  0.0209278  0.00176356
19  2.26195  0.0213672  0.00184625
19  2.32478  0.0250474  0.00265101
19  2.38761  0.0277779  0.00421787
19  2.45044  0.0571562  0.0200233
19  2.51327  0.0587383  0.0323148
19  2.57611  0.060962  0.0344343
19  2.63894  0.0818474  0.0817416
19  2.70177  0.126482  0.128589
19  2.7646  0.423755  0.389525
19  2.82743  0  0
19  2.89027  0  0
19  2.9531  0  0
19  3.01593  0  0
19  3.07876  0  0
20  0  0  0
20  0.0628319  0  0
20  0.125664  0  0
20  0.188496  0  0
20  0.251327  0.25876  1.70225
20  0.314159  0.186613  0.211122
20  0.376991  0.0797178  0.083479
20  0.439823  0.0798117  0.064109
20  0.502655  0.082651  0.0608034
20  0.565487  0.0484242  0.0192273
20  0.628319  0.0519511  0.0194753
20  0.69115  0.0264263  0.0044037
20  0.753982  0.0246431  0.00251945
20  0.816814  0.0229928  0.00197311
20  0.879646  0.0184467  0.00130147
20  0.942478  0.0191563  0.00144685
20  1.00531  0.0206387  0.00187818
20  1.06814  0.019951  0.00185601
20  1.13097  0.0205808  0.00198322
20  1.19381  0.0192447  0.00201777
20  1.25664  0.0202497  0.00200039
20  1.31947  0.0206594  0.00225217
20  1.3823  0.021323  0.00220394
20  1.44513  0.018246  0.00190817
20  1.50796  0.0225716  0.00259723
20  1.5708  0.018475  0.00195268
20  1.63363  0.0175517  0.00184284
20  1.69646  0.0182336  0.00161144
20  1.75929  0.0172313  0.00161118
20  1.82212  0.0212318  0.00180281
20  1.88496  0.0209504  0.00248432
20  1.94779  0.0195969  0.00168839
20  2.01062  0.020194  0.00187354
20  2.07345  0.0199671  0.00157429
20  2.13628  0.0229364  0.00221304
20  2.19911  0.0184259  0.00141028
20  2.26195  0.018548  0.00155489
20  2.32478  0.0197487  0.00164524
20  2.38761  0.02811  0.00428705
20  2.45044  0.0460889  0.0129557
20  2.51327  0.0412095  0.0115769
20  2.57611  0.113693  0.16241
20  2.63894  0.110997  0.160437
20  2.70177  0.0909703  0.13496
20  2.7646  0.123617  0.0949372
20  2.82743  0  0
20  2.89027  0  0
20  2.9531  0  0
20  3.01593  0  0
20  3.07876  0  0
21  0  0  0
21  0.0628319  0  0
21  0.125664  0  0
21  0.188496  0  0
21  0.251327  0  0
21  0.314159  0.188411  0.236176
21  0.376991  0.169855  0.150681
21  0.439823  0.103094  0.170474
21  0.502655  0.0786021  0.0596301
21  0.565487  0.0444436  0.0144257
21  0.628319  0.0366971  0.00776678
21  0.69115  0.0319731  0.00534552
21  0.753982  0.0251591  0.00298202
21  0.816814  0.0182853  0.00152376
21  0.879646  0.0170928  0.00120506
21  0.942478  0.0194812  0.00165254
21  1.00531  0.0172047  0.00130894
21  1.06814  0.0188017  0.00169433
21  1.13097  0.0210241  0.00230551
21  1.19381  0.0177256  0.00142956
21  1.25664  0.0207238  0.00194709
21  1.31947  0.0190256  0.00186335
21  1.3823  0.0195147  0.00182752
21  1.44513  0.0172806  0.00179882
21  1.50796  0.0171967  0.00152276
21  1.5708  0.018657  0.00160597
21  1.63363  0.0184517  0.0018522
21  1.69646  0.0199525  0.00209288
21  1.75929  0.0196622  0.00184326
21  1.82212  0.0218497  0.00247368
21  1.88496  0.0196148  0.00189147
21  1.94779  0.019174  0.00169565
21  2.01062  0.0193265  0.00181652
21  2.07345  0.0209426  0.0019142
21  2.13628  0.0205475  0.00171272
21  2.19911  0.0184164  0.00142631
21  2.26195  0.0173619  0.00134879
21  2.32478  0.0205505  0.00191214
21  2.38761  0.0301895  0.00481862
21  2.45044  0.0422735  0.0120811
21  2.51327  0.071585  0.0437497
21  2.57611  0.0619181  0.0328095
21  2.63894  0.0559412  0.0402707
21  2.70177  0.0892471  0.160414
21  2.7646  0.131586  0.183644
21  2.82743  0  0
21  2.89027  0  0
21  2.9531  0  0
21  3.01593  0  0
21  3.07876  0  0
22  0  0  0
22  0.0628319  0  0
22  0.125664  0  0
22  0.188496  0  0
22  0.251327  0  0
22  0.314159  0.252572  0.139666
22  0.376991  0.113556  0.16316
22  0.439823  0.124547  0.170023
22  0.502655  0.084475  0.0551174
22  0.565487  0.0427706  0.0145879
22  0.628319  0.0397944  0.0104356
22  0.69115  0.0269732  0.00394674
22  0.753982  0.02189  0.00244301
22  0.816814  0.019274  0.00169916
22  0.879646  0.019613  0.00161854
22  0.942478  0.0164861  0.00121727
22  1.00531  0.0201699  0.00192497
22  1.06814  0.0186453  0.00176862
22  1.13097  0.0191248  0.00196843
22  1.19381  0.0193643  0.00177887
22  1.25664  0.0187496  0.00157706
22  1.31947  0.0178705  0.00157063
22  1.3823  0.0217336  0.00235003
22  1.44513  0.0204169  0.00206903
22  1.50796  0.0178716  0.0016548
22  1.5708  0.0187947  0.00162843
22  1.63363  0.0193351  0.00173632
22  1.69646  0.0200756  0.00214329
22  1.75929  0.0188328  0.00188307
22  1.82212  0.0173555  0.00169029
22  1.88496  0.0195664  0.0017778
22  1.94779  0.0171954  0.00134363
22  2.01062  0.0183375  0.00150459
22  2.07345  0.0178032  0.00150664
22  2.13628  0.0181112  0.00145282
22  2.19911  0.0187105  0.00165546
22  2.26195  0.0209804  0.00211878
22  2.32478  0.0229064  0.00288558
22  2.38761  0.0331866  0.00644735
22  2.45044  0.0413413  0.00998147
22  2.51327  0.0685415  0.0375231
22  2.57611  0.0598404  0.0346504
22  2.63894  0.0966582  0.155164
22  2.70177  0.181131  0.150021
22  2.7646  0.24802  0.143101
22  2.82743  0  0
22  2.89027  0  0
22  2.9531  0  0
22  3.01593  0  0
22  3.07876  0  0
23  0  0  0
23  0.0628319  0  0
23  0.125664  0  0
23  0.188496  0  0
23  0.251327  0  0
23  0.314159  0.289962  0.197727
23  0.376991  0.171735  0.155121
23  0.439823  0.0758408  0.0657423
23  0.502655  0.0771012  0.0672058
23  0.565487  0.0507722  0.0228497
23  0.628319  0.0348618  0.00834802
23  0.69115  0.0310465  0.00477834
23  0.753982  0.0227671  0.00249141
23  0.816814  0.0210015  0.00203375
23  0.879646  0.0194877  0.00171562
23  0.942478  0.0192829  0.00169725
23  1.00531  0.0195573  0.00168055
23  1.06814  0.0194423  0.00183325
23  1.13097  0.0191856  0.00169849
23  1.19381  0.0186056  0.00180111
23  1.25664  0.0212766  0.00216671
23  1.31947  0.0200095  0.00207442
23  1.3823  0.0206105  0.00211597
23  1.44513  0.0174331  0.00166519
23  1.50796  0.0190768  0.00165548
23  1.5708  0.0199886  0.00203674
23  1.63363  0.0204008  0.00196568
23  1.69646  0.0179089  0.00143875
23  1.75929  0.0176446  0.00140608
23  1.82212  0.0200214  0.00230836
23  1.88496  0.0176244  0.00137949
23  1.94779  0.0195733  0.00198938
23  2.01062  0.0183043  0.00133769
23  2.07345  0.0195566  0.00173278
23  2.13628  0.0184892  0.00140164
23  2.19911  0.0169304  0.00118861
23  2.26195  0.0176906  0.00119123
23  2.32478  0.0239658  0.00275697
23  2.38761  0.0268292  0.00403396
23  2.45044  0.0374982  0.00841079
23  2.51327  0.0479814  0.0200274
23  2.57611  0.0687887  0.0457464
23  2.63894  0.105473  0.0976054
23  2.70177  0.18669  0.215736
23  2.7646  0.21571  0.19848
23  2.82743  0  0
23  2.89027  0  0
23  2.9531  0  0
23  3.01593  0  0
23  3.07876  0  0
24  0  0  0
24  0.0628319  0  0
24  0.125664  0  0
24  0.188496  0  0
24  0.251327  0  0
24  0.314159  0.204231  0.139292
24  0.376991  0.128466  0.125693
24  0.439823  0.0992765  0.0906399
24  0.502655  0.0699868  0.04816
24  0.565487  0.0480926  0.019464
24  0.628319  0.0313792  0.00620226
24  0.69115  0.0264354  0.00400719
24  0.753982  0.0249843  0.00304182
24  0.816814  0.0205697  0.00181422
24  0.879646  0.0172324  0.00113953
24  0.942478  0.0198951  0.00177118
24  1.00531  0.0184456  0.00154872
24  1.06814  0.0202147  0.0019835
24  1.13097  0.0189432  0.00155344
24  1.19381  0.0168068  0.00153828
24  1.25664  0.0176184  0.0014581
24  1.31947  0.0194675  0.00177169
24  1.3823  0.0195531  0.0022415
24  1.44513  0.0191499  0.0019439
24  1.50796  0.0188463  0.00172487
24  1.5708  0.021847  0.0022798
24  1.63363  0.018857  0.00175259
24  1.69646  0.0181293  0.00201671
24  1.75929  0.0184348  0.00194468
24  1.82212  0.0179723  0.0018236
24  1.88496  0.0204157  0.00233683
24  1.94779  0.0181332  0.00161377
24  2.01062  0.0156822  0.00110478
24  2.07345  0.0178908  0.00155868
24  2.13628  0.017053  0.00134089
24  2.19911  0.0170468  0.00114879
24  2.26195  0.020968  0.00152648
24  2.32478  0.0234431  0.00260233
24  2.38761  0.0315435  0.00502762
24  2.45044  0.0386125  0.00975201
24  2.51327  0.0552299  0.0301892
24  2.57611  0.0692354  0.0493291
24  2.63894  0.12699  0.172506
24  2.70177  0.138354  0.191076
24  2.7646  0.173642  0.189981
24  2.82743  0  0
24  2.89027  0  0
24  2.9531  0  0
24  3.01593  0  0
24  3.07876  0  0
25  0  0  0
25  0.0628319  0  0
25  0.125664  0  0
25  0.188496  0  0
25  0.251327  0.241979  2.33824
25  0.314159  0.156148  0.191401
25  0.376991  0.203064  0.13911
25  0.439823  0.109628  0.170065
25  0.502655  0.0891569  0.0740687
25  0.565487  0.0628397  0.0273198
25  0.628319  0.0352504  0.0075794
25  0.69115  0.022806  0.00293919
25  0.753982  0.022864  0.00235034
25  0.816814  0.0204521  0.00201039
25  0.879646  0.0164858  0.00116296
25  0.942478  0.017841  0.00132442
25  1.00531  0.0187822  0.00154349
25  1.06814  0.0175442  0.00150484
25  1.13097  0.0178735  0.00160222
25  1.19381  0.0185798  0.001787
25  1.25664  0.020114  0.00229735
25  1.31947  0.0196402  0.0019522
25  1.3823  0.0203603  0.00214643
25  1.44513  0.0187723  0.00166307
25  1.50796  0.0202511  0.00211006
25  1.5708  0.0181121  0.00178027
25  1.63363  0.0190316  0.00194457
25  1.69646  0.020563  0.00217884
25  1.75929  0.0172567  0.00160688
25  1.82212  0.0209856  0.00237326
25  1.88496  0.0213558  0.00214595
25  1.94779  0.0177069  0.00156701
25  2.01062  0.0182631  0.00153063
25  2.07345  0.0185031  0.00165155
25  2.13628  0.0189764  0.00133278
25  2.19911  0.0175516  0.00130866
25  2.26195  0.0225263  0.00190914
25  2.32478  0.0231234  0.00238567
25  2.38761  0.0369097  0.00801423
25  2.45044  0.0294613  0.00565538
25  2.51327  0.0479156  0.0186825
25  2.57611  0.0664728  0.0424661
25  2.63894  0.108064  0.168098
25  2.70177  0.1687  0.186618
25  2.7646  0.220763  0.198657
25  2.82743  0  0
25  2.89027  0  0
25  2.9531  0  0
25  3.01593  0  0
25  3.07876  0  0
26  0  0  0
26  0.0628319  0  0
26  0.125664  0  0
26  0.188496  0  0
26  0.251327  0  0
26  0.314159  0.190409  0.221756
26  0.376991  0.0909159  0.0910521
26  0.439823  0.108665  0.160951
26  0.502655  0.0566483  0.0376179
26  0.565487  0.0494782  0.0214061
26  0.628319  0.039608  0.0112676
26  0.69115  0.0280266  0.00579631
26  0.753982  0.020815  0.00208838
26  0.816814  0.0216827  0.00196653
26  0.879646  0.0163148  0.00132847
26  0.942478  0.0171267  0.00128374
26  1.00531  0.0178894  0.00140934
26  1.06814  0.0197241  0.00176907
26  1.13097  0.0186101  0.00165346
26  1.19381  0.0149883  0.00122599
26  1.25664  0.0186568  0.00171483
26  1.31947  0.0188073  0.00181621
26  1.3823  0.0187379  0.00176399
26  1.44513  0.0171548  0.00165006
26  1.50796  0.0201034  0.00202697
26  1.5708  0.0188404  0.00200397
26  1.63363  0.0196909  0.0019178
26  1.69646  0.0183738  0.00154404
26  1.75929  0.0179062  0.00164885
26  1.82212  0.0182663  0.00173695
26  1.88496  0.0176967  0.00170745
26  1.94779  0.0177794  0.00143419
26  2.01062  0.017224  0.0013331
26  2.07345  0.0180771  0.00131298
26  2.13628  0.0173244  0.00131317
26  2.19911  0.0191149  0.0013594
26  2.26195  0.0197828  0.00171442
26  2.32478  0.0212572  0.00231044
26  2.38761  0.0299046  0.00576522
26  2.45044  0.0372293  0.0109662
26  2.51327  0.0476324  0.016761
26  2.57611  0.0827423  0.0546693
26  2.63894  0.0558181  0.0419863
26  2.70177  0.182971  0.174926
26  2.7646  0.284536  0.17032
26  2.82743  0.0178079  0.130672
26  2.89027  0  0
26  2.9531  0  0
26  3.01593  0  0
26  3.07876  0  0
27  0  0  0
27  0.0628319  0  0
27  0.125664  0  0
27  0.188496  0  0
27  0.251327  0.251594  2.01348
27  0.314159  0.0689158  0.114715
27  0.376991  0.0906881  0.141852
27  0.439823  0.130046  0.124348
27  0.502655  0.0437202  0.0234971
27  0.565487  0.0411722  0.0152067
27  0.628319  0.0387061  0.0130989
27  0.69115  0.0267593  0.00391466
27  0.753982  0.0192292  0.00192045
27  0.816814  0.0187819  0.00150407
27  0.879646  0.0190622  0.0016145
27  0.942478  0.017141  0.00122983
27  1.00531  0.0167299  0.00138293
27  1.06814  0.0170167  0.00121153
27  1.13097  0.0178707  0.00146474
27  1.19381  0.0179082  0.00155541
27  1.25664  0.0195701  0.00176304
27  1.31947  0.0164428  0.0013825
27  1.3823  0.019152  0.00216015
27  1.44513  0.0189921  0.0019662
27  1.50796  0.0163197  0.00145444
27  1.5708  0.0178175  0.00146181
27  1.63363  0.0201052  0.00195146
27  1.69646  0.0170735  0.00161674
27  1.75929  0.0178565  0.00164802
27  1.82212  0.0179746  0.00186301
27  1.88496  0.0167601  0.00143129
27  1.94779  0.0195019  0.00192247
27  2.01062  0.0181429  0.0014723
27  2.07345  0.0180077  0.00137522
27  2.13628  0.0182021  0.00125223
27  2.19911  0.0170703  0.00126635
27  2.26195  0.018114  0.00152014
27  2.32478  0.0227246  0.00242946
27  2.38761  0.0298758  0.00508369
27  2.45044  0.035351  0.0081931
27  2.51327  0.0419349  0.0159749
27  2.57611  0.0781126  0.0608249
27  2.63894  0.116196  0.162507
27  2.70177  0.168022  0.15859
27  2.7646  0.1564  0.127381
27  2.82743  0.0316003  0.231878
27  2.89027  0  0
27  2.9531  0  0
27  3.01593  0  0
27  3.07876  0  0
28  0  0  0
28  0.0628319  0  0
28  0.125664  0  0
28  0.188496  0  0
28  0.251327  0  0
28  0.314159  0.237589  0.206921
28  0.376991  0.143112  0.114445
28  0.439823  0.14996  0.164838
28  0.502655  0.0559981  0.0275112
28  0.565487  0.0523142  0.0251002
28  0.628319  0.0318516  0.00686606
28  0.69115  0.0287065  0.00477099
28  0.753982  0.0239633  0.00262794
28  0.816814  0.0178046  0.00134473
28  0.879646  0.0182277  0.00143735
28  0.942478  0.0182364  0.0013236
28  1.00531  0.0181586  0.00141952
28  1.06814  0.0180308  0.00152433
28  1.13097  0.0175758  0.00140781
28  1.19381  0.0180076  0.00170034
28  1.25664  0.0194382  0.00210118
28  1.31947  0.0179849  0.00173273
28  1.3823  0.0180328  0.0016013
28  1.44513  0.0194965  0.0019754
28  1.50796  0.0188971  0.00198152
28  1.5708  0.019151  0.00218939
28  1.63363  0.0167369  0.00141961
28  1.69646  0.0216696  0.00277555
28  1.75929  0.0165639  0.0014179
28  1.82212  0.0165766  0.00139884
28  1.88496  0.0195129  0.00186145
28  1.94779  0.018469  0.00176516
28  2.01062  0.0185377  0.00168988
28  2.07345  0.0185406  0.00151719
28  2.13628  0.0166098  0.00127595
28  2.19911  0.0168265  0.00119041
28  2.26195  0.0174613  0.00137002
28  2.32478  0.0189629  0.00168815
28  2.38761  0.0238903  0.00343314
28  2.45044  0.0363658  0.0100548
28  2.51327  0.04456  0.0153429
28  2.57611  0.0494264  0.0327308
28  2.63894  0.0530506  0.0315944
28  2.70177  0.170633  0.162351
28  2.7646  0.19558  0.185068
28  2.82743  0.0354412  0.260062
28  2.89027  0  0
28  2.9531  0  0
28  3.01593  0  0
28  3.07876  0  0
29  0  0  0
29  0.0628319  0  0
29  0.125664  0  0
29  0.188496  0  0
29  0.251327  0.137523  1.31308
29  0.314159  0.153529  0.108691
29  0.376991  0.0833047  0.141835
29  0.439823  0.107428  0.158764
29  0.502655  0.0565967  0.0310989
29  0.565487  0.0399605  0.0149175
29  0.628319  0.0309449  0.00742057
29  0.69115  0.0281761  0.00469515
29  0.753982  0.0230965  0.00272215
29  0.816814  0.0179915  0.0014509
29  0.879646  0.018325  0.00136562
29  0.942478  0.0180814  0.00131699
29  1.00531  0.0155103  0.00138871
29  1.06814  0.0157776  0.00127243
29  1.13097  0.0181649  0.00147545
29  1.19381  0.0191827  0.00178149
29  1.25664  0.0172498  0.00162414
29  1.31947  0.0207959  0.00203489
29  1.3823  0.0166859  0.00152504
29  1.44513  0.0191683  0.00207702
29  1.50796  0.0198813  0.00195274
29  1.5708  0.0176425  0.00159975
29  1.63363  0.0180469  0.00179208
29  1.69646  0.0203992  0.00211744
29  1.75929  0.0187306  0.0019052
29  1.82212  0.0203756  0.00190817
29  1.88496  0.0191291  0.00180267
29  1.94779  0.0186566  0.00179342
29  2.01062  0.0174784  0.00142992
29  2.07345  0.0177801  0.00142371
29  2.13628  0.0180712  0.00132944
29  2.19911  0.0186876  0.00122042
29  2.26195  0.0175051  0.00128978
29  2.32478  0.0213562  0.00220469
29  2.38761  0.0228494  0.00254124
29  2.45044  0.0317424  0.00849154
29  2.51327  0.0546752  0.0270612
29  2.57611  0.0508076  0.0248338
29  2.63894  0.0563265  0.043045
29  2.70177  0.143599  0.142351
29  2.7646  0.244956  0.123154
29  2.82743  0.123734  0.0660648
29  2.89027  0  0
29  2.9531  0  0
29  3.01593  0  0
29  3.07876  0  0
30  0  0  0
30  0.0628319  0  0
30  0.125664  0  0
30  0.188496  0  0
30  0.251327  0.04232  0.0530107
30  0.314159  0.159044  0.152421
30  0.376991  0.121749  0.105227
30  0.439823  0.0792306  0.0634445
30  0.502655  0.0583347  0.0408995
30  0.565487  0.0367224  0.0102932
30  0.628319  0.0402756  0.0128285
30  0.69115  0.0220003  0.00268724
30  0.753982  0.0219043  0.00202236
30  0.816814  0.0210924  0.00175398
30  0.879646  0.018362  0.0014006
30  0.942478  0.0159443  0.00112469
30  1.00531  0.0173138  0.00135356
30  1.06814  0.016269  0.00126553
30  1.13097  0.0150759  0.00120711
30  1.19381  0.0164072  0.00142536
30  1.25664  0.0191693  0.00209072
30  1.31947  0.0184622  0.00157376
30  1.3823  0.0189572  0.00161891
30  1.44513  0.0172533  0.00137217
30  1.50796  0.0183669  0.00173779
30  1.5708  0.0168005  0.00152927
30  1.63363  0.0195393  0.00197392
30  1.69646  0.0181506  0.00161054
30  1.75929  0.0176552  0.00159979
30  1.82212  0.0195465  0.00200002
30  1.88496  0.0164717  0.00161206
30  1.94779  0.01915  0.00175484
30  2.01062  0.0174713  0.0013182
30  2.07345  0.0194787  0.00163177
30  2.13628  0.0159973  0.00118747
30  2.19911  0.0177067  0.0012099
30  2.26195  0.0165591  0.00126556
30  2.32478  0.0178269  0.00177391
30  2.38761  0.0279893  0.00399014
30  2.45044  0.0355786  0.00928364
30  2.51327  0.0589528  0.0304066
30  2.57611  0.0577204  0.0404424
30  2.63894  0.216648  0.153378
30  2.70177  0.118151  0.180134
30  2.7646  0.230222  0.189351
30  2.82743  0.425656  0.334872
30  2.89027  0  0
30  2.9531  0  0
30  3.01593  0  0
30  3.07876  0  0
31  0  0  0
31  0.0628319  0  0
31  0.125664  0  0
31  0.188496  0  0
31  0.251327  0.130088  0.0652693
31  0.314159  0.211886  0.112289
31  0.376991  0.0996545  0.154398
31  0.439823  0.0566978  0.0414398
31  0.502655  0.0528468  0.0324307
31  0.565487  0.0327856  0.00828628
31  0.628319  0.0298484  0.00600427
31  0.69115  0.0208063  0.00290703
31  0.753982  0.0211063  0.00206881
31  0.816814  0.0190303  0.00156178
31  0.879646  0.016042  0.00108355
31  0.942478  0.0174398  0.00122745
31  1.00531  0.0192477  0.0015294
31  1.06814  0.0169905  0.00160873
31  1.13097  0.0181579  0.00176371
31  1.19381  0.016468  0.00129369
31  1.25664  0.0176813  0.00166173
31  1.31947  0.0199289  0.00212799
31  1.3823  0.0155945  0.00137284
31  1.44513  0.0182216  0.00177003
31  1.50796  0.0188845  0.00204284
31  1.5708  0.0162951  0.00147762
31  1.63363  0.0159749  0.0015622
31  1.69646  0.0174521  0.00164814
31  1.75929  0.0164092  0.00129054
31  1.82212  0.0173257  0.00157988
31  1.88496  0.0182177  0.00177696
31  1.94779  0.0188523  0.00158006
31  2.01062  0.0167983  0.00149732
31  2.07345  0.0163304  0.00125543
31  2.13628  0.0174644  0.00138443
31  2.19911  0.0160346  0.00105662
31  2.26195  0.0170499  0.00128512
31  2.32478  0.0223676  0.00211701
31  2.38761  0.0298952  0.00526949
31  2.45044  0.0349373  0.0084651
31  2.51327  0.0571661  0.0292991
31  2.57611  0.048157  0.0246507
31  2.63894  0.0931027  0.142488
31  2.70177  0.0792004  0.129476
31  2.7646  0.167214  0.161865
31  2.82743  0.0116973  0.0858334
31  2.89027  0  0
31  2.9531  0  0
31  3.01593  0  0
31  3.07876  0  0
32  0  0  0
32  0.0628319  0  0
32  0.125664  0  0
32  0.188496  0  0
32  0.251327  0.331672  0.184536
32  0.314159  0.206162  0.204631
32  0.376991  0.129589  0.123725
32  0.439823  0.071612  0.0678724
32  0.502655  0.0744244  0.0505715
32  0.565487  0.0338752  0.00994003
32  0.628319  0.0296369  0.00600578
32  0.69115  0.0267593  0.0041048
32  0.753982  0.0199128  0.00174257
32  0.816814  0.0190023  0.00157353
32  0.879646  0.0157683  0.00113861
32  0.942478  0.0162951  0.00100189
32  1.00531  0.0161428  0.00103537
32  1.06814  0.0178036  0.00158114
32  1.13097  0.0180103  0.0014779
32  1.19381  0.0175186  0.00165122
32  1.25664  0.0152171  0.00134631
32  1.31947  0.0182982  0.00180747
32  1.3823  0.0148411  0.00127006
32  1.44513  0.0173099  0.00160107
32  1.50796  0.0182103  0.00158261
32  1.5708  0.0173196  0.001541
32  1.63363  0.0177507  0.00156252
32  1.69646  0.0204067  0.0022674
32  1.75929  0.0166919  0.0015332
32  1.82212  0.0177997  0.00165043
32  1.88496  0.0187093  0.00169709
32  1.94779  0.0187182  0.00171737
32  2.01062  0.0182771  0.00166432
32  2.07345  0.0169741  0.00126148
32  2.13628  0.0185107  0.00165887
32  2.19911  0.0172652  0.0013741
32  2.26195  0.017361  0.00121791
32  2.32478  0.0177881  0.00140171
32  2.38761  0.0312101  0.00700838
32  2.45044  0.0300668  0.00673111
32  2.51327  0.0327921  0.00965723
32  2.57611  0.0629125  0.0428233
32  2.63894  0.0599469  0.0452162
32  2.70177  0.138893  0.165704
32  2.7646  0.148939  0.117006
32  2.82743  0.303403  0.302912
32  2.89027  0  0
32  2.9531  0  0
32  3.01593  0  0
32  3.07876  0  0
33  0  0  0
33  0.0628319  0  0
33  0.125664  0  0
33  0.188496  0  0
33  0.251327  0.133066  0.132768
33  0.314159  0.166576  0.203559
33  0.376991  0.0869929  0.146767
33  0.439823  0.0550451  0.0433896
33  0.502655  0.0439137  0.0196167
33  0.565487  0.0608161  0.0540638
33  0.628319  0.0272225  0.00455625
33  0.69115  0.0218963  0.00250682
33  0.753982  0.0206811  0.00202797
33  0.816814  0.0203049  0.00177098
33  0.879646  0.0181817  0.00147288
33  0.942478  0.0158291  0.00111971
33  1.00531  0.0170624  0.00141338
33  1.06814  0.0172811  0.00126419
33  1.13097  0.01681  0.00130415
33  1.19381  0.0154784  0.00125628
33  1.25664  0.0170374  0.00156145
33  1.31947  0.0155595  0.00137723
33  1.3823  0.0143636  0.00128568
33  1.44513  0.0182047  0.00174777
33  1.50796  0.0185113  0.00168804
33  1.5708  0.0191554  0.00197426
33  1.63363  0.0158249  0.00139757
33  1.69646  0.0176109  0.00157738
33  1.75929  0.0189924  0.00178083
33  1.82212  0.0175866  0.00156768
33  1.88496  0.0177054  0.00186272
33  1.94779  0.0182116  0.00180731
33  2.01062  0.0176025  0.00142737
33  2.07345  0.016666  0.00123963
33  2.13628  0.0171724  0.00119567
33  2.19911  0.0173394  0.00127737
33  2.26195  0.0158356  0.00104119
33  2.32478  0.018646  0.00193267
33  2.38761  0.0240101  0.002802
33  2.45044  0.0386654  0.010104
33  2.51327  0.0369115  0.0129319
33  2.57611  0.0435413  0.0166188
33  2.63894  0.0974074  0.135497
33  2.70177  0.175971  0.12098
33  2.7646  0.247944  0.124131
33  2.82743  0.0891946  0.0892689
33  2.89027  0  0
33  2.9531  0  0
33  3.01593  0  0
33  3.07876  0  0
34  0  0  0
34  0.0628319  0  0
34  0.125664  0  0
34  0.188496  0  0
34  0.251327  0.0293065  0.0164175
34  0.314159  0.23969  0.234074
34  0.376991  0.0801047  0.141598
34  0.439823  0.130286  0.152432
34  0.502655  0.0423451  0.0167716
34  0.565487  0.0387759  0.0116704
34  0.628319  0.0326255  0.00835523
34  0.69115  0.0230155  0.00280656
34  0.753982  0.0206095  0.00206638
34  0.816814  0.019004  0.00141493
34  0.879646  0.0155311  0.000965047
34  0.942478  0.017978  0.00163939
34  1.00531  0.017922  0.00150702
34  1.06814  0.0155438  0.00105911
34  1.13097  0.0163895  0.00122585
34  1.19381  0.0187947  0.00160536
34  1.25664  0.0174493  0.00151658
34  1.31947  0.0172891  0.00161799
34  1.3823  0.0192297  0.00198943
34  1.44513  0.0189804  0.00191266
34  1.50796  0.0169684  0.0015142
34  1.5708  0.018147  0.00171877
34  1.63363  0.0209426  0.00241673
34  1.69646  0.0166525  0.0013561
34  1.75929  0.016056  0.00156934
34  1.82212  0.016884  0.00133471
34  1.88496  0.0185733  0.00172279
34  1.94779  0.017493  0.00168769
34  2.01062  0.0172689  0.00158849
34  2.07345  0.0171222  0.00139037
34  2.13628  0.0164288  0.00129426
34  2.19911  0.0166164  0.00120054
34  2.26195  0.0166169  0.00110308
34  2.32478  0.0213446  0.00220056
34  2.38761  0.0245079  0.00371498
34  2.45044  0.0358216  0.00928849
34  2.51327  0.0343258  0.00882313
34  2.57611  0.0640798  0.0471109
34  2.63894  0.0635108  0.0550999
34  2.70177  0.158039  0.135231
34  2.7646  0.283574  0.141998
34  2.82743  0.157331  0.0977097
34  2.89027  0  0
34  2.9531  0  0
34  3.01593  0  0
34  3.07876  0  0
35  0  0  0
35  0.0628319  0  0
35  0.125664  0  0
35  0.188496  0  0
35  0.251327  0.285927  0.152588
35  0.314159  0.255363  0.160696
35  0.376991  0.109102  0.166918
35  0.439823  0.050677  0.0303872
35  0.502655  0.0881184  0.0759479
35  0.565487  0.0381067  0.0130231
35  0.628319  0.0313761  0.00781502
35  0.69115  0.0248997  0.00354389
35  0.753982  0.0191559  0.00170542
35  0.816814  0.0164227  0.00117504
35  0.879646  0.018056  0.00133801
35  0.942478  0.0157197  0.00114447
35  1.00531  0.0163344  0.00132559
35  1.06814  0.017941  0.00144354
35  1.13097  0.0203215  0.00182264
35  1.19381  0.0168281  0.00120988
35  1.25664  0.0200633  0.00195027
35  1.31947  0.0183005  0.00179603
35  1.3823  0.0176411  0.00180069
35  1.44513  0.0190799  0.00197494
35  1.50796  0.0168375  0.00152185
35  1.5708  0.0167012  0.00163316
35  1.63363  0.0174837  0.00167246
35  1.69646  0.017247  0.00143375
35  1.75929  0.0176135  0.00176779
35  1.82212  0.0155117  0.00140199
35  1.88496  0.0209045  0.00226091
35  1.94779  0.0197646  0.00190333
35  2.01062  0.0163086  0.00124101
35  2.07345  0.0176962  0.00134648
35  2.13628  0.0164223  0.001247
35  2.19911  0.016646  0.00115395
35  2.26195  0.0168855  0.00123375
35  2.32478  0.0186013  0.00160647
35  2.38761  0.0225157  0.00291781
35  2.45044  0.027743  0.00583076
35  2.51327  0.0439498  0.0157515
35  2.57611  0.056817  0.0381813
35  2.63894  0.0697338  0.0648536
35  2.70177  0.07259  0.0650794
35  2.7646  0.198043  0.145784
35  2.82743  0.173013  0.172789
35  2.89027  0  0
35  2.9531  0  0
35  3.01593  0  0
35  3.07876  0  0
36  0  0  0
36  0.0628319  0  0
36  0.125664  0  0
36  0.188496  0  0
36  0.251327  0.177828  0.162645
36  0.314159  0.137712  0.0689619
36  0.376991  0.0800301  0.131981
36  0.439823  0.113677  0.109218
36  0.502655  0.0596262  0.0443994
36  0.565487  0.0270854  0.00725965
36  0.628319  0.0289591  0.00608905
36  0.69115  0.0221485  0.00289275
36  0.753982  0.0213181  0.00228008
36  0.816814  0.0166345  0.00112508
36  0.879646  0.014927  0.000980335
36  0.942478  0.0185738  0.00140034
36  1.00531  0.0166616  0.0012697
36  1.06814  0.0150533  0.00108003
36  1.13097  0.0185021  0.00162338
36  1.19381  0.0161412  0.00132071
36  1.25664  0.016766  0.00136827
36  1.31947  0.0180317  0.00158299
36  1.3823  0.0173266  0.00159698
36  1.44513  0.0172019  0.00147556
36  1.50796  0.0164772  0.00130624
36  1.5708  0.0161211  0.00143242
36  1.63363  0.0140171  0.00103763
36  1.69646  0.0179621  0.00155774
36  1.75929  0.0168703  0.00164818
36  1.82212  0.0191737  0.00203401
36  1.88496  0.0157815  0.00128071
36  1.94779  0.0170032  0.0013435
36  2.01062  0.0150659  0.00130439
36  2.07345  0.0174135  0.00137027
36  2.13628  0.0165203  0.00106426
36  2.19911  0.0138862  0.000808001
36  2.26195  0.0171208  0.00127936
36  2.32478  0.018167  0.00160356
36  2.38761  0.0237927  0.00309431
36  2.45044  0.0341863  0.00818897
36  2.51327  0.0388163  0.0114856
36  2.57611  0.0471576  0.024712
36  2.63894  0.0853819  0.0719544
36  2.70177  0.153002  0.140859
36  2.7646  0.142104  0.110188
36  2.82743  0.227488  0.192119
36  2.89027  0  0
36  2.9531  0  0
36  3.01593  0  0
36  3.07876  0  0
37  0  0  0
37  0.0628319  0  0
37  0.125664  0  0
37  0.188496  0  0
37  0.251327  0.258759  1.70226
37  0.314159  0.0845127  0.140352
37  0.376991  0.203654  0.175918
37  0.439823  0.0586026  0.0437388
37  0.502655  0.0301312  0.0084615
37  0.565487  0.045071  0.0206693
37  0.628319  0.0291118  0.00709034
37  0.69115  0.0205356  0.00254587
37  0.753982  0.0189957  0.00161818
37  0.816814  0.0154844  0.00114892
37  0.879646  0.0157477  0.00117827
37  0.942478  0.0150434  0.0010818
37  1.00531  0.0166645  0.00115315
37  1.06814  0.0157781  0.00112316
37  1.13097  0.0148952  0.00104254
37  1.19381  0.0170595  0.00138269
37  1.25664  0.0160068  0.00134761
37  1.31947  0.0217574  0.00266257
37  1.3823  0.0181836  0.00183355
37  1.44513  0.0179056  0.00180048
37  1.50796  0.0177657  0.00184107
37  1.5708  0.0176001  0.00158469
37  1.63363  0.0174815  0.00157561
37  1.69646  0.0193909  0.00203945
37  1.75929  0.0170474  0.00156078
37  1.82212  0.0161623  0.00125947
37  1.88496  0.0183685  0.0016537
37  1.94779  0.016639  0.00141771
37  2.01062  0.0163501  0.00131245
37  2.07345  0.0188986  0.00158022
37  2.13628  0.014688  0.000963899
37  2.19911  0.0183442  0.00147
37  2.26195  0.0168996  0.00122024
37  2.32478  0.0207542  0.00228061
37  2.38761  0.024062  0.00379986
37  2.45044  0.0280012  0.00605973
37  2.51327  0.0352505  0.00972021
37  2.57611  0.0379963  0.0127054
37  2.63894  0.109541  0.123676
37  2.70177  0.061445  0.0506582
37  2.7646  0.185678  0.152122
37  2.82743  0.203089  0.185407
37  2.89027  0  0
37  2.9531  0  0
37  3.01593  0  0
37  3.07876  0  0
38  0  0  0
38  0.0628319  0  0
38  0.125664  0  0
38  0.188496  0  0
38  0.251327  0.328386  0.32588
38  0.314159  0.137711  0.157474
38  0.376991  0.192724  0.120833
38  0.439823  0.0554964  0.0498119
38  0.502655  0.0594479  0.0360036
38  0.565487  0.0456096  0.0199232
38  0.628319  0.0309733  0.00575609
38  0.69115  0.0210395  0.00277913
38  0.753982  0.020237  0.00188445
38  0.816814  0.0166928  0.00135031
38  0.879646  0.0168  0.00111812
38  0.942478  0.0151303  0.00100967
38  1.00531  0.0156272  0.00116693
38  1.06814  0.015023  0.00108861
38  1.13097  0.0166647  0.00134006
38  1.19381  0.0167063  0.00143387
38  1.25664  0.0179088  0.00166689
38  1.31947  0.017985  0.00183142
38  1.3823  0.0179489  0.00185172
38  1.44513  0.0164697  0.00159809
38  1.50796  0.0184916  0.00183126
38  1.5708  0.016531  0.00144556
38  1.63363  0.017244  0.00159956
38  1.69646  0.0178813  0.00174845
38  1.75929  0.0181205  0.00183558
38  1.82212  0.0177381  0.00159843
38  1.88496  0.0184297  0.00186385
38  1.94779  0.0154824  0.0011109
38  2.01062  0.0176563  0.00182569
38  2.07345  0.017442  0.00148633
38  2.13628  0.0163844  0.00115139
38  2.19911  0.0169751  0.0012179
38  2.26195  0.0172684  0.0012919
38  2.32478  0.0200017  0.00175358
38  2.38761  0.0208473  0.00289441
38  2.45044  0.0364051  0.00891751
38  2.51327  0.039085  0.0113216
38  2.57611  0.0441371  0.0213813
38  2.63894  0.0707538  0.0684887
38  2.70177  0.0703034  0.123391
38  2.7646  0.133971  0.166484
38  2.82743  0.172833  0.164021
38  2.89027  0  0
38  2.9531  0  0
38  3.01593  0  0
38  3.07876  0  0
39  0  0  0
39  0.0628319  0  0
39  0.125664  0  0
39  0.188496  0  0
39  0.251327  0.286821  0.247187
39  0.314159  0.135998  0.140474
39  0.376991  0.0830175  0.13487
39  0.439823  0.0833806  0.0707266
39  0.502655  0.0567381  0.033701
39  0.565487  0.0388842  0.0166862
39  0.628319  0.0264556  0.00496565
39  0.69115  0.0221427  0.00296062
39  0.753982  0.0191308  0.00161817
39  0.816814  0.0183886  0.00140481
39  0.879646  0.0145664  0.0010253
39  0.942478  0.0185669  0.0014219
39  1.00531  0.0167282  0.00119179
39  1.06814  0.0152403  0.00108434
39  1.13097  0.0178098  0.00151073
39  1.19381  0.0168121  0.00136936
39  1.25664  0.0159494  0.00120497
39  1.31947  0.016971  0.00145346
39  1.3823  0.0180374  0.00174672
39  1.44513  0.0181003  0.00197245
39  1.50796  0.0162197  0.00149036
39  1.5708  0.018854  0.00183247
39  1.63363  0.0164767  0.00138829
39  1.69646  0.017622  0.0015534
39  1.75929  0.0173552  0.00159721
39  1.82212  0.0174551  0.00165409
39  1.88496  0.0172744  0.00152774
39  1.94779  0.0178204  0.00152136
39  2.01062  0.0156748  0.00116212
39  2.07345  0.0164298  0.00122623
39  2.13628  0.0164176  0.00123199
39  2.19911  0.0159589  0.00108376
39  2.26195  0.0150109  0.00109315
39  2.32478  0.019949  0.00179203
39  2.38761  0.0240976  0.00339467
39  2.45044  0.0337245  0.00886986
39  2.51327  0.0372436  0.010717
39  2.57611  0.0407466  0.0220041
39  2.63894  0.065376  0.052379
39  2.70177  0.139201  0.164976
39  2.7646  0.183887  0.0992409
39  2.82743  0.197614  0.108045
39  2.89027  0  0
39  2.9531  0  0
39  3.01593  0  0
39  3.07876  0  0
