2  0  0  0
2  0.0628319  0  0
2  0.125664  0  0
2  0.188496  0  0
2  0.251327  0  0
2  0.314159  0  0
2  0.376991  0  0
2  0.439823  0  0
2  0.502655  0  0
2  0.565487  0  0
2  0.628319  0  0
2  0.69115  0  0
2  0.753982  0  0
2  0.816814  0  0
2  0.879646  0  0
2  0.942478  0  0
2  1.00531  0  0
2  1.06814  0  0
2  1.13097  0  0
2  1.19381  0  0
2  1.25664  0  0
2  1.31947  0  0
2  1.3823  0  0
2  1.44513  0  0
2  1.50796  0  0
2  1.5708  0  0
2  1.63363  0  0
2  1.69646  0  0
2  1.75929  0  0
2  1.82212  0  0
2  1.88496  0  0
2  1.94779  0  0
2  2.01062  0  0
2  2.07345  0  0
2  2.13628  0  0
2  2.19911  0  0
2  2.26195  0  0
2  2.32478  0  0
2  2.38761  0  0
2  2.45044  0  0
2  2.51327  0  0
2  2.57611  0  0
2  2.63894  0  0
2  2.70177  0  0
2  2.7646  0  0
2  2.82743  0  0
2  2.89027  0  0
2  2.9531  0  0
2  3.01593  0  0
2  3.07876  0  0
2.5  0  0  0
2.5  0.0628319  0  0
2.5  0.125664  0  0
2.5  0.188496  0  0
2.5  0.251327  0  0
2.5  0.314159  0  0
2.5  0.376991  0  0
2.5  0.439823  0  0
2.5  0.502655  0  0
2.5  0.565487  0  0
2.5  0.628319  0  0
2.5  0.69115  0  0
2.5  0.753982  0  0
2.5  0.816814  0  0
2.5  0.879646  0  0
2.5  0.942478  0  0
2.5  1.00531  0  0
2.5  1.06814  0  0
2.5  1.13097  0  0
2.5  1.19381  0  0
2.5  1.25664  0.219027  2.06954
2.5  1.31947  0.212573  0.1358
2.5  1.3823  0.128673  0.121798
2.5  1.44513  0.103804  0.125358
2.5  1.50796  0.121804  0.115181
2.5  1.5708  0.133226  0.13887
2.5  1.63363  0.0928309  0.153238
2.5  1.69646  0.229428  0.228356
2.5  1.75929  0.187555  0.127377
2.5  1.82212  0.116015  0.0596736
2.5  1.88496  0  0
2.5  1.94779  0  0
2.5  2.01062  0  0
2.5  2.07345  0  0
2.5  2.13628  0  0
2.5  2.19911  0  0
2.5  2.26195  0  0
2.5  2.32478  0  0
2.5  2.38761  0  0
2.5  2.45044  0  0
2.5  2.51327  0  0
2.5  2.57611  0  0
2.5  2.63894  0  0
2.5  2.70177  0  0
2.5  2.7646  0  0
2.5  2.82743  0  0
2.5  2.89027  0  0
2.5  2.9531  0  0
2.5  3.01593  0  0
2.5  3.07876  0  0
3  0  0  0
3  0.0628319  0  0
3  0.125664  0  0
3  0.188496  0  0
3  0.251327  0  0
3  0.314159  0  0
3  0.376991  0  0
3  0.439823  0  0
3  0.502655  0  0
3  0.565487  0  0
3  0.628319  0  0
3  0.69115  0  0
3  0.753982  0  0
3  0.816814  0  0
3  0.879646  0  0
3  0.942478  0.129159  0.129068
3  1.00531  0.069695  0.0463979
3  1.06814  0.070715  0.0458816
3  1.13097  0.0690509  0.0360349
3  1.19381  0.0473168  0.0127564
3  1.25664  0.0456757  0.0108429
3  1.31947  0.0506842  0.013659
3  1.3823  0.0464207  0.0116963
3  1.44513  0.0442377  0.0104809
3  1.50796  0.0416979  0.0100169
3  1.5708  0.0528066  0.0145241
3  1.63363  0.0492458  0.0164707
3  1.69646  0.0468563  0.0127138
3  1.75929  0.0442293  0.0102333
3  1.82212  0.0443224  0.00990751
3  1.88496  0.0417575  0.00959181
3  1.94779  0.0519379  0.0157641
3  2.01062  0.0750138  0.0528553
3  2.07345  0.0611008  0.0391772
3  2.13628  0.112498  0.0893486
3  2.19911  0.070793  0.0623014
3  2.26195  0  0
3  2.32478  0  0
3  2.38761  0  0
3  2.45044  0  0
3  2.51327  0  0
3  2.57611  0  0
3  2.63894  0  0
3  2.70177  0  0
3  2.7646  0  0
3  2.82743  0  0
3  2.89027  0  0
3  2.9531  0  0
3  3.01593  0  0
3  3.07876  0  0
3.5  0  0  0
3.5  0.0628319  0  0
3.5  0.125664  0  0
3.5  0.188496  0  0
3.5  0.251327  0  0
3.5  0.314159  0  0
3.5  0.376991  0  0
3.5  0.439823  0  0
3.5  0.502655  0  0
3.5  0.565487  0  0
3.5  0.628319  0  0
3.5  0.69115  0  0
3.5  0.753982  0.234409  0.125743
3.5  0.816814  0.0898561  0.0716391
3.5  0.879646  0.0442566  0.0118613
3.5  0.942478  0.044654  0.00902801
3.5  1.00531  0.0480403  0.011675
3.5  1.06814  0.0452095  0.00906201
3.5  1.13097  0.0385094  0.00740958
3.5  1.19381  0.0436031  0.0111799
3.5  1.25664  0.0486595  0.0134048
3.5  1.31947  0.035933  0.00679492
3.5  1.3823  0.0418881  0.0103669
3.5  1.44513  0.0395253  0.00844567
3.5  1.50796  0.0400718  0.00989582
3.5  1.5708  0.0311967  0.00516632
3.5  1.63363  0.0336324  0.00584303
3.5  1.69646  0.0409746  0.00904394
3.5  1.75929  0.0406174  0.0101718
3.5  1.82212  0.0389674  0.00894805
3.5  1.88496  0.0418319  0.0112345
3.5  1.94779  0.0410432  0.00938105
3.5  2.01062  0.0410319  0.00828463
3.5  2.07345  0.0471872  0.0101102
3.5  2.13628  0.048369  0.0114493
3.5  2.19911  0.0546877  0.0152344
3.5  2.26195  0.0793163  0.0636769
3.5  2.32478  0.227366  0.212716
3.5  2.38761  0  0
3.5  2.45044  0  0
3.5  2.51327  0  0
3.5  2.57611  0  0
3.5  2.63894  0  0
3.5  2.70177  0  0
3.5  2.7646  0  0
3.5  2.82743  0  0
3.5  2.89027  0  0
3.5  2.9531  0  0
3.5  3.01593  0  0
3.5  3.07876  0  0
4  0  0  0
4  0.0628319  0  0
4  0.125664  0  0
4  0.188496  0  0
4  0.251327  0  0
4  0.314159  0  0
4  0.376991  0  0
4  0.439823  0  0
4  0.502655  0  0
4  0.565487  0  0
4  0.628319  0  0
4  0.69115  0.121027  0.148173
4  0.753982  0.061635  0.0223741
4  0.816814  0.0406326  0.00700068
4  0.879646  0.0456222  0.00921758
4  0.942478  0.0378083  0.00691229
4  1.00531  0.0358288  0.00691067
4  1.06814  0.0344563  0.00662453
4  1.13097  0.0354612  0.00698106
4  1.19381  0.0389587  0.00827596
4  1.25664  0.0305504  0.00564389
4  1.31947  0.0389296  0.0086409
4  1.3823  0.0345556  0.00749078
4  1.44513  0.0355149  0.00780817
4  1.50796  0.033047  0.00598166
4  1.5708  0.0290482  0.00487745
4  1.63363  0.0358397  0.00724315
4  1.69646  0.0451415  0.0156018
4  1.75929  0.0359327  0.00741377
4  1.82212  0.0432753  0.0107158
4  1.88496  0.0393978  0.0101595
4  1.94779  0.0362141  0.00708672
4  2.01062  0.0360797  0.00772266
4  2.07345  0.0378947  0.00840728
4  2.13628  0.0380914  0.00732063
4  2.19911  0.0392881  0.00714427
4  2.26195  0.042063  0.00864742
4  2.32478  0.056382  0.0177722
4  2.38761  0.107631  0.124478
4  2.45044  0  0
4  2.51327  0  0
4  2.57611  0.258759  1.70226
4  2.63894  0  0
4  2.70177  0  0
4  2.7646  0  0
4  2.82743  0  0
4  2.89027  0  0
4  2.9531  0  0
4  3.01593  0  0
4  3.07876  0  0
4.5  0  0  0
4.5  0.0628319  0  0
4.5  0.125664  0  0
4.5  0.188496  0  0
4.5  0.251327  0  0
4.5  0.314159  0  0
4.5  0.376991  0  0
4.5  0.439823  0  0
4.5  0.502655  0  0
4.5  0.565487  0.00820559  0.0602115
4.5  0.628319  0.0839911  0.14898
4.5  0.69115  0.0766486  0.0444827
4.5  0.753982  0.0492591  0.0132796
4.5  0.816814  0.0430186  0.00865322
4.5  0.879646  0.0370128  0.00638153
4.5  0.942478  0.0420389  0.00949277
4.5  1.00531  0.0321392  0.00501368
4.5  1.06814  0.0295924  0.00457523
4.5  1.13097  0.036228  0.0100574
4.5  1.19381  0.0309934  0.00546344
4.5  1.25664  0.0358673  0.0070885
4.5  1.31947  0.0333219  0.00635173
4.5  1.3823  0.0324666  0.00731851
4.5  1.44513  0.0350177  0.00761113
4.5  1.50796  0.0288138  0.00531808
4.5  1.5708  0.0340809  0.00659395
4.5  1.63363  0.0333904  0.00700669
4.5  1.69646  0.0276364  0.00435672
4.5  1.75929  0.0391848  0.0116172
4.5  1.82212  0.0371662  0.00797409
4.5  1.88496  0.0295637  0.00539267
4.5  1.94779  0.0312517  0.00552267
4.5  2.01062  0.0368411  0.00714525
4.5  2.07345  0.0397056  0.00821286
4.5  2.13628  0.0403826  0.00903146
4.5  2.19911  0.0353796  0.00505411
4.5  2.26195  0.0389284  0.00759966
4.5  2.32478  0.0556969  0.0184287
4.5  2.38761  0.0500952  0.0158515
4.5  2.45044  0.0841997  0.139996
4.5  2.51327  0.032997  0.242127
4.5  2.57611  0  0
4.5  2.63894  0  0
4.5  2.70177  0  0
4.5  2.7646  0  0
4.5  2.82743  0  0
4.5  2.89027  0  0
4.5  2.9531  0  0
4.5  3.01593  0  0
4.5  3.07876  0  0
5  0  0  0
5  0.0628319  0  0
5  0.125664  0  0
5  0.188496  0  0
5  0.251327  0  0
5  0.314159  0  0
5  0.376991  0  0
5  0.439823  0  0
5  0.502655  0  0
5  0.565487  0.149093  0.188226
5  0.628319  0.0779672  0.045684
5  0.69115  0.0573092  0.0218968
5  0.753982  0.0482686  0.0140122
5  0.816814  0.0431698  0.00933902
5  0.879646  0.038205  0.00651262
5  0.942478  0.0349997  0.0059717
5  1.00531  0.0292612  0.0042909
5  1.06814  0.0302517  0.00502931
5  1.13097  0.0306356  0.00523512
5  1.19381  0.031035  0.00562216
5  1.25664  0.0339379  0.00652892
5  1.31947  0.0355995  0.00881363
5  1.3823  0.0302425  0.00668645
5  1.44513  0.0344203  0.00649974
5  1.50796  0.0366133  0.00875733
5  1.5708  0.0381628  0.0101464
5  1.63363  0.0234843  0.00332287
5  1.69646  0.0301835  0.00498653
5  1.75929  0.028421  0.00390845
5  1.82212  0.030709  0.00548466
5  1.88496  0.0298004  0.00440538
5  1.94779  0.0364795  0.00919636
5  2.01062  0.0369505  0.00745284
5  2.07345  0.0354142  0.00598307
5  2.13628  0.0321828  0.00520269
5  2.19911  0.0353333  0.00686956
5  2.26195  0.0399488  0.0079916
5  2.32478  0.0534174  0.0167281
5  2.38761  0.0508993  0.0165595
5  2.45044  0.0791603  0.0485026
5  2.51327  0.169696  0.155412
5  2.57611  0  0
5  2.63894  0  0
5  2.70177  0  0
5  2.7646  0  0
5  2.82743  0  0
5  2.89027  0  0
5  2.9531  0  0
5  3.01593  0  0
5  3.07876  0  0
5.5  0  0  0
5.5  0.0628319  0  0
5.5  0.125664  0  0
5.5  0.188496  0  0
5.5  0.251327  0  0
5.5  0.314159  0  0
5.5  0.376991  0  0
5.5  0.439823  0  0
5.5  0.502655  0.236316  0.206253
5.5  0.565487  0.074024  0.0574133
5.5  0.628319  0.0864206  0.0583103
5.5  0.69115  0.0555355  0.0210875
5.5  0.753982  0.0367054  0.0067717
5.5  0.816814  0.0327875  0.0052433
5.5  0.879646  0.0349576  0.00765485
5.5  0.942478  0.0364254  0.00778841
5.5  1.00531  0.0387242  0.00918959
5.5  1.06814  0.0326125  0.00554933
5.5  1.13097  0.0327207  0.00633417
5.5  1.19381  0.0337608  0.00806869
5.5  1.25664  0.0332338  0.00646196
5.5  1.31947  0.0357349  0.0079967
5.5  1.3823  0.0327006  0.00677104
5.5  1.44513  0.0403173  0.0111463
5.5  1.50796  0.0278312  0.00441083
5.5  1.5708  0.0347965  0.00667947
5.5  1.63363  0.0310957  0.00596388
5.5  1.69646  0.038765  0.0116934
5.5  1.75929  0.0325369  0.00691124
5.5  1.82212  0.0452595  0.0126507
5.5  1.88496  0.033001  0.00674719
5.5  1.94779  0.0312261  0.00567282
5.5  2.01062  0.0280137  0.00466233
5.5  2.07345  0.0327377  0.00593335
5.5  2.13628  0.0285036  0.00422981
5.5  2.19911  0.0341692  0.00673162
5.5  2.26195  0.0408997  0.0076233
5.5  2.32478  0.0451506  0.0107252
5.5  2.38761  0.0587809  0.028942
5.5  2.45044  0.0738859  0.0433325
5.5  2.51327  0.0779966  0.0665301
5.5  2.57611  0.0994167  0.16021
5.5  2.63894  0  0
5.5  2.70177  0  0
5.5  2.7646  0  0
5.5  2.82743  0  0
5.5  2.89027  0  0
5.5  2.9531  0  0
5.5  3.01593  0  0
5.5  3.07876  0  0
6  0  0  0
6  0.0628319  0  0
6  0.125664  0  0
6  0.188496  0  0
6  0.251327  0  0
6  0.314159  0  0
6  0.376991  0  0
6  0.439823  0.215291  0.215254
6  0.502655  0.202612  0.128251
6  0.565487  0.101894  0.0947594
6  0.628319  0.0823053  0.0499634
6  0.69115  0.0440392  0.0118161
6  0.753982  0.0396548  0.00840094
6  0.816814  0.0341156  0.00607679
6  0.879646  0.0307219  0.00545905
6  0.942478  0.0355821  0.00643282
6  1.00531  0.0346012  0.00814248
6  1.06814  0.0283934  0.00630439
6  1.13097  0.0303907  0.00570819
6  1.19381  0.0356836  0.00783685
6  1.25664  0.0349909  0.00734488
6  1.31947  0.0322864  0.00587304
6  1.3823  0.0371432  0.00863092
6  1.44513  0.0432547  0.0134779
6  1.50796  0.0454342  0.0138105
6  1.5708  0.0304463  0.0045909
6  1.63363  0.0377885  0.00937828
6  1.69646  0.0497288  0.0127635
6  1.75929  0.0303907  0.00514377
6  1.82212  0.0366622  0.00825597
6  1.88496  0.0286269  0.00562721
6  1.94779  0.0378235  0.00884552
6  2.01062  0.024958  0.00418341
6  2.07345  0.0328379  0.00638926
6  2.13628  0.0355613  0.00730358
6  2.19911  0.0309407  0.00469932
6  2.26195  0.0302021  0.00439919
6  2.32478  0.0338288  0.00620228
6  2.38761  0.0496769  0.0172803
6  2.45044  0.0562354  0.0242929
6  2.51327  0.0844664  0.072223
6  2.57611  0.100092  0.14522
6  2.63894  0  0
6  2.70177  0  0
6  2.7646  0  0
6  2.82743  0  0
6  2.89027  0  0
6  2.9531  0  0
6  3.01593  0  0
6  3.07876  0  0
6.5  0  0  0
6.5  0.0628319  0  0
6.5  0.125664  0  0
6.5  0.188496  0  0
6.5  0.251327  0  0
6.5  0.314159  0  0
6.5  0.376991  0.258759  1.70226
6.5  0.439823  0.139632  0.0709624
6.5  0.502655  0.104809  0.15671
6.5  0.565487  0.106274  0.166491
6.5  0.628319  0.0563023  0.0265365
6.5  0.69115  0.0510001  0.0166151
6.5  0.753982  0.0373931  0.00736382
6.5  0.816814  0.0351898  0.00560797
6.5  0.879646  0.0335767  0.00517922
6.5  0.942478  0.0369127  0.00934136
6.5  1.00531  0.0273591  0.00403238
6.5  1.06814  0.0305696  0.00635604
6.5  1.13097  0.0316259  0.00488873
6.5  1.19381  0.0343956  0.0067235
6.5  1.25664  0.0287925  0.00504433
6.5  1.31947  0.0358096  0.00575314
6.5  1.3823  0.0322793  0.00508715
6.5  1.44513  0.0319276  0.00518662
6.5  1.50796  0.0400532  0.0135012
6.5  1.5708  0.0377108  0.00801161
6.5  1.63363  0.0348979  0.00701245
6.5  1.69646  0.041902  0.0128841
6.5  1.75929  0.0504179  0.0147758
6.5  1.82212  0.0301473  0.00581742
6.5  1.88496  0.0430521  0.0107381
6.5  1.94779  0.0397  0.0122399
6.5  2.01062  0.0300395  0.00475318
6.5  2.07345  0.0263389  0.00369259
6.5  2.13628  0.0301808  0.00487567
6.5  2.19911  0.0402462  0.00830732
6.5  2.26195  0.0335659  0.0053301
6.5  2.32478  0.040555  0.00951667
6.5  2.38761  0.0536465  0.0230474
6.5  2.45044  0.0630911  0.0344669
6.5  2.51327  0.10269  0.139421
6.5  2.57611  0.0834261  0.150793
6.5  2.63894  0.19166  0.186644
6.5  2.70177  0  0
6.5  2.7646  0  0
6.5  2.82743  0  0
6.5  2.89027  0  0
6.5  2.9531  0  0
6.5  3.01593  0  0
6.5  3.07876  0  0
7  0  0  0
7  0.0628319  0  0
7  0.125664  0  0
7  0.188496  0  0
7  0.251327  0  0
7  0.314159  0  0
7  0.376991  0.258759  1.70226
7  0.439823  0.148583  0.14873
7  0.502655  0.118142  0.105751
7  0.565487  0.0660286  0.0472892
7  0.628319  0.0761482  0.055253
7  0.69115  0.0551938  0.0193889
7  0.753982  0.0330457  0.00608929
7  0.816814  0.0462655  0.00990228
7  0.879646  0.0376765  0.00764146
7  0.942478  0.0303048  0.00515613
7  1.00531  0.0416108  0.010089
7  1.06814  0.0285035  0.00434259
7  1.13097  0.0357585  0.00866454
7  1.19381  0.0367598  0.00777465
7  1.25664  0.0336194  0.00711105
7  1.31947  0.036124  0.0146774
7  1.3823  0.0324158  0.00614243
7  1.44513  0.0289611  0.0045657
7  1.50796  0.0418063  0.00956957
7  1.5708  0.0347306  0.00899263
7  1.63363  0.0304157  0.00663933
7  1.69646  0.044571  0.011949
7  1.75929  0.0349115  0.00880089
7  1.82212  0.0345713  0.00828251
7  1.88496  0.0468175  0.0125866
7  1.94779  0.0295677  0.00533173
7  2.01062  0.0307107  0.00551025
7  2.07345  0.0295122  0.0066493
7  2.13628  0.0333694  0.00518487
7  2.19911  0.0409082  0.0094265
7  2.26195  0.0265702  0.00404622
7  2.32478  0.0388526  0.00874826
7  2.38761  0.0438102  0.0126991
7  2.45044  0.0625535  0.0321191
7  2.51327  0.0619968  0.045285
7  2.57611  0.0808722  0.0841399
7  2.63894  0.246033  0.227238
7  2.70177  0.25932  1.66016
7  2.7646  0  0
7  2.82743  0  0
7  2.89027  0  0
7  2.9531  0  0
7  3.01593  0  0
7  3.07876  0  0
7.5  0  0  0
7.5  0.0628319  0  0
7.5  0.125664  0  0
7.5  0.188496  0  0
7.5  0.251327  0  0
7.5  0.314159  0  0
7.5  0.376991  0.0260135  0.190883
7.5  0.439823  0.102102  0.158439
7.5  0.502655  0.0955327  0.15289
7.5  0.565487  0.067865  0.0436181
7.5  0.628319  0.0528002  0.0222326
7.5  0.69115  0.049054  0.015232
7.5  0.753982  0.0472439  0.012108
7.5  0.816814  0.0317648  0.00523026
7.5  0.879646  0.0287299  0.00448556
7.5  0.942478  0.0294463  0.00369189
7.5  1.00531  0.0307283  0.00628668
7.5  1.06814  0.0410976  0.00984367
7.5  1.13097  0.0275802  0.00490532
7.5  1.19381  0.0329621  0.00629176
7.5  1.25664  0.0363935  0.00813994
7.5  1.31947  0.0352503  0.00848927
7.5  1.3823  0.03015  0.00548414
7.5  1.44513  0.0272483  0.00419119
7.5  1.50796  0.0311547  0.00874114
7.5  1.5708  0.0251302  0.00411544
7.5  1.63363  0.0331452  0.00852336
7.5  1.69646  0.0370708  0.00714559
7.5  1.75929  0.03063  0.00537351
7.5  1.82212  0.0246059  0.00405108
7.5  1.88496  0.0307271  0.00623978
7.5  1.94779  0.0339545  0.00628966
7.5  2.01062  0.0329755  0.00627466
7.5  2.07345  0.0333229  0.00533798
7.5  2.13628  0.0320467  0.00522942
7.5  2.19911  0.0270646  0.00397795
7.5  2.26195  0.0450615  0.0101231
7.5  2.32478  0.0409509  0.0100789
7.5  2.38761  0.0519916  0.0191559
7.5  2.45044  0.0517586  0.0190183
7.5  2.51327  0.083881  0.0618312
7.5  2.57611  0.112169  0.122228
7.5  2.63894  0.237266  0.160358
7.5  2.70177  0  0
7.5  2.7646  0  0
7.5  2.82743  0  0
7.5  2.89027  0  0
7.5  2.9531  0  0
7.5  3.01593  0  0
7.5  3.07876  0  0
8  0  0  0
8  0.0628319  0  0
8  0.125664  0  0
8  0.188496  0  0
8  0.251327  0  0
8  0.314159  0  0
8  0.376991  0.275447  0.13786
8  0.439823  0.134592  0.166402
8  0.502655  0.137659  0.175012
8  0.565487  0.0611466  0.0319545
8  0.628319  0.0712429  0.0394336
8  0.69115  0.0500557  0.0159225
8  0.753982  0.0416392  0.00948073
8  0.816814  0.0280416  0.00439145
8  0.879646  0.0264367  0.00362553
8  0.942478  0.0351303  0.00598024
8  1.00531  0.0299627  0.00541831
8  1.06814  0.030479  0.00490105
8  1.13097  0.0310111  0.00503541
8  1.19381  0.0293625  0.0055457
8  1.25664  0.0323201  0.00912614
8  1.31947  0.0302919  0.00586734
8  1.3823  0.0269963  0.00445163
8  1.44513  0.0297028  0.00650177
8  1.50796  0.0329363  0.00753257
8  1.5708  0.032158  0.00555736
8  1.63363  0.0304573  0.00501134
8  1.69646  0.0289902  0.00617284
8  1.75929  0.0307487  0.00552574
8  1.82212  0.0304717  0.00702127
8  1.88496  0.0339062  0.00894962
8  1.94779  0.0315924  0.00642936
8  2.01062  0.0330608  0.00573141
8  2.07345  0.0330032  0.00640241
8  2.13628  0.0225627  0.00259691
8  2.19911  0.0305935  0.00427271
8  2.26195  0.0370846  0.00782479
8  2.32478  0.0573693  0.0141655
8  2.38761  0.0456082  0.0131804
8  2.45044  0.0829087  0.0482879
8  2.51327  0.0790129  0.0520252
8  2.57611  0.0756197  0.0656898
8  2.63894  0.101618  0.169954
8  2.70177  0.154589  0.0857124
8  2.7646  0  0
8  2.82743  0  0
8  2.89027  0  0
8  2.9531  0  0
8  3.01593  0  0
8  3.07876  0  0
8.5  0  0  0
8.5  0.0628319  0  0
8.5  0.125664  0  0
8.5  0.188496  0  0
8.5  0.251327  0  0
8.5  0.314159  0  0
8.5  0.376991  0.229441  0.13547
8.5  0.439823  0.157773  0.16176
8.5  0.502655  0.0927865  0.149277
8.5  0.565487  0.0821842  0.0597884
8.5  0.628319  0.0764783  0.042685
8.5  0.69115  0.0542832  0.0178645
8.5  0.753982  0.0423753  0.00930351
8.5  0.816814  0.0285944  0.00459044
8.5  0.879646  0.0355405  0.00857356
8.5  0.942478  0.0258834  0.00318115
8.5  1.00531  0.026474  0.00360944
8.5  1.06814  0.0341295  0.00918879
8.5  1.13097  0.0237038  0.00415251
8.5  1.19381  0.0258502  0.00430364
8.5  1.25664  0.0319143  0.00716354
8.5  1.31947  0.0336718  0.00651987
8.5  1.3823  0.0255743  0.00486834
8.5  1.44513  0.0254037  0.00379742
8.5  1.50796  0.0266108  0.00457354
8.5  1.5708  0.0251185  0.00404029
8.5  1.63363  0.0283678  0.0058917
8.5  1.69646  0.0281436  0.0041126
8.5  1.75929  0.0345109  0.00664094
8.5  1.82212  0.0383295  0.00887286
8.5  1.88496  0.0423379  0.0122835
8.5  1.94779  0.0249889  0.00335449
8.5  2.01062  0.0250461  0.00306167
8.5  2.07345  0.0298574  0.00562661
8.5  2.13628  0.0339767  0.00581079
8.5  2.19911  0.0296612  0.00535159
8.5  2.26195  0.0323397  0.0051104
8.5  2.32478  0.0436637  0.00994163
8.5  2.38761  0.0470501  0.014421
8.5  2.45044  0.0765103  0.043041
8.5  2.51327  0.0904667  0.0704004
8.5  2.57611  0.123939  0.173904
8.5  2.63894  0.120448  0.175738
8.5  2.70177  0.188361  0.185262
8.5  2.7646  0  0
8.5  2.82743  0  0
8.5  2.89027  0  0
8.5  2.9531  0  0
8.5  3.01593  0  0
8.5  3.07876  0  0
9  0  0  0
9  0.0628319  0  0
9  0.125664  0  0
9  0.188496  0  0
9  0.251327  0  0
9  0.314159  0  0
9  0.376991  0.264806  0.147761
9  0.439823  0.10302  0.147987
9  0.502655  0.0912273  0.145734
9  0.565487  0.060848  0.0351117
9  0.628319  0.0653515  0.0314824
9  0.69115  0.0389205  0.0114788
9  0.753982  0.0320471  0.00620848
9  0.816814  0.0291546  0.00475466
9  0.879646  0.0299163  0.00418308
9  0.942478  0.0310279  0.00599512
9  1.00531  0.0291533  0.00438071
9  1.06814  0.0267049  0.00322144
9  1.13097  0.0315052  0.00470606
9  1.19381  0.0297945  0.00543129
9  1.25664  0.0316581  0.00606814
9  1.31947  0.0280048  0.00470378
9  1.3823  0.036638  0.00821304
9  1.44513  0.031776  0.00588643
9  1.50796  0.0277907  0.00530107
9  1.5708  0.0260338  0.00416241
9  1.63363  0.0290649  0.00463254
9  1.69646  0.0247367  0.00350409
9  1.75929  0.0260201  0.00377016
9  1.82212  0.0224072  0.00278299
9  1.88496  0.0248021  0.00329472
9  1.94779  0.0350898  0.00644632
9  2.01062  0.0264089  0.00371102
9  2.07345  0.0242158  0.00284061
9  2.13628  0.0242882  0.0030169
9  2.19911  0.0248446  0.00331361
9  2.26195  0.0309644  0.00592464
9  2.32478  0.0418422  0.00915499
9  2.38761  0.0524482  0.0165357
9  2.45044  0.0651521  0.0314962
9  2.51327  0.0770454  0.0493672
9  2.57611  0.0835432  0.0740955
9  2.63894  0.0775315  0.134474
9  2.70177  0.142737  0.157199
9  2.7646  0  0
9  2.82743  0  0
9  2.89027  0  0
9  2.9531  0  0
9  3.01593  0  0
9  3.07876  0  0
9.5  0  0  0
9.5  0.0628319  0  0
9.5  0.125664  0  0
9.5  0.188496  0  0
9.5  0.251327  0  0
9.5  0.314159  0  0
9.5  0.376991  0.134365  0.127407
9.5  0.439823  0.10996  0.147886
9.5  0.502655  0.10317  0.160686
9.5  0.565487  0.0779575  0.0562307
9.5  0.628319  0.0756178  0.0390809
9.5  0.69115  0.0510466  0.0199309
9.5  0.753982  0.0306442  0.00496483
9.5  0.816814  0.0321013  0.00576357
9.5  0.879646  0.0289597  0.00489639
9.5  0.942478  0.0268056  0.00354073
9.5  1.00531  0.0302287  0.00523592
9.5  1.06814  0.0238142  0.00303137
9.5  1.13097  0.0283271  0.00493231
9.5  1.19381  0.0241488  0.00307199
9.5  1.25664  0.0252645  0.00334205
9.5  1.31947  0.0284402  0.00447153
9.5  1.3823  0.0260352  0.00379757
9.5  1.44513  0.0261286  0.00456189
9.5  1.50796  0.0236025  0.00332677
9.5  1.5708  0.0264707  0.00383188
9.5  1.63363  0.0271422  0.00448727
9.5  1.69646  0.0274411  0.00515901
9.5  1.75929  0.0262335  0.00359812
9.5  1.82212  0.0270567  0.00377425
9.5  1.88496  0.0279089  0.00578378
9.5  1.94779  0.0247179  0.00318798
9.5  2.01062  0.0263773  0.00490904
9.5  2.07345  0.0267016  0.00386046
9.5  2.13628  0.0300831  0.00491253
9.5  2.19911  0.0400174  0.00714372
9.5  2.26195  0.0331962  0.00500041
9.5  2.32478  0.0447422  0.0100045
9.5  2.38761  0.0563625  0.0189581
9.5  2.45044  0.0694694  0.0271098
9.5  2.51327  0.0749202  0.0439952
9.5  2.57611  0.133863  0.188464
9.5  2.63894  0.173312  0.158998
9.5  2.70177  0.178531  0.166116
9.5  2.7646  0  0
9.5  2.82743  0  0
9.5  2.89027  0  0
9.5  2.9531  0  0
9.5  3.01593  0  0
9.5  3.07876  0  0
10  0  0  0
10  0.0628319  0  0
10  0.125664  0  0
10  0.188496  0  0
10  0.251327  0  0
10  0.314159  0  0
10  0.376991  0.224564  0.135571
10  0.439823  0.104257  0.16031
10  0.502655  0.102497  0.147145
10  0.565487  0.085392  0.0584712
10  0.628319  0.0661078  0.026246
10  0.69115  0.0673149  0.0261348
10  0.753982  0.0340918  0.00742185
10  0.816814  0.0243226  0.00308704
10  0.879646  0.0284427  0.00483717
10  0.942478  0.0230837  0.00264399
10  1.00531  0.0242428  0.00314106
10  1.06814  0.0350462  0.00634361
10  1.13097  0.0292625  0.00498948
10  1.19381  0.0214598  0.00225775
10  1.25664  0.0261524  0.00483663
10  1.31947  0.0257394  0.00386561
10  1.3823  0.0271394  0.00440966
10  1.44513  0.0226504  0.0031088
10  1.50796  0.022748  0.00336639
10  1.5708  0.0268063  0.00467014
10  1.63363  0.0273385  0.00506684
10  1.69646  0.025302  0.00376777
10  1.75929  0.0315913  0.00733845
10  1.82212  0.0245495  0.00332413
10  1.88496  0.0307902  0.00480927
10  1.94779  0.0231583  0.00296429
10  2.01062  0.0244363  0.00329255
10  2.07345  0.0224603  0.00297077
10  2.13628  0.0264702  0.00289621
10  2.19911  0.0317301  0.00492676
10  2.26195  0.0299137  0.00417932
10  2.32478  0.0371847  0.00783368
10  2.38761  0.0492772  0.0136571
10  2.45044  0.0916923  0.0486893
10  2.51327  0.0923583  0.0655893
10  2.57611  0.0844161  0.0682057
10  2.63894  0.125371  0.1203
10  2.70177  0.19537  0.1227
10  2.7646  0  0
10  2.82743  0  0
10  2.89027  0  0
10  2.9531  0  0
10  3.01593  0  0
10  3.07876  0  0
10.5  0  0  0
10.5  0.0628319  0  0
10.5  0.125664  0  0
10.5  0.188496  0  0
10.5  0.251327  0  0
10.5  0.314159  0.0781573  0.0774438
10.5  0.376991  0.194499  0.177501
10.5  0.439823  0.142319  0.18069
10.5  0.502655  0.0938298  0.0824539
10.5  0.565487  0.0696551  0.0397979
10.5  0.628319  0.0564501  0.0181154
10.5  0.69115  0.0409913  0.0104528
10.5  0.753982  0.0333758  0.00587412
10.5  0.816814  0.0286397  0.00397438
10.5  0.879646  0.0224084  0.00281372
10.5  0.942478  0.0268613  0.00335933
10.5  1.00531  0.0235498  0.00350946
10.5  1.06814  0.0227232  0.00270065
10.5  1.13097  0.0213194  0.00242022
10.5  1.19381  0.0232452  0.00389556
10.5  1.25664  0.0245958  0.00369823
10.5  1.31947  0.0255306  0.00390496
10.5  1.3823  0.0198998  0.00282953
10.5  1.44513  0.0271175  0.00449343
10.5  1.50796  0.0237314  0.00348566
10.5  1.5708  0.0294149  0.00557475
10.5  1.63363  0.0243247  0.00378328
10.5  1.69646  0.0272341  0.00415103
10.5  1.75929  0.0244919  0.00345086
10.5  1.82212  0.0280386  0.00443621
10.5  1.88496  0.0206546  0.00265186
10.5  1.94779  0.0228651  0.00311099
10.5  2.01062  0.0278111  0.0051552
10.5  2.07345  0.0247673  0.00304112
10.5  2.13628  0.0250346  0.00303356
10.5  2.19911  0.0232166  0.00260109
10.5  2.26195  0.0279513  0.00432506
10.5  2.32478  0.032486  0.00596029
10.5  2.38761  0.0492957  0.0146311
10.5  2.45044  0.0515171  0.0161721
10.5  2.51327  0.0966677  0.0662244
10.5  2.57611  0.0669876  0.0423009
10.5  2.63894  0.272781  0.216357
10.5  2.70177  0.222877  0.233416
10.5  2.7646  0.162489  0.175007
10.5  2.82743  0  0
10.5  2.89027  0  0
10.5  2.9531  0  0
10.5  3.01593  0  0
10.5  3.07876  0  0
11  0  0  0
11  0.0628319  0  0
11  0.125664  0  0
11  0.188496  0  0
11  0.251327  0  0
11  0.314159  0.218845  0.12509
11  0.376991  0.212906  0.145489
11  0.439823  0.138593  0.160445
11  0.502655  0.0608478  0.0435441
11  0.565487  0.0646774  0.0336818
11  0.628319  0.077205  0.0416937
11  0.69115  0.0413681  0.0148546
11  0.753982  0.0283799  0.00405698
11  0.816814  0.0273476  0.003749
11  0.879646  0.0250699  0.00301304
11  0.942478  0.026085  0.00376002
11  1.00531  0.0291727  0.00456027
11  1.06814  0.0215827  0.00278992
11  1.13097  0.0233512  0.00291922
11  1.19381  0.0206657  0.00221437
11  1.25664  0.0195956  0.0024217
11  1.31947  0.026312  0.00409123
11  1.3823  0.020998  0.0026746
11  1.44513  0.0240913  0.00353049
11  1.50796  0.0249177  0.00479549
11  1.5708  0.0236662  0.0030142
11  1.63363  0.0260657  0.00460007
11  1.69646  0.0271678  0.00420561
11  1.75929  0.0228686  0.00288644
11  1.82212  0.0252195  0.00361534
11  1.88496  0.0266251  0.00456763
11  1.94779  0.0224987  0.00344982
11  2.01062  0.0239637  0.00329557
11  2.07345  0.0290221  0.00462492
11  2.13628  0.0262284  0.00340977
11  2.19911  0.0259607  0.00350498
11  2.26195  0.02476  0.00325835
11  2.32478  0.0291847  0.00497316
11  2.38761  0.0465793  0.0128746
11  2.45044  0.0518371  0.0178632
11  2.51327  0.083017  0.0530211
11  2.57611  0.0632889  0.0523985
11  2.63894  0.0816271  0.0805613
11  2.70177  0.205929  0.219341
11  2.7646  0.176391  0.118288
11  2.82743  0  0
11  2.89027  0  0
11  2.9531  0  0
11  3.01593  0  0
11  3.07876  0  0
11.5  0  0  0
11.5  0.0628319  0  0
11.5  0.125664  0  0
11.5  0.188496  0  0
11.5  0.251327  0  0
11.5  0.314159  0.145848  0.124515
11.5  0.376991  0.0979723  0.147141
11.5  0.439823  0.100964  0.145918
11.5  0.502655  0.105599  0.164137
11.5  0.565487  0.0782431  0.0415058
11.5  0.628319  0.0645562  0.028165
11.5  0.69115  0.0429105  0.0137264
11.5  0.753982  0.0383554  0.00783179
11.5  0.816814  0.0256934  0.00315963
11.5  0.879646  0.0233158  0.00262337
11.5  0.942478  0.0216291  0.00202224
11.5  1.00531  0.0234738  0.00281674
11.5  1.06814  0.0195731  0.00238915
11.5  1.13097  0.0222463  0.00289779
11.5  1.19381  0.0233763  0.00325715
11.5  1.25664  0.0221528  0.00324981
11.5  1.31947  0.0236041  0.00330946
11.5  1.3823  0.0226296  0.00319785
11.5  1.44513  0.020239  0.00270209
11.5  1.50796  0.0245481  0.00396976
11.5  1.5708  0.022629  0.0031006
11.5  1.63363  0.0242844  0.00371834
11.5  1.69646  0.0256477  0.00426563
11.5  1.75929  0.0237457  0.00337111
11.5  1.82212  0.0292576  0.00499593
11.5  1.88496  0.0252889  0.00343618
11.5  1.94779  0.0263643  0.0036262
11.5  2.01062  0.0266173  0.00484825
11.5  2.07345  0.0221826  0.00297831
11.5  2.13628  0.0220248  0.00256233
11.5  2.19911  0.0217308  0.00276913
11.5  2.26195  0.0232965  0.00337086
11.5  2.32478  0.0287786  0.00533353
11.5  2.38761  0.0355939  0.0100373
11.5  2.45044  0.056244  0.0207135
11.5  2.51327  0.0759498  0.0470533
11.5  2.57611  0.0747792  0.0540054
11.5  2.63894  0.103123  0.169475
11.5  2.70177  0.174509  0.164585
11.5  2.7646  0.223718  0.212193
11.5  2.82743  0  0
11.5  2.89027  0  0
11.5  2.9531  0  0
11.5  3.01593  0  0
11.5  3.07876  0  0
12  0  0  0
12  0.0628319  0  0
12  0.125664  0  0
12  0.188496  0  0
12  0.251327  0.258759  1.70226
12  0.314159  0.100859  0.158614
12  0.376991  0.231045  0.223946
12  0.439823  0.183685  0.154049
12  0.502655  0.0848704  0.136829
12  0.565487  0.0883149  0.0568967
12  0.628319  0.061642  0.0217092
12  0.69115  0.0495744  0.0167594
12  0.753982  0.027154  0.00384273
12  0.816814  0.0260279  0.0031422
12  0.879646  0.0215703  0.00244535
12  0.942478  0.0247298  0.00327696
12  1.00531  0.0238842  0.00296438
12  1.06814  0.0242757  0.00321213
12  1.13097  0.024074  0.00335601
12  1.19381  0.0189929  0.0024489
12  1.25664  0.0226037  0.0029233
12  1.31947  0.0227547  0.00309445
12  1.3823  0.0295741  0.00467064
12  1.44513  0.0246868  0.00354747
12  1.50796  0.0209212  0.00288495
12  1.5708  0.0228035  0.0037205
12  1.63363  0.0257376  0.00443142
12  1.69646  0.0244274  0.00410195
12  1.75929  0.023093  0.00310867
12  1.82212  0.0315177  0.00666508
12  1.88496  0.0261366  0.00564879
12  1.94779  0.0229551  0.0031581
12  2.01062  0.0242652  0.00332542
12  2.07345  0.0204459  0.00207614
12  2.13628  0.0235759  0.00252111
12  2.19911  0.0262532  0.0037513
12  2.26195  0.0243652  0.00294927
12  2.32478  0.0272534  0.00426475
12  2.38761  0.0507237  0.0173603
12  2.45044  0.0681714  0.033545
12  2.51327  0.0590531  0.0305139
12  2.57611  0.141025  0.204339
12  2.63894  0.104853  0.16031
12  2.70177  0.265904  0.15579
12  2.7646  0.255923  0.191984
12  2.82743  0.258759  1.70226
12  2.89027  0  0
12  2.9531  0  0
12  3.01593  0  0
12  3.07876  0  0
12.5  0  0  0
12.5  0.0628319  0  0
12.5  0.125664  0  0
12.5  0.188496  0  0
12.5  0.251327  0  0
12.5  0.314159  0.224922  0.126339
12.5  0.376991  0.102861  0.180383
12.5  0.439823  0.123064  0.179978
12.5  0.502655  0.100837  0.0877787
12.5  0.565487  0.0798288  0.045424
12.5  0.628319  0.0661906  0.0271857
12.5  0.69115  0.0521943  0.0155078
12.5  0.753982  0.0351799  0.00689147
12.5  0.816814  0.0235613  0.00266739
12.5  0.879646  0.0263301  0.00348149
12.5  0.942478  0.0218168  0.00272692
12.5  1.00531  0.0214466  0.00241527
12.5  1.06814  0.0212532  0.00247052
12.5  1.13097  0.0223062  0.00271161
12.5  1.19381  0.0185541  0.00203327
12.5  1.25664  0.0227259  0.00295484
12.5  1.31947  0.023876  0.00290942
12.5  1.3823  0.0264708  0.00411985
12.5  1.44513  0.0200108  0.0021734
12.5  1.50796  0.024671  0.00405959
12.5  1.5708  0.023295  0.00404288
12.5  1.63363  0.0255255  0.00378337
12.5  1.69646  0.0245355  0.00369479
12.5  1.75929  0.0230912  0.00286824
12.5  1.82212  0.0214047  0.00275934
12.5  1.88496  0.0246933  0.00427756
12.5  1.94779  0.0281693  0.0044068
12.5  2.01062  0.0221441  0.00236344
12.5  2.07345  0.0266064  0.00459626
12.5  2.13628  0.0216841  0.002155
12.5  2.19911  0.0278251  0.00341535
12.5  2.26195  0.0259871  0.00317735
12.5  2.32478  0.0282014  0.00468631
12.5  2.38761  0.0384939  0.0118747
12.5  2.45044  0.0645857  0.0304884
12.5  2.51327  0.0655962  0.0345159
12.5  2.57611  0.113395  0.160404
12.5  2.63894  0.135886  0.204178
12.5  2.70177  0.131813  0.123933
12.5  2.7646  0.252309  0.138826
12.5  2.82743  0  0
12.5  2.89027  0  0
12.5  2.9531  0  0
12.5  3.01593  0  0
12.5  3.07876  0  0
13  0  0  0
13  0.0628319  0  0
13  0.125664  0  0
13  0.188496  0  0
13  0.251327  0.25876  1.70225
13  0.314159  0.247868  0.1248
13  0.376991  0.177131  0.162899
13  0.439823  0.126395  0.173471
13  0.502655  0.0787719  0.0639557
13  0.565487  0.0855721  0.048139
13  0.628319  0.0473239  0.0177679
13  0.69115  0.0424006  0.0122278
13  0.753982  0.0284985  0.00515544
13  0.816814  0.0243158  0.00279134
13  0.879646  0.0226348  0.00261927
13  0.942478  0.0216772  0.00224992
13  1.00531  0.0199669  0.00193086
13  1.06814  0.0226757  0.00336757
13  1.13097  0.0199549  0.00234262
13  1.19381  0.0245309  0.00360699
13  1.25664  0.0247274  0.00349238
13  1.31947  0.025168  0.00362146
13  1.3823  0.0245825  0.00341778
13  1.44513  0.0222199  0.00321681
13  1.50796  0.0232455  0.00383166
13  1.5708  0.0223917  0.00301578
13  1.63363  0.022498  0.00324359
13  1.69646  0.019209  0.00224493
13  1.75929  0.023939  0.00295748
13  1.82212  0.0256172  0.00352939
13  1.88496  0.0200351  0.00228612
13  1.94779  0.0229792  0.00295087
13  2.01062  0.0214311  0.00289729
13  2.07345  0.0245527  0.00315981
13  2.13628  0.0217664  0.0022993
13  2.19911  0.0204878  0.00257285
13  2.26195  0.0216719  0.00294518
13  2.32478  0.0292443  0.00458603
13  2.38761  0.0511309  0.0181963
13  2.45044  0.0484848  0.0221906
13  2.51327  0.0704961  0.0403441
13  2.57611  0.134038  0.180133
13  2.63894  0.1275  0.195923
13  2.70177  0.0861458  0.136844
13  2.7646  0.235945  0.219299
13  2.82743  0  0
13  2.89027  0  0
13  2.9531  0  0
13  3.01593  0  0
13  3.07876  0  0
13.5  0  0  0
13.5  0.0628319  0  0
13.5  0.125664  0  0
13.5  0.188496  0  0
13.5  0.251327  0  0
13.5  0.314159  0.305601  0.297545
13.5  0.376991  0.124198  0.142572
13.5  0.439823  0.105423  0.0990087
13.5  0.502655  0.10283  0.0958979
13.5  0.565487  0.0598443  0.0261051
13.5  0.628319  0.0506656  0.0177406
13.5  0.69115  0.0427804  0.0112267
13.5  0.753982  0.0282071  0.00422119
13.5  0.816814  0.026253  0.0030466
13.5  0.879646  0.0216241  0.0021535
13.5  0.942478  0.0211208  0.00213582
13.5  1.00531  0.0203525  0.00196792
13.5  1.06814  0.0213069  0.00247846
13.5  1.13097  0.0216164  0.00268749
13.5  1.19381  0.0246706  0.00384033
13.5  1.25664  0.0210172  0.00235701
13.5  1.31947  0.026379  0.00365766
13.5  1.3823  0.0235302  0.00325141
13.5  1.44513  0.0214914  0.00263148
13.5  1.50796  0.0193571  0.0023931
13.5  1.5708  0.0218296  0.00268881
13.5  1.63363  0.0222735  0.00279204
13.5  1.69646  0.0217382  0.00290231
13.5  1.75929  0.023974  0.00293487
13.5  1.82212  0.0208159  0.00248662
13.5  1.88496  0.0242994  0.00324052
13.5  1.94779  0.0201572  0.00243075
13.5  2.01062  0.0237604  0.00277724
13.5  2.07345  0.0269188  0.00356588
13.5  2.13628  0.0237818  0.00267313
13.5  2.19911  0.0242176  0.00323485
13.5  2.26195  0.0291518  0.00488873
13.5  2.32478  0.0247515  0.00375182
13.5  2.38761  0.0497214  0.02219
13.5  2.45044  0.0579694  0.0225794
13.5  2.51327  0.0726769  0.035689
13.5  2.57611  0.12887  0.176142
13.5  2.63894  0.105787  0.145578
13.5  2.70177  0.132992  0.123849
13.5  2.7646  0.179019  0.216012
13.5  2.82743  0  0
13.5  2.89027  0  0
13.5  2.9531  0  0
13.5  3.01593  0  0
13.5  3.07876  0  0
14  0  0  0
14  0.0628319  0  0
14  0.125664  0  0
14  0.188496  0  0
14  0.251327  0  0
14  0.314159  0.290574  0.185204
14  0.376991  0.162773  0.13966
14  0.439823  0.169472  0.224147
14  0.502655  0.0697938  0.0480523
14  0.565487  0.059788  0.0317292
14  0.628319  0.0458735  0.0202179
14  0.69115  0.0459395  0.0173503
14  0.753982  0.0219236  0.00238574
14  0.816814  0.025703  0.00292602
14  0.879646  0.0248663  0.00323241
14  0.942478  0.0227033  0.00258186
14  1.00531  0.0221532  0.00253989
14  1.06814  0.0215964  0.00293717
14  1.13097  0.024407  0.00368493
14  1.19381  0.0225022  0.00385571
14  1.25664  0.0228532  0.00319715
14  1.31947  0.0227247  0.00274746
14  1.3823  0.0217305  0.00276322
14  1.44513  0.0210365  0.00289409
14  1.50796  0.0212798  0.00278714
14  1.5708  0.0251541  0.00402153
14  1.63363  0.0193247  0.00224246
14  1.69646  0.0212097  0.00300443
14  1.75929  0.0190657  0.00229799
14  1.82212  0.0217514  0.00350466
14  1.88496  0.0222784  0.00284555
14  1.94779  0.0202916  0.00210082
14  2.01062  0.0246566  0.00323682
14  2.07345  0.0230892  0.00265135
14  2.13628  0.0225597  0.00280809
14  2.19911  0.0232247  0.00300302
14  2.26195  0.026606  0.00405569
14  2.32478  0.0281242  0.00384076
14  2.38761  0.0387424  0.0124739
14  2.45044  0.0449022  0.0197312
14  2.51327  0.0853468  0.0528217
14  2.57611  0.110977  0.165917
14  2.63894  0.0922689  0.0819841
14  2.70177  0.301108  0.250294
14  2.7646  0.256197  0.23279
14  2.82743  0.258759  1.70226
14  2.89027  0  0
14  2.9531  0  0
14  3.01593  0  0
14  3.07876  0  0
14.5  0  0  0
14.5  0.0628319  0  0
14.5  0.125664  0  0
14.5  0.188496  0  0
14.5  0.251327  0.00453927  0.0333085
14.5  0.314159  0.120327  0.137836
14.5  0.376991  0.11869  0.153574
14.5  0.439823  0.129543  0.176247
14.5  0.502655  0.0549566  0.0342879
14.5  0.565487  0.0714275  0.0321937
14.5  0.628319  0.0559159  0.0250255
14.5  0.69115  0.0310832  0.00583585
14.5  0.753982  0.027804  0.00414129
14.5  0.816814  0.019301  0.0019017
14.5  0.879646  0.0237572  0.00254708
14.5  0.942478  0.0206387  0.00236108
14.5  1.00531  0.024745  0.00336949
14.5  1.06814  0.0252489  0.00345442
14.5  1.13097  0.0207741  0.00256109
14.5  1.19381  0.0227717  0.0027792
14.5  1.25664  0.0225083  0.00328167
14.5  1.31947  0.0268022  0.00435446
14.5  1.3823  0.0212523  0.0029848
14.5  1.44513  0.0237915  0.00315701
14.5  1.50796  0.0209867  0.00274877
14.5  1.5708  0.0235812  0.00309121
14.5  1.63363  0.0234145  0.00370861
14.5  1.69646  0.0205414  0.00249731
14.5  1.75929  0.0223968  0.00329223
14.5  1.82212  0.0241239  0.00297509
14.5  1.88496  0.0191112  0.00235507
14.5  1.94779  0.0198556  0.0022415
14.5  2.01062  0.0220248  0.00288359
14.5  2.07345  0.0209759  0.0027353
14.5  2.13628  0.0231987  0.0025096
14.5  2.19911  0.0256362  0.00325421
14.5  2.26195  0.0207973  0.00220685
14.5  2.32478  0.0258562  0.00434223
14.5  2.38761  0.0311649  0.00672576
14.5  2.45044  0.0608342  0.0257042
14.5  2.51327  0.0728644  0.037343
14.5  2.57611  0.12075  0.17097
14.5  2.63894  0.0868996  0.138062
14.5  2.70177  0.172556  0.157608
14.5  2.7646  0.0605691  0.115755
14.5  2.82743  0  0
14.5  2.89027  0  0
14.5  2.9531  0  0
14.5  3.01593  0  0
14.5  3.07876  0  0
15  0  0  0
15  0.0628319  0  0
15  0.125664  0  0
15  0.188496  0  0
15  0.251327  0.258759  1.70226
15  0.314159  0.107617  0.168168
15  0.376991  0.203545  0.188213
15  0.439823  0.0833851  0.0702471
15  0.502655  0.125659  0.181093
15  0.565487  0.0706464  0.0484563
15  0.628319  0.0468999  0.0143302
15  0.69115  0.0437842  0.0279266
15  0.753982  0.0262731  0.00369203
15  0.816814  0.0189216  0.00187191
15  0.879646  0.0218748  0.0023091
15  0.942478  0.0233044  0.00267929
15  1.00531  0.0235156  0.00297167
15  1.06814  0.0214848  0.0026085
15  1.13097  0.0200741  0.00216599
15  1.19381  0.0227204  0.00276113
15  1.25664  0.0208983  0.00276666
15  1.31947  0.0263278  0.0045589
15  1.3823  0.0208524  0.00267691
15  1.44513  0.020406  0.00227352
15  1.50796  0.023144  0.00366362
15  1.5708  0.0198179  0.00215832
15  1.63363  0.0209786  0.00255016
15  1.69646  0.0209387  0.0029388
15  1.75929  0.0183841  0.00184054
15  1.82212  0.0187005  0.00214674
15  1.88496  0.0226826  0.00322641
15  1.94779  0.0206758  0.00232406
15  2.01062  0.0216302  0.002397
15  2.07345  0.0255204  0.00377606
15  2.13628  0.0172125  0.00134865
15  2.19911  0.0226523  0.00251493
15  2.26195  0.0184316  0.00183916
15  2.32478  0.0289389  0.00536577
15  2.38761  0.0381393  0.00984491
15  2.45044  0.0467531  0.0151976
15  2.51327  0.0948818  0.0613231
15  2.57611  0.0746768  0.0542932
15  2.63894  0.099858  0.0907735
15  2.70177  0.0925442  0.0982125
15  2.7646  0.14021  0.117283
15  2.82743  0.258759  1.70226
15  2.89027  0  0
15  2.9531  0  0
15  3.01593  0  0
15  3.07876  0  0
15.5  0  0  0
15.5  0.0628319  0  0
15.5  0.125664  0  0
15.5  0.188496  0  0
15.5  0.251327  0.20365  0.399404
15.5  0.314159  0.205269  0.218549
15.5  0.376991  0.115396  0.176591
15.5  0.439823  0.105626  0.153832
15.5  0.502655  0.0969848  0.148018
15.5  0.565487  0.032509  0.00898473
15.5  0.628319  0.0366578  0.0126318
15.5  0.69115  0.0502234  0.016486
15.5  0.753982  0.0236399  0.00301561
15.5  0.816814  0.0213571  0.00216346
15.5  0.879646  0.0205796  0.00202841
15.5  0.942478  0.023413  0.00273008
15.5  1.00531  0.0204616  0.00241184
15.5  1.06814  0.0184508  0.00227014
15.5  1.13097  0.0215956  0.00268604
15.5  1.19381  0.0202408  0.00224022
15.5  1.25664  0.0236448  0.0031773
15.5  1.31947  0.0181691  0.00206586
15.5  1.3823  0.0249549  0.00376249
15.5  1.44513  0.0187323  0.00229496
15.5  1.50796  0.0214685  0.0030862
15.5  1.5708  0.0232059  0.003046
15.5  1.63363  0.0234312  0.00378656
15.5  1.69646  0.0215984  0.00260767
15.5  1.75929  0.0199364  0.00221123
15.5  1.82212  0.0231225  0.00355217
15.5  1.88496  0.0220108  0.00286597
15.5  1.94779  0.0210467  0.00243845
15.5  2.01062  0.0212487  0.00251713
15.5  2.07345  0.0224242  0.00265006
15.5  2.13628  0.0212974  0.00226987
15.5  2.19911  0.0242183  0.00282928
15.5  2.26195  0.0175758  0.00174192
15.5  2.32478  0.0256232  0.00331937
15.5  2.38761  0.0418417  0.0135023
15.5  2.45044  0.0632232  0.0238541
15.5  2.51327  0.0894689  0.0715874
15.5  2.57611  0.0806728  0.0612941
15.5  2.63894  0.103176  0.162808
15.5  2.70177  0.14866  0.134061
15.5  2.7646  0.242217  0.168804
15.5  2.82743  0.00436468  0.0320274
15.5  2.89027  0  0
15.5  2.9531  0  0
15.5  3.01593  0  0
15.5  3.07876  0  0
16  0  0  0
16  0.0628319  0  0
16  0.125664  0  0
16  0.188496  0  0
16  0.251327  0  0
16  0.314159  0.305182  0.280272
16  0.376991  0.140163  0.207212
16  0.439823  0.108554  0.16629
16  0.502655  0.0827186  0.0653277
16  0.565487  0.062109  0.0344763
16  0.628319  0.0504896  0.020932
16  0.69115  0.0365473  0.0093246
16  0.753982  0.026745  0.00427502
16  0.816814  0.0232735  0.00308064
16  0.879646  0.018927  0.00176437
16  0.942478  0.0221114  0.00217078
16  1.00531  0.0209769  0.00249023
16  1.06814  0.0206913  0.00234899
16  1.13097  0.0200223  0.0020114
16  1.19381  0.019134  0.00225696
16  1.25664  0.018597  0.00229163
16  1.31947  0.0206308  0.00273148
16  1.3823  0.0217068  0.0028912
16  1.44513  0.0220376  0.00299801
16  1.50796  0.0223203  0.00326295
16  1.5708  0.0202946  0.00270565
16  1.63363  0.0224152  0.00292081
16  1.69646  0.0187187  0.00207832
16  1.75929  0.0227561  0.00280519
16  1.82212  0.0211447  0.0027183
16  1.88496  0.0189703  0.00187681
16  1.94779  0.0188318  0.00191761
16  2.01062  0.0206783  0.00212718
16  2.07345  0.020933  0.00256285
16  2.13628  0.0187881  0.00157117
16  2.19911  0.0223146  0.00205386
16  2.26195  0.0203533  0.0021429
16  2.32478  0.0220863  0.00287345
16  2.38761  0.0290624  0.00526486
16  2.45044  0.0509559  0.0217452
16  2.51327  0.0805794  0.0564529
16  2.57611  0.0804235  0.0471123
16  2.63894  0.112655  0.170973
16  2.70177  0.106629  0.142238
16  2.7646  0.139639  0.155728
16  2.82743  0.186363  0.162837
16  2.89027  0  0
16  2.9531  0  0
16  3.01593  0  0
16  3.07876  0  0
16.5  0  0  0
16.5  0.0628319  0  0
16.5  0.125664  0  0
16.5  0.188496  0  0
16.5  0.251327  0.0343937  0.252376
16.5  0.314159  0.189911  0.10313
16.5  0.376991  0.16545  0.136347
16.5  0.439823  0.114963  0.165409
16.5  0.502655  0.122041  0.100479
16.5  0.565487  0.0564774  0.0285867
16.5  0.628319  0.0453772  0.0184236
16.5  0.69115  0.0283396  0.00574296
16.5  0.753982  0.0206936  0.00217713
16.5  0.816814  0.0191345  0.00188215
16.5  0.879646  0.0224764  0.00234039
16.5  0.942478  0.0197712  0.00186503
16.5  1.00531  0.0213079  0.00240693
16.5  1.06814  0.0213888  0.00258372
16.5  1.13097  0.0208781  0.00241803
16.5  1.19381  0.0186958  0.00243411
16.5  1.25664  0.0206978  0.00252905
16.5  1.31947  0.024183  0.00322693
16.5  1.3823  0.0188947  0.00232018
16.5  1.44513  0.0205818  0.00272843
16.5  1.50796  0.0211136  0.00253834
16.5  1.5708  0.0205283  0.00297334
16.5  1.63363  0.0231721  0.00307529
16.5  1.69646  0.020069  0.00236213
16.5  1.75929  0.0220821  0.00259863
16.5  1.82212  0.0192026  0.00225566
16.5  1.88496  0.0231609  0.00355128
16.5  1.94779  0.0209742  0.00225256
16.5  2.01062  0.0209847  0.0024579
16.5  2.07345  0.0176396  0.00201706
16.5  2.13628  0.0192243  0.00178968
16.5  2.19911  0.0177527  0.00151572
16.5  2.26195  0.0217197  0.0024634
16.5  2.32478  0.0227443  0.00306896
16.5  2.38761  0.0346528  0.00773006
16.5  2.45044  0.0588925  0.020414
16.5  2.51327  0.0562557  0.0315385
16.5  2.57611  0.0963325  0.147682
16.5  2.63894  0.120158  0.17196
16.5  2.70177  0.286171  0.144514
16.5  2.7646  0.314806  0.179691
16.5  2.82743  0.28221  0.21224
16.5  2.89027  0  0
16.5  2.9531  0  0
16.5  3.01593  0  0
16.5  3.07876  0  0
17  0  0  0
17  0.0628319  0  0
17  0.125664  0  0
17  0.188496  0  0
17  0.251327  0.13506  0.135779
17  0.314159  0.123451  0.115313
17  0.376991  0.259046  0.136635
17  0.439823  0.230566  0.149669
17  0.502655  0.0957901  0.140668
17  0.565487  0.0728976  0.0432192
17  0.628319  0.0421643  0.015882
17  0.69115  0.0280568  0.00471507
17  0.753982  0.0304778  0.00534745
17  0.816814  0.0223345  0.00276881
17  0.879646  0.0236169  0.0027054
17  0.942478  0.0173839  0.00148602
17  1.00531  0.0196538  0.00206182
17  1.06814  0.0186174  0.00202971
17  1.13097  0.0173457  0.00158904
17  1.19381  0.021069  0.00256068
17  1.25664  0.0197032  0.00212203
17  1.31947  0.0202517  0.00272663
17  1.3823  0.0202646  0.00236514
17  1.44513  0.0207081  0.0026497
17  1.50796  0.0244963  0.00382052
17  1.5708  0.020157  0.00250382
17  1.63363  0.0210538  0.00292102
17  1.69646  0.0187151  0.00235056
17  1.75929  0.020269  0.00233836
17  1.82212  0.024214  0.00284013
17  1.88496  0.0201334  0.00238266
17  1.94779  0.0203626  0.00202386
17  2.01062  0.0241574  0.00332807
17  2.07345  0.0224715  0.00283263
17  2.13628  0.0185579  0.00194238
17  2.19911  0.0194422  0.00167613
17  2.26195  0.0186492  0.00205924
17  2.32478  0.0266477  0.0041149
17  2.38761  0.0365051  0.0101857
17  2.45044  0.0418022  0.02533
17  2.51327  0.07651  0.0487148
17  2.57611  0.046096  0.0299933
17  2.63894  0.129155  0.173133
17  2.70177  0.10659  0.109608
17  2.7646  0.188367  0.155157
17  2.82743  0.0129194  0.094801
17  2.89027  0  0
17  2.9531  0  0
17  3.01593  0  0
17  3.07876  0  0
17.5  0  0  0
17.5  0.0628319  0  0
17.5  0.125664  0  0
17.5  0.188496  0  0
17.5  0.251327  0.150116  0.075164
17.5  0.314159  0.20069  0.161709
17.5  0.376991  0.16951  0.157383
17.5  0.439823  0.165971  0.182682
17.5  0.502655  0.0649954  0.0469418
17.5  0.565487  0.0658805  0.0425498
17.5  0.628319  0.0551524  0.0186447
17.5  0.69115  0.0355985  0.00774685
17.5  0.753982  0.0283754  0.00456508
17.5  0.816814  0.0221342  0.00226647
17.5  0.879646  0.0180627  0.00144388
17.5  0.942478  0.0218176  0.0026902
17.5  1.00531  0.0181093  0.00182332
17.5  1.06814  0.0170907  0.00161416
17.5  1.13097  0.0167588  0.00159882
17.5  1.19381  0.0228683  0.00281075
17.5  1.25664  0.0214349  0.00298276
17.5  1.31947  0.0165537  0.0016819
17.5  1.3823  0.0222209  0.00319191
17.5  1.44513  0.0194436  0.00218202
17.5  1.50796  0.0200602  0.00280694
17.5  1.5708  0.018947  0.00196811
17.5  1.63363  0.021884  0.00297768
17.5  1.69646  0.0226013  0.00328047
17.5  1.75929  0.0221896  0.00279223
17.5  1.82212  0.018798  0.00248704
17.5  1.88496  0.0188593  0.0018407
17.5  1.94779  0.0173854  0.00186653
17.5  2.01062  0.0191815  0.00230726
17.5  2.07345  0.0197321  0.00203333
17.5  2.13628  0.0214693  0.00253938
17.5  2.19911  0.0220518  0.00224194
17.5  2.26195  0.017112  0.00173588
17.5  2.32478  0.0299793  0.00516664
17.5  2.38761  0.0364851  0.0085279
17.5  2.45044  0.039799  0.0125592
17.5  2.51327  0.0689874  0.0425149
17.5  2.57611  0.0771424  0.051827
17.5  2.63894  0.0926998  0.147666
17.5  2.70177  0.173589  0.160009
17.5  2.7646  0.242497  0.125785
17.5  2.82743  0.243237  0.12321
17.5  2.89027  0  0
17.5  2.9531  0  0
17.5  3.01593  0  0
17.5  3.07876  0  0
18  0  0  0
18  0.0628319  0  0
18  0.125664  0  0
18  0.188496  0  0
18  0.251327  0.255398  0.156412
18  0.314159  0.181346  0.165788
18  0.376991  0.255121  0.252998
18  0.439823  0.0922435  0.0880102
18  0.502655  0.0708077  0.0542895
18  0.565487  0.042857  0.0169879
18  0.628319  0.0423656  0.0162005
18  0.69115  0.0344019  0.00800783
18  0.753982  0.0262262  0.00413925
18  0.816814  0.0188894  0.00174622
18  0.879646  0.0183324  0.00151743
18  0.942478  0.0202408  0.00193675
18  1.00531  0.0200835  0.00206093
18  1.06814  0.0215468  0.00277568
18  1.13097  0.0208656  0.00272813
18  1.19381  0.0236401  0.00296284
18  1.25664  0.0190597  0.00227409
18  1.31947  0.0212782  0.00309211
18  1.3823  0.0197847  0.00257964
18  1.44513  0.0252981  0.00389082
18  1.50796  0.0235298  0.00322695
18  1.5708  0.0175237  0.00185317
18  1.63363  0.0178056  0.00186982
18  1.69646  0.0193649  0.00181034
18  1.75929  0.01816  0.00192427
18  1.82212  0.0194951  0.00251166
18  1.88496  0.0203909  0.00266783
18  1.94779  0.0170062  0.00160594
18  2.01062  0.0202011  0.00201051
18  2.07345  0.0188414  0.0019299
18  2.13628  0.0175104  0.00158725
18  2.19911  0.0194518  0.00170316
18  2.26195  0.0288551  0.00458431
18  2.32478  0.0257186  0.00324937
18  2.38761  0.0338562  0.00770727
18  2.45044  0.0416003  0.0126389
18  2.51327  0.0581197  0.0303462
18  2.57611  0.0850956  0.0787042
18  2.63894  0.082153  0.0806245
18  2.70177  0.196158  0.11319
18  2.7646  0.243859  0.225797
18  2.82743  0.102831  0.101873
18  2.89027  0  0
18  2.9531  0  0
18  3.01593  0  0
18  3.07876  0  0
18.5  0  0  0
18.5  0.0628319  0  0
18.5  0.125664  0  0
18.5  0.188496  0  0
18.5  0.251327  0.158173  0.158173
18.5  0.314159  0.258675  0.190627
18.5  0.376991  0.126206  0.184193
18.5  0.439823  0.123722  0.195633
18.5  0.502655  0.0743971  0.0656805
18.5  0.565487  0.058346  0.0313864
18.5  0.628319  0.049352  0.0200185
18.5  0.69115  0.0297508  0.00615674
18.5  0.753982  0.0293705  0.00468272
18.5  0.816814  0.0187092  0.00181509
18.5  0.879646  0.0193323  0.00172237
18.5  0.942478  0.0187676  0.00190129
18.5  1.00531  0.0214405  0.00232964
18.5  1.06814  0.0164813  0.00154186
18.5  1.13097  0.0198859  0.0021276
18.5  1.19381  0.0189116  0.002253
18.5  1.25664  0.0216549  0.00290401
18.5  1.31947  0.0199819  0.0023588
18.5  1.3823  0.019007  0.00232673
18.5  1.44513  0.0190289  0.00224487
18.5  1.50796  0.017883  0.00221573
18.5  1.5708  0.0202606  0.00271148
18.5  1.63363  0.0178097  0.00170349
18.5  1.69646  0.0209614  0.00272754
18.5  1.75929  0.0217324  0.00265869
18.5  1.82212  0.0191774  0.00202895
18.5  1.88496  0.01901  0.00243118
18.5  1.94779  0.0186529  0.00206925
18.5  2.01062  0.0190124  0.00212175
18.5  2.07345  0.0170665  0.00159454
18.5  2.13628  0.020785  0.00213723
18.5  2.19911  0.0224465  0.00262943
18.5  2.26195  0.0213077  0.00215513
18.5  2.32478  0.0212379  0.00272552
18.5  2.38761  0.0356504  0.00990257
18.5  2.45044  0.0299958  0.00772744
18.5  2.51327  0.0566627  0.0275467
18.5  2.57611  0.0713939  0.0505533
18.5  2.63894  0.12703  0.183006
18.5  2.70177  0.106439  0.165592
18.5  2.7646  0.0920606  0.142108
18.5  2.82743  0.193799  0.136809
18.5  2.89027  0  0
18.5  2.9531  0  0
18.5  3.01593  0  0
18.5  3.07876  0  0
19  0  0  0
19  0.0628319  0  0
19  0.125664  0  0
19  0.188496  0  0
19  0.251327  0.258759  1.70226
19  0.314159  0.307794  0.154519
19  0.376991  0.185561  0.117687
19  0.439823  0.0591686  0.0522264
19  0.502655  0.106126  0.152594
19  0.565487  0.0570551  0.0282881
19  0.628319  0.0354573  0.0101628
19  0.69115  0.0229051  0.0040731
19  0.753982  0.0271085  0.00408055
19  0.816814  0.0185765  0.00188573
19  0.879646  0.0189054  0.00169552
19  0.942478  0.0181699  0.00215466
19  1.00531  0.0179503  0.00167061
19  1.06814  0.0225779  0.00278879
19  1.13097  0.0233987  0.00293912
19  1.19381  0.0212236  0.00272517
19  1.25664  0.0180639  0.00177321
19  1.31947  0.0183745  0.00199355
19  1.3823  0.0177442  0.00194092
19  1.44513  0.019827  0.00240924
19  1.50796  0.0190938  0.00229628
19  1.5708  0.0239135  0.00393147
19  1.63363  0.0213286  0.00286197
19  1.69646  0.023456  0.00310816
19  1.75929  0.0205928  0.00258045
19  1.82212  0.0196193  0.00230348
19  1.88496  0.0195568  0.00259866
19  1.94779  0.0220196  0.00258032
19  2.01062  0.0192758  0.00192333
19  2.07345  0.018508  0.00161735
19  2.13628  0.0191035  0.00184859
19  2.19911  0.0174446  0.00151557
19  2.26195  0.020768  0.00223422
19  2.32478  0.0239984  0.0031974
19  2.38761  0.0286496  0.00587678
19  2.45044  0.0474147  0.0175504
19  2.51327  0.0650522  0.0426085
19  2.57611  0.0778586  0.0598297
19  2.63894  0.0967625  0.147994
19  2.70177  0.243716  0.220461
19  2.7646  0.191451  0.207355
19  2.82743  0.126395  0.081595
19  2.89027  0  0
19  2.9531  0  0
19  3.01593  0  0
19  3.07876  0  0
19.5  0  0  0
19.5  0.0628319  0  0
19.5  0.125664  0  0
19.5  0.188496  0  0
19.5  0.251327  0.121126  0.164859
19.5  0.314159  0.204922  0.204369
19.5  0.376991  0.14922  0.0977241
19.5  0.439823  0.0977098  0.0912259
19.5  0.502655  0.0721602  0.0545663
19.5  0.565487  0.0562716  0.0273279
19.5  0.628319  0.0328746  0.0104204
19.5  0.69115  0.0310843  0.0068587
19.5  0.753982  0.0271049  0.00367405
19.5  0.816814  0.0188846  0.00189468
19.5  0.879646  0.0180614  0.00180983
19.5  0.942478  0.0208557  0.00215419
19.5  1.00531  0.018532  0.00177776
19.5  1.06814  0.0206775  0.00230175
19.5  1.13097  0.0209002  0.00260235
19.5  1.19381  0.0212645  0.00266565
19.5  1.25664  0.0191065  0.00236519
19.5  1.31947  0.0217323  0.00305663
19.5  1.3823  0.0209883  0.00281969
19.5  1.44513  0.0173938  0.0021893
19.5  1.50796  0.0185058  0.00207654
19.5  1.5708  0.0205182  0.00212753
19.5  1.63363  0.0213852  0.00252032
19.5  1.69646  0.0223948  0.00308665
19.5  1.75929  0.0194874  0.00227769
19.5  1.82212  0.0167497  0.00181542
19.5  1.88496  0.0202439  0.00246503
19.5  1.94779  0.0201686  0.00243965
19.5  2.01062  0.0180732  0.0019177
19.5  2.07345  0.0215574  0.00242412
19.5  2.13628  0.0237232  0.00296255
19.5  2.19911  0.0216749  0.0023511
19.5  2.26195  0.0217699  0.00208014
19.5  2.32478  0.0228737  0.00332071
19.5  2.38761  0.0343074  0.00745577
19.5  2.45044  0.00686328  0.132621
19.5  2.51327  0.0666934  0.0476237
19.5  2.57611  0.0537628  0.0357668
19.5  2.63894  0.0923143  0.148528
19.5  2.70177  0.229655  0.229622
19.5  2.7646  0.0759564  0.0863791
19.5  2.82743  0.100139  0.0990659
19.5  2.89027  0  0
19.5  2.9531  0  0
19.5  3.01593  0  0
19.5  3.07876  0  0
20  0  0  0
20  0.0628319  0  0
20  0.125664  0  0
20  0.188496  0  0
20  0.251327  0.218158  0.212252
20  0.314159  0.188955  0.171149
20  0.376991  0.0841616  0.141415
20  0.439823  0.125654  0.175224
20  0.502655  0.0532333  0.0412411
20  0.565487  0.0684618  0.0384478
20  0.628319  0.0372603  0.00988331
20  0.69115  0.0259828  0.00463203
20  0.753982  0.0228106  0.0026394
20  0.816814  0.0185055  0.00184219
20  0.879646  0.0203798  0.0019257
20  0.942478  0.0171746  0.00145783
20  1.00531  0.0185596  0.00199991
20  1.06814  0.0170452  0.00171361
20  1.13097  0.0217698  0.00270185
20  1.19381  0.0191753  0.00224444
20  1.25664  0.0264523  0.00436009
20  1.31947  0.0199676  0.00234591
20  1.3823  0.0198238  0.00230713
20  1.44513  0.0189163  0.00228892
20  1.50796  0.0241507  0.00375526
20  1.5708  0.0189481  0.0022693
20  1.63363  0.0169988  0.0019563
20  1.69646  0.0172104  0.00205743
20  1.75929  0.0215982  0.00317768
20  1.82212  0.0212269  0.0024546
20  1.88496  0.0235354  0.00315236
20  1.94779  0.0198926  0.00194324
20  2.01062  0.0178397  0.00177138
20  2.07345  0.0198159  0.00203892
20  2.13628  0.0181169  0.00179528
20  2.19911  0.0229201  0.00242769
20  2.26195  0.0208088  0.0025135
20  2.32478  0.0252243  0.00382226
20  2.38761  0.0332074  0.00834162
20  2.45044  0.0366828  0.013295
20  2.51327  0.0741068  0.0548441
20  2.57611  0.0550433  0.0440342
20  2.63894  0.168419  0.131193
20  2.70177  0.102358  0.162075
20  2.7646  0.116617  0.130816
20  2.82743  0.237798  0.126788
20  2.89027  0  0
20  2.9531  0  0
20  3.01593  0  0
20  3.07876  0  0
20.5  0  0  0
20.5  0.0628319  0  0
20.5  0.125664  0  0
20.5  0.188496  0  0
20.5  0.251327  0.178234  0.17531
20.5  0.314159  0.136197  0.146738
20.5  0.376991  0.215378  0.154376
20.5  0.439823  0.132445  0.11388
20.5  0.502655  0.0798135  0.0578925
20.5  0.565487  0.054605  0.0259921
20.5  0.628319  0.0622649  0.0297028
20.5  0.69115  0.0254514  0.00439721
20.5  0.753982  0.0249455  0.0039111
20.5  0.816814  0.0208842  0.00204582
20.5  0.879646  0.0172777  0.0014133
20.5  0.942478  0.0181623  0.00168658
20.5  1.00531  0.0188019  0.00206384
20.5  1.06814  0.0184984  0.00209351
20.5  1.13097  0.0166957  0.00171211
20.5  1.19381  0.0205166  0.00247977
20.5  1.25664  0.0170853  0.0018224
20.5  1.31947  0.0185493  0.00206284
20.5  1.3823  0.0235749  0.00347312
20.5  1.44513  0.0181329  0.00182607
20.5  1.50796  0.0240758  0.0036736
20.5  1.5708  0.0253904  0.00469572
20.5  1.63363  0.0154144  0.00176515
20.5  1.69646  0.0203947  0.00220483
20.5  1.75929  0.0247683  0.00421867
20.5  1.82212  0.0219687  0.00301246
20.5  1.88496  0.0232421  0.0031333
20.5  1.94779  0.0181675  0.00176607
20.5  2.01062  0.017673  0.00182445
20.5  2.07345  0.0195628  0.00213014
20.5  2.13628  0.0184207  0.00176664
20.5  2.19911  0.0200698  0.00176013
20.5  2.26195  0.0189237  0.00266209
20.5  2.32478  0.0261349  0.00372291
20.5  2.38761  0.0242949  0.00409641
20.5  2.45044  0.0415753  0.0167399
20.5  2.51327  0.0406825  0.0153121
20.5  2.57611  0.0547107  0.0295791
20.5  2.63894  0.0914972  0.0811852
20.5  2.70177  0.129884  0.122091
20.5  2.7646  0.197156  0.100559
20.5  2.82743  0.186673  0.120171
20.5  2.89027  0  0
20.5  2.9531  0  0
20.5  3.01593  0  0
20.5  3.07876  0  0
21  0  0  0
21  0.0628319  0  0
21  0.125664  0  0
21  0.188496  0  0
21  0.251327  0.157846  0.0797689
21  0.314159  0.2955  0.292835
21  0.376991  0.230813  0.146769
21  0.439823  0.19324  0.183857
21  0.502655  0.0672513  0.0475429
21  0.565487  0.0673059  0.0393569
21  0.628319  0.0305312  0.0070624
21  0.69115  0.0266345  0.00478087
21  0.753982  0.0246701  0.00360828
21  0.816814  0.0204824  0.00230181
21  0.879646  0.0178927  0.00154168
21  0.942478  0.0150899  0.0014006
21  1.00531  0.0209781  0.00243599
21  1.06814  0.0182923  0.00162252
21  1.13097  0.0196183  0.00212579
21  1.19381  0.0204277  0.00249672
21  1.25664  0.0189098  0.00200708
21  1.31947  0.0183717  0.00216521
21  1.3823  0.0230824  0.00349656
21  1.44513  0.0208596  0.0029068
21  1.50796  0.0193481  0.00225884
21  1.5708  0.0201877  0.00259236
21  1.63363  0.0197798  0.00247502
21  1.69646  0.0191426  0.00221503
21  1.75929  0.0195579  0.00215111
21  1.82212  0.0224693  0.00330887
21  1.88496  0.0227348  0.00292341
21  1.94779  0.0190663  0.00197941
21  2.01062  0.0180239  0.00198224
21  2.07345  0.0227295  0.00289537
21  2.13628  0.0189527  0.00189498
21  2.19911  0.0188968  0.00171941
21  2.26195  0.0181167  0.00155872
21  2.32478  0.0230425  0.00297138
21  2.38761  0.0243985  0.00388872
21  2.45044  0.0408213  0.0144349
21  2.51327  0.0396008  0.0143963
21  2.57611  0.0821917  0.130988
21  2.63894  0.102996  0.149118
21  2.70177  0.124641  0.152061
21  2.7646  0.162911  0.156257
21  2.82743  0.263825  0.262266
21  2.89027  0  0
21  2.9531  0  0
21  3.01593  0  0
21  3.07876  0  0
21.5  0  0  0
21.5  0.0628319  0  0
21.5  0.125664  0  0
21.5  0.188496  0  0
21.5  0.251327  0.295026  0.17352
21.5  0.314159  0.135701  0.196742
21.5  0.376991  0.171647  0.143976
21.5  0.439823  0.0837072  0.0703451
21.5  0.502655  0.0539282  0.032381
21.5  0.565487  0.0522034  0.0327982
21.5  0.628319  0.0432986  0.0142118
21.5  0.69115  0.0283721  0.00504921
21.5  0.753982  0.0190381  0.00224937
21.5  0.816814  0.0211317  0.00220896
21.5  0.879646  0.0218905  0.00255538
21.5  0.942478  0.0162223  0.00141681
21.5  1.00531  0.0182891  0.00190587
21.5  1.06814  0.0172746  0.00156654
21.5  1.13097  0.0189078  0.00200351
21.5  1.19381  0.0191262  0.00215938
21.5  1.25664  0.0188374  0.00190713
21.5  1.31947  0.0194827  0.002351
21.5  1.3823  0.0186108  0.00214816
21.5  1.44513  0.018629  0.0020738
21.5  1.50796  0.0210007  0.00296718
21.5  1.5708  0.0205085  0.00250525
21.5  1.63363  0.0161028  0.00178397
21.5  1.69646  0.0181894  0.00212415
21.5  1.75929  0.0177018  0.00196915
21.5  1.82212  0.0185481  0.0022624
21.5  1.88496  0.0203071  0.00240433
21.5  1.94779  0.019105  0.00202805
21.5  2.01062  0.0178802  0.00173331
21.5  2.07345  0.019525  0.00216199
21.5  2.13628  0.0205469  0.0022427
21.5  2.19911  0.0181636  0.00193491
21.5  2.26195  0.0237072  0.00310347
21.5  2.32478  0.0225377  0.00314283
21.5  2.38761  0.023143  0.00369492
21.5  2.45044  0.03687  0.0108929
21.5  2.51327  0.0519827  0.0252472
21.5  2.57611  0.070087  0.0654099
21.5  2.63894  0.0670991  0.0618191
21.5  2.70177  0.131258  0.109706
21.5  2.7646  0.246745  0.188322
21.5  2.82743  0.0602023  0.100336
21.5  2.89027  0  0
21.5  2.9531  0  0
21.5  3.01593  0  0
21.5  3.07876  0  0
22  0  0  0
22  0.0628319  0  0
22  0.125664  0  0
22  0.188496  0.251594  2.01348
22  0.251327  0.163389  0.0907803
22  0.314159  0.10728  0.169951
22  0.376991  0.169368  0.0987438
22  0.439823  0.072253  0.0680501
22  0.502655  0.0529781  0.0401442
22  0.565487  0.0714257  0.0489006
22  0.628319  0.0419358  0.0152346
22  0.69115  0.026957  0.00489923
22  0.753982  0.0228672  0.00300825
22  0.816814  0.0207334  0.00253635
22  0.879646  0.020659  0.00236272
22  0.942478  0.0206882  0.00215083
22  1.00531  0.0176865  0.00186918
22  1.06814  0.0196315  0.00256505
22  1.13097  0.0170077  0.0017528
22  1.19381  0.0198274  0.00229639
22  1.25664  0.0185968  0.0021951
22  1.31947  0.0196132  0.0023195
22  1.3823  0.0199181  0.0022936
22  1.44513  0.0194448  0.00246612
22  1.50796  0.0191038  0.00207829
22  1.5708  0.01745  0.00203513
22  1.63363  0.019015  0.00216779
22  1.69646  0.0171697  0.00178316
22  1.75929  0.020744  0.00328412
22  1.82212  0.0200923  0.00285638
22  1.88496  0.0195852  0.00220452
22  1.94779  0.017215  0.001573
22  2.01062  0.0205102  0.00246638
22  2.07345  0.0186906  0.00177752
22  2.13628  0.0201783  0.00189876
22  2.19911  0.0167048  0.00143351
22  2.26195  0.0197002  0.00200933
22  2.32478  0.0208274  0.00228548
22  2.38761  0.0286231  0.00556998
22  2.45044  0.0356619  0.011406
22  2.51327  0.046412  0.0195927
22  2.57611  0.0655332  0.0469408
22  2.63894  0.0891491  0.146544
22  2.70177  0.122346  0.185942
22  2.7646  0.172474  0.166334
22  2.82743  0.201543  0.14347
22  2.89027  0  0
22  2.9531  0  0
22  3.01593  0  0
22  3.07876  0  0
22.5  0  0  0
22.5  0.0628319  0  0
22.5  0.125664  0  0
22.5  0.188496  0  0
22.5  0.251327  0.134558  0.114822
22.5  0.314159  0.133685  0.146776
22.5  0.376991  0.0776331  0.13439
22.5  0.439823  0.0910224  0.145632
22.5  0.502655  0.0892009  0.0726555
22.5  0.565487  0.0385038  0.0134578
22.5  0.628319  0.02913  0.00803535
22.5  0.69115  0.0230687  0.00331395
22.5  0.753982  0.0212649  0.00231564
22.5  0.816814  0.0199235  0.00179511
22.5  0.879646  0.0192698  0.0019708
22.5  0.942478  0.0175323  0.00189934
22.5  1.00531  0.0192467  0.00173797
22.5  1.06814  0.0235612  0.00305882
22.5  1.13097  0.0211499  0.00285694
22.5  1.19381  0.0174968  0.00167711
22.5  1.25664  0.0177437  0.0019303
22.5  1.31947  0.0178586  0.00195118
22.5  1.3823  0.0179261  0.00186566
22.5  1.44513  0.0176539  0.00193829
22.5  1.50796  0.0190771  0.00263678
22.5  1.5708  0.0208289  0.00293857
22.5  1.63363  0.0178754  0.00210977
22.5  1.69646  0.0177982  0.00185695
22.5  1.75929  0.0197154  0.00236617
22.5  1.82212  0.0168439  0.00176027
22.5  1.88496  0.0222435  0.00292047
22.5  1.94779  0.0189208  0.00186883
22.5  2.01062  0.0172647  0.00147463
22.5  2.07345  0.0172023  0.00161452
22.5  2.13628  0.0183089  0.00163715
22.5  2.19911  0.0175301  0.00156266
22.5  2.26195  0.0190033  0.00185538
22.5  2.32478  0.0226705  0.00300898
22.5  2.38761  0.0286565  0.00522191
22.5  2.45044  0.0501336  0.0242793
22.5  2.51327  0.0510257  0.032444
22.5  2.57611  0.0915643  0.0689875
22.5  2.63894  0.113963  0.16682
22.5  2.70177  0.0916689  0.133263
22.5  2.7646  0.0722898  0.13428
22.5  2.82743  0.4538  0.38199
22.5  2.89027  0  0
22.5  2.9531  0  0
22.5  3.01593  0  0
22.5  3.07876  0  0
23  0  0  0
23  0.0628319  0  0
23  0.125664  0  0
23  0.188496  0  0
23  0.251327  0.297385  0.269199
23  0.314159  0.119372  0.129738
23  0.376991  0.0831838  0.141606
23  0.439823  0.126694  0.174175
23  0.502655  0.0649188  0.040471
23  0.565487  0.0385858  0.0143425
23  0.628319  0.0325045  0.00962993
23  0.69115  0.0289473  0.00637251
23  0.753982  0.0266126  0.0037496
23  0.816814  0.0182934  0.00172517
23  0.879646  0.020125  0.00211863
23  0.942478  0.0174013  0.00164241
23  1.00531  0.0197295  0.00203989
23  1.06814  0.0172915  0.00167746
23  1.13097  0.0198233  0.00239416
23  1.19381  0.0208342  0.00262951
23  1.25664  0.0203181  0.00229235
23  1.31947  0.026157  0.00446581
23  1.3823  0.0206943  0.00243021
23  1.44513  0.0164709  0.00188906
23  1.50796  0.0197754  0.0023092
23  1.5708  0.0196153  0.00254046
23  1.63363  0.0173298  0.00200476
23  1.69646  0.0190627  0.00224333
23  1.75929  0.0204745  0.00327369
23  1.82212  0.0187724  0.00220184
23  1.88496  0.0187867  0.00174158
23  1.94779  0.0184869  0.00169631
23  2.01062  0.0224563  0.0025934
23  2.07345  0.0181951  0.00169233
23  2.13628  0.0175334  0.00171531
23  2.19911  0.0185142  0.0018837
23  2.26195  0.0223622  0.00282241
23  2.32478  0.0182217  0.00202444
23  2.38761  0.029936  0.00592938
23  2.45044  0.0384793  0.0108067
23  2.51327  0.0442581  0.0186919
23  2.57611  0.0922837  0.137471
23  2.63894  0.0933233  0.0788458
23  2.70177  0.193717  0.173606
23  2.7646  0.285514  0.156863
23  2.82743  0.245693  0.195992
23  2.89027  0  0
23  2.9531  0  0
23  3.01593  0  0
23  3.07876  0  0
23.5  0  0  0
23.5  0.0628319  0  0
23.5  0.125664  0  0
23.5  0.188496  0  0
23.5  0.251327  0.138078  0.118941
23.5  0.314159  0.116313  0.185229
23.5  0.376991  0.111412  0.144737
23.5  0.439823  0.0916845  0.138175
23.5  0.502655  0.0565007  0.0354483
23.5  0.565487  0.0502838  0.0221192
23.5  0.628319  0.0286433  0.00663588
23.5  0.69115  0.024925  0.00496836
23.5  0.753982  0.0186075  0.00200366
23.5  0.816814  0.0185268  0.00166842
23.5  0.879646  0.0175656  0.001431
23.5  0.942478  0.0185482  0.00163271
23.5  1.00531  0.0210646  0.00207449
23.5  1.06814  0.0215612  0.00253422
23.5  1.13097  0.0174492  0.00191822
23.5  1.19381  0.0208916  0.0025188
23.5  1.25664  0.0158844  0.00169424
23.5  1.31947  0.0161649  0.00152904
23.5  1.3823  0.0184404  0.00193171
23.5  1.44513  0.0204005  0.00229686
23.5  1.50796  0.0200056  0.00233602
23.5  1.5708  0.0203951  0.00257586
23.5  1.63363  0.0156017  0.00169393
23.5  1.69646  0.018282  0.00210103
23.5  1.75929  0.0183869  0.0023513
23.5  1.82212  0.0185621  0.00225362
23.5  1.88496  0.0194548  0.00211161
23.5  1.94779  0.02273  0.00306773
23.5  2.01062  0.0177386  0.00200013
23.5  2.07345  0.0196957  0.00214808
23.5  2.13628  0.0173168  0.00160204
23.5  2.19911  0.0164853  0.00128027
23.5  2.26195  0.0219738  0.00247263
23.5  2.32478  0.0181896  0.00186423
23.5  2.38761  0.0229377  0.00413486
23.5  2.45044  0.0370074  0.0117633
23.5  2.51327  0.0544322  0.0267227
23.5  2.57611  0.0542453  0.0377258
23.5  2.63894  0.125025  0.117048
23.5  2.70177  0.139024  0.12871
23.5  2.7646  0.180563  0.0904152
23.5  2.82743  0.0460428  0.0791055
23.5  2.89027  0  0
23.5  2.9531  0  0
23.5  3.01593  0  0
23.5  3.07876  0  0
24  0  0  0
24  0.0628319  0  0
24  0.125664  0  0
24  0.188496  0  0
24  0.251327  0.152038  0.127407
24  0.314159  0.236689  0.118415
24  0.376991  0.118482  0.0961964
24  0.439823  0.0796428  0.0743326
24  0.502655  0.0979971  0.143239
24  0.565487  0.052724  0.0263715
24  0.628319  0.0279947  0.00663895
24  0.69115  0.0243382  0.00373166
24  0.753982  0.020054  0.00227502
24  0.816814  0.0182734  0.00194978
24  0.879646  0.0174149  0.00140681
24  0.942478  0.0180449  0.00157665
24  1.00531  0.0155952  0.0013837
24  1.06814  0.0182957  0.00163451
24  1.13097  0.0187724  0.00236672
24  1.19381  0.0170202  0.00189052
24  1.25664  0.0188307  0.00237099
24  1.31947  0.0183551  0.00232424
24  1.3823  0.0176351  0.00188292
24  1.44513  0.0182307  0.00217346
24  1.50796  0.0214596  0.00267543
24  1.5708  0.018022  0.0018918
24  1.63363  0.0184756  0.00227021
24  1.69646  0.0183148  0.0020955
24  1.75929  0.0212254  0.00301354
24  1.82212  0.0204312  0.00262465
24  1.88496  0.0192302  0.00221777
24  1.94779  0.0184091  0.00204823
24  2.01062  0.0215642  0.00231378
24  2.07345  0.0202949  0.00207264
24  2.13628  0.0204913  0.00232471
24  2.19911  0.0184846  0.00171398
24  2.26195  0.0204226  0.00196376
24  2.32478  0.0189577  0.00228168
24  2.38761  0.0238764  0.0036126
24  2.45044  0.0335913  0.00950497
24  2.51327  0.0436919  0.019365
24  2.57611  0.0551455  0.0378782
24  2.63894  0.0913327  0.086577
24  2.70177  0.163755  0.147232
24  2.7646  0.151516  0.162917
24  2.82743  0.179339  0.105393
24  2.89027  0  0
24  2.9531  0  0
24  3.01593  0  0
24  3.07876  0  0
24.5  0  0  0
24.5  0.0628319  0  0
24.5  0.125664  0  0
24.5  0.188496  0  0
24.5  0.251327  0.104811  0.144166
24.5  0.314159  0.308307  0.202601
24.5  0.376991  0.178688  0.135677
24.5  0.439823  0.133094  0.104264
24.5  0.502655  0.0507661  0.029603
24.5  0.565487  0.0650299  0.0385239
24.5  0.628319  0.028243  0.00748262
24.5  0.69115  0.0318096  0.00768405
24.5  0.753982  0.0259851  0.0048895
24.5  0.816814  0.021216  0.00231276
24.5  0.879646  0.0172225  0.00147039
24.5  0.942478  0.0209978  0.00248996
24.5  1.00531  0.0195253  0.00204021
24.5  1.06814  0.0181952  0.0017585
24.5  1.13097  0.018269  0.00167905
24.5  1.19381  0.0204105  0.00225577
24.5  1.25664  0.0208518  0.00258327
24.5  1.31947  0.0172343  0.00186451
24.5  1.3823  0.0199065  0.0024056
24.5  1.44513  0.0199977  0.00236745
24.5  1.50796  0.0223126  0.00370061
24.5  1.5708  0.0205714  0.00295797
24.5  1.63363  0.0186817  0.0020634
24.5  1.69646  0.0176577  0.00199944
24.5  1.75929  0.0205342  0.00305372
24.5  1.82212  0.0182519  0.00208012
24.5  1.88496  0.0195334  0.00225054
24.5  1.94779  0.0187839  0.00197353
24.5  2.01062  0.019715  0.00221584
24.5  2.07345  0.0208405  0.00202557
24.5  2.13628  0.0163772  0.00128559
24.5  2.19911  0.0186937  0.00156908
24.5  2.26195  0.0195247  0.00205796
24.5  2.32478  0.0193444  0.00219967
24.5  2.38761  0.0246529  0.00403572
24.5  2.45044  0.0376046  0.014541
24.5  2.51327  0.0617863  0.032442
24.5  2.57611  0.064341  0.0406919
24.5  2.63894  0.154145  0.119913
24.5  2.70177  0.0672952  0.1206
24.5  2.7646  0.16457  0.131646
24.5  2.82743  0.160891  0.110566
24.5  2.89027  0  0
24.5  2.9531  0  0
24.5  3.01593  0  0
24.5  3.07876  0  0
