4  0  0  0
4  0.0628319  0  0
4  0.125664  0  0
4  0.188496  0  0
4  0.251327  0  0
4  0.314159  0  0
4  0.376991  0  0
4  0.439823  0  0
4  0.502655  0  0
4  0.565487  0  0
4  0.628319  0  0
4  0.69115  0  0
4  0.753982  0  0
4  0.816814  0  0
4  0.879646  0  0
4  0.942478  0  0
4  1.00531  0  0
4  1.06814  0  0
4  1.13097  0  0
4  1.19381  0  0
4  1.25664  0  0
4  1.31947  0  0
4  1.3823  0  0
4  1.44513  0  0
4  1.50796  0  0
4  1.5708  0  0
4  1.63363  0  0
4  1.69646  0  0
4  1.75929  0  0
4  1.82212  0  0
4  1.88496  0  0
4  1.94779  0  0
4  2.01062  0  0
4  2.07345  0  0
4  2.13628  0  0
4  2.19911  0  0
4  2.26195  0  0
4  2.32478  0  0
4  2.38761  0  0
4  2.45044  0  0
4  2.51327  0  0
4  2.57611  0  0
4  2.63894  0  0
4  2.70177  0  0
4  2.7646  0  0
4  2.82743  0  0
4  2.89027  0  0
4  2.9531  0  0
4  3.01593  0  0
4  3.07876  0  0
4.5  0  0  0
4.5  0.0628319  0  0
4.5  0.125664  0  0
4.5  0.188496  0  0
4.5  0.251327  0  0
4.5  0.314159  0  0
4.5  0.376991  0  0
4.5  0.439823  0  0
4.5  0.502655  0  0
4.5  0.565487  0  0
4.5  0.628319  0  0
4.5  0.69115  0  0
4.5  0.753982  0  0
4.5  0.816814  0  0
4.5  0.879646  0  0
4.5  0.942478  0  0
4.5  1.00531  0  0
4.5  1.06814  0  0
4.5  1.13097  0  0
4.5  1.19381  0  0
4.5  1.25664  0  0
4.5  1.31947  0  0
4.5  1.3823  0  0
4.5  1.44513  0  0
4.5  1.50796  0  0
4.5  1.5708  0  0
4.5  1.63363  0  0
4.5  1.69646  0  0
4.5  1.75929  0  0
4.5  1.82212  0  0
4.5  1.88496  0  0
4.5  1.94779  0  0
4.5  2.01062  0  0
4.5  2.07345  0  0
4.5  2.13628  0  0
4.5  2.19911  0  0
4.5  2.26195  0  0
4.5  2.32478  0  0
4.5  2.38761  0  0
4.5  2.45044  0  0
4.5  2.51327  0  0
4.5  2.57611  0  0
4.5  2.63894  0  0
4.5  2.70177  0  0
4.5  2.7646  0  0
4.5  2.82743  0  0
4.5  2.89027  0  0
4.5  2.9531  0  0
4.5  3.01593  0  0
4.5  3.07876  0  0
5  0  0  0
5  0.0628319  0  0
5  0.125664  0  0
5  0.188496  0  0
5  0.251327  0  0
5  0.314159  0  0
5  0.376991  0  0
5  0.439823  0  0
5  0.502655  0  0
5  0.565487  0  0
5  0.628319  0  0
5  0.69115  0  0
5  0.753982  0  0
5  0.816814  0  0
5  0.879646  0  0
5  0.942478  0  0
5  1.00531  0  0
5  1.06814  0  0
5  1.13097  0  0
5  1.19381  0  0
5  1.25664  0  0
5  1.31947  0  0
5  1.3823  0  0
5  1.44513  0  0
5  1.50796  0  0
5  1.5708  0  0
5  1.63363  0  0
5  1.69646  0  0
5  1.75929  0  0
5  1.82212  0  0
5  1.88496  0  0
5  1.94779  0  0
5  2.01062  0  0
5  2.07345  0  0
5  2.13628  0  0
5  2.19911  0  0
5  2.26195  0  0
5  2.32478  0  0
5  2.38761  0  0
5  2.45044  0  0
5  2.51327  0  0
5  2.57611  0  0
5  2.63894  0  0
5  2.70177  0  0
5  2.7646  0  0
5  2.82743  0  0
5  2.89027  0  0
5  2.9531  0  0
5  3.01593  0  0
5  3.07876  0  0
5.5  0  0  0
5.5  0.0628319  0  0
5.5  0.125664  0  0
5.5  0.188496  0  0
5.5  0.251327  0  0
5.5  0.314159  0  0
5.5  0.376991  0  0
5.5  0.439823  0  0
5.5  0.502655  0  0
5.5  0.565487  0  0
5.5  0.628319  0  0
5.5  0.69115  0  0
5.5  0.753982  0  0
5.5  0.816814  0  0
5.5  0.879646  0  0
5.5  0.942478  0  0
5.5  1.00531  0  0
5.5  1.06814  0  0
5.5  1.13097  0  0
5.5  1.19381  0  0
5.5  1.25664  0  0
5.5  1.31947  0  0
5.5  1.3823  0  0
5.5  1.44513  0  0
5.5  1.50796  0  0
5.5  1.5708  0  0
5.5  1.63363  0  0
5.5  1.69646  0  0
5.5  1.75929  0  0
5.5  1.82212  0  0
5.5  1.88496  0  0
5.5  1.94779  0  0
5.5  2.01062  0  0
5.5  2.07345  0  0
5.5  2.13628  0  0
5.5  2.19911  0  0
5.5  2.26195  0  0
5.5  2.32478  0  0
5.5  2.38761  0  0
5.5  2.45044  0  0
5.5  2.51327  0  0
5.5  2.57611  0  0
5.5  2.63894  0  0
5.5  2.70177  0  0
5.5  2.7646  0  0
5.5  2.82743  0  0
5.5  2.89027  0  0
5.5  2.9531  0  0
5.5  3.01593  0  0
5.5  3.07876  0  0
6  0  0  0
6  0.0628319  0  0
6  0.125664  0  0
6  0.188496  0  0
6  0.251327  0  0
6  0.314159  0  0
6  0.376991  0  0
6  0.439823  0  0
6  0.502655  0  0
6  0.565487  0  0
6  0.628319  0  0
6  0.69115  0  0
6  0.753982  0  0
6  0.816814  0  0
6  0.879646  0  0
6  0.942478  0  0
6  1.00531  0  0
6  1.06814  0  0
6  1.13097  0  0
6  1.19381  0  0
6  1.25664  0  0
6  1.31947  0  0
6  1.3823  0  0
6  1.44513  0  0
6  1.50796  0  0
6  1.5708  0  0
6  1.63363  0  0
6  1.69646  0  0
6  1.75929  0  0
6  1.82212  0  0
6  1.88496  0  0
6  1.94779  0  0
6  2.01062  0  0
6  2.07345  0  0
6  2.13628  0  0
6  2.19911  0  0
6  2.26195  0  0
6  2.32478  0  0
6  2.38761  0  0
6  2.45044  0  0
6  2.51327  0  0
6  2.57611  0  0
6  2.63894  0  0
6  2.70177  0  0
6  2.7646  0  0
6  2.82743  0  0
6  2.89027  0  0
6  2.9531  0  0
6  3.01593  0  0
6  3.07876  0  0
6.5  0  0  0
6.5  0.0628319  0  0
6.5  0.125664  0  0
6.5  0.188496  0  0
6.5  0.251327  0  0
6.5  0.314159  0  0
6.5  0.376991  0  0
6.5  0.439823  0  0
6.5  0.502655  0  0
6.5  0.565487  0  0
6.5  0.628319  0  0
6.5  0.69115  0  0
6.5  0.753982  0  0
6.5  0.816814  0  0
6.5  0.879646  0  0
6.5  0.942478  0  0
6.5  1.00531  0  0
6.5  1.06814  0  0
6.5  1.13097  0  0
6.5  1.19381  0  0
6.5  1.25664  0  0
6.5  1.31947  0  0
6.5  1.3823  0  0
6.5  1.44513  0  0
6.5  1.50796  0  0
6.5  1.5708  0  0
6.5  1.63363  0  0
6.5  1.69646  0  0
6.5  1.75929  0  0
6.5  1.82212  0  0
6.5  1.88496  0  0
6.5  1.94779  0  0
6.5  2.01062  0  0
6.5  2.07345  0  0
6.5  2.13628  0  0
6.5  2.19911  0  0
6.5  2.26195  0  0
6.5  2.32478  0  0
6.5  2.38761  0  0
6.5  2.45044  0  0
6.5  2.51327  0  0
6.5  2.57611  0  0
6.5  2.63894  0  0
6.5  2.70177  0  0
6.5  2.7646  0  0
6.5  2.82743  0  0
6.5  2.89027  0  0
6.5  2.9531  0  0
6.5  3.01593  0  0
6.5  3.07876  0  0
7  0  0  0
7  0.0628319  0  0
7  0.125664  0  0
7  0.188496  0  0
7  0.251327  0  0
7  0.314159  0  0
7  0.376991  0  0
7  0.439823  0  0
7  0.502655  0  0
7  0.565487  0  0
7  0.628319  0  0
7  0.69115  0  0
7  0.753982  0  0
7  0.816814  0  0
7  0.879646  0  0
7  0.942478  0  0
7  1.00531  0  0
7  1.06814  0  0
7  1.13097  0  0
7  1.19381  0  0
7  1.25664  0  0
7  1.31947  0  0
7  1.3823  0  0
7  1.44513  0  0
7  1.50796  0  0
7  1.5708  0  0
7  1.63363  0  0
7  1.69646  0  0
7  1.75929  0  0
7  1.82212  0  0
7  1.88496  0  0
7  1.94779  0  0
7  2.01062  0  0
7  2.07345  0  0
7  2.13628  0  0
7  2.19911  0  0
7  2.26195  0  0
7  2.32478  0  0
7  2.38761  0  0
7  2.45044  0  0
7  2.51327  0  0
7  2.57611  0  0
7  2.63894  0  0
7  2.70177  0  0
7  2.7646  0  0
7  2.82743  0  0
7  2.89027  0  0
7  2.9531  0  0
7  3.01593  0  0
7  3.07876  0  0
7.5  0  0  0
7.5  0.0628319  0  0
7.5  0.125664  0  0
7.5  0.188496  0  0
7.5  0.251327  0  0
7.5  0.314159  0  0
7.5  0.376991  0  0
7.5  0.439823  0  0
7.5  0.502655  0  0
7.5  0.565487  0  0
7.5  0.628319  0  0
7.5  0.69115  0  0
7.5  0.753982  0  0
7.5  0.816814  0  0
7.5  0.879646  0  0
7.5  0.942478  0  0
7.5  1.00531  0  0
7.5  1.06814  0  0
7.5  1.13097  0  0
7.5  1.19381  0  0
7.5  1.25664  0  0
7.5  1.31947  0  0
7.5  1.3823  0  0
7.5  1.44513  0  0
7.5  1.50796  0  0
7.5  1.5708  0  0
7.5  1.63363  0  0
7.5  1.69646  0  0
7.5  1.75929  0  0
7.5  1.82212  0  0
7.5  1.88496  0  0
7.5  1.94779  0  0
7.5  2.01062  0  0
7.5  2.07345  0  0
7.5  2.13628  0  0
7.5  2.19911  0  0
7.5  2.26195  0  0
7.5  2.32478  0  0
7.5  2.38761  0  0
7.5  2.45044  0  0
7.5  2.51327  0  0
7.5  2.57611  0  0
7.5  2.63894  0  0
7.5  2.70177  0  0
7.5  2.7646  0  0
7.5  2.82743  0  0
7.5  2.89027  0  0
7.5  2.9531  0  0
7.5  3.01593  0  0
7.5  3.07876  0  0
8  0  0  0
8  0.0628319  0  0
8  0.125664  0  0
8  0.188496  0  0
8  0.251327  0  0
8  0.314159  0  0
8  0.376991  0  0
8  0.439823  0  0
8  0.502655  0  0
8  0.565487  0  0
8  0.628319  0  0
8  0.69115  0  0
8  0.753982  0  0
8  0.816814  0  0
8  0.879646  0  0
8  0.942478  0  0
8  1.00531  0  0
8  1.06814  0  0
8  1.13097  0  0
8  1.19381  0  0
8  1.25664  0.251459  2.03705
8  1.31947  0.365219  0.200953
8  1.3823  0.273101  0.307156
8  1.44513  0.381058  0.354907
8  1.50796  0.311398  0.277037
8  1.5708  0.159168  0.260987
8  1.63363  0.279724  0.202957
8  1.69646  0.143218  0.247583
8  1.75929  0.264032  0.306064
8  1.82212  0.258759  1.70227
8  1.88496  0  0
8  1.94779  0  0
8  2.01062  0  0
8  2.07345  0  0
8  2.13628  0  0
8  2.19911  0  0
8  2.26195  0  0
8  2.32478  0  0
8  2.38761  0  0
8  2.45044  0  0
8  2.51327  0  0
8  2.57611  0  0
8  2.63894  0  0
8  2.70177  0  0
8  2.7646  0  0
8  2.82743  0  0
8  2.89027  0  0
8  2.9531  0  0
8  3.01593  0  0
8  3.07876  0  0
8.5  0  0  0
8.5  0.0628319  0  0
8.5  0.125664  0  0
8.5  0.188496  0  0
8.5  0.251327  0  0
8.5  0.314159  0  0
8.5  0.376991  0  0
8.5  0.439823  0  0
8.5  0.502655  0  0
8.5  0.565487  0  0
8.5  0.628319  0  0
8.5  0.69115  0  0
8.5  0.753982  0  0
8.5  0.816814  0  0
8.5  0.879646  0  0
8.5  0.942478  0  0
8.5  1.00531  0  0
8.5  1.06814  0.203594  0.16889
8.5  1.13097  0.133327  0.217057
8.5  1.19381  0.155813  0.137526
8.5  1.25664  0.0928663  0.0371257
8.5  1.31947  0.114249  0.0545848
8.5  1.3823  0.103794  0.0381193
8.5  1.44513  0.122852  0.0596198
8.5  1.50796  0.0990686  0.030873
8.5  1.5708  0.105937  0.0353398
8.5  1.63363  0.10853  0.045761
8.5  1.69646  0.0928589  0.0317917
8.5  1.75929  0.120807  0.0557113
8.5  1.82212  0.109217  0.0435119
8.5  1.88496  0.110147  0.0560201
8.5  1.94779  0.166114  0.171257
8.5  2.01062  0.176632  0.143668
8.5  2.07345  0  0
8.5  2.13628  0  0
8.5  2.19911  0  0
8.5  2.26195  0  0
8.5  2.32478  0  0
8.5  2.38761  0  0
8.5  2.45044  0  0
8.5  2.51327  0  0
8.5  2.57611  0  0
8.5  2.63894  0  0
8.5  2.70177  0  0
8.5  2.7646  0  0
8.5  2.82743  0  0
8.5  2.89027  0  0
8.5  2.9531  0  0
8.5  3.01593  0  0
8.5  3.07876  0  0
9  0  0  0
9  0.0628319  0  0
9  0.125664  0  0
9  0.188496  0  0
9  0.251327  0  0
9  0.314159  0  0
9  0.376991  0  0
9  0.439823  0  0
9  0.502655  0  0
9  0.565487  0  0
9  0.628319  0  0
9  0.69115  0  0
9  0.753982  0  0
9  0.816814  0  0
9  0.879646  0  0
9  0.942478  0.390174  0.236033
9  1.00531  0.15891  0.235228
9  1.06814  0.117027  0.061774
9  1.13097  0.0820838  0.0239884
9  1.19381  0.0907779  0.0272758
9  1.25664  0.0951465  0.0281048
9  1.31947  0.0980705  0.0310226
9  1.3823  0.0965969  0.0314229
9  1.44513  0.115134  0.0475918
9  1.50796  0.10958  0.0409491
9  1.5708  0.117115  0.0495194
9  1.63363  0.125861  0.062072
9  1.69646  0.119381  0.048015
9  1.75929  0.0639846  0.0137455
9  1.82212  0.0994979  0.0335594
9  1.88496  0.102659  0.0402651
9  1.94779  0.0840675  0.0240165
9  2.01062  0.0916607  0.0320582
9  2.07345  0.10261  0.071267
9  2.13628  0.231159  0.164435
9  2.19911  0  0
9  2.26195  0  0
9  2.32478  0  0
9  2.38761  0  0
9  2.45044  0  0
9  2.51327  0  0
9  2.57611  0  0
9  2.63894  0  0
9  2.70177  0  0
9  2.7646  0  0
9  2.82743  0  0
9  2.89027  0  0
9  2.9531  0  0
9  3.01593  0  0
9  3.07876  0  0
9.5  0  0  0
9.5  0.0628319  0  0
9.5  0.125664  0  0
9.5  0.188496  0  0
9.5  0.251327  0  0
9.5  0.314159  0  0
9.5  0.376991  0  0
9.5  0.439823  0  0
9.5  0.502655  0  0
9.5  0.565487  0  0
9.5  0.628319  0  0
9.5  0.69115  0  0
9.5  0.753982  0  0
9.5  0.816814  0  0
9.5  0.879646  0.172894  0.15961
9.5  0.942478  0.088371  0.0327264
9.5  1.00531  0.0814332  0.0232462
9.5  1.06814  0.0887447  0.0274653
9.5  1.13097  0.0805336  0.0201
9.5  1.19381  0.0914735  0.0302911
9.5  1.25664  0.0872262  0.0265811
9.5  1.31947  0.0910356  0.0256923
9.5  1.3823  0.0968081  0.0320093
9.5  1.44513  0.11465  0.0458684
9.5  1.50796  0.114883  0.0529866
9.5  1.5708  0.100732  0.0362579
9.5  1.63363  0.115764  0.0476367
9.5  1.69646  0.112141  0.0470575
9.5  1.75929  0.113043  0.041415
9.5  1.82212  0.0968422  0.0296437
9.5  1.88496  0.0987682  0.0351807
9.5  1.94779  0.0764313  0.0181803
9.5  2.01062  0.0839276  0.0218789
9.5  2.07345  0.0809319  0.0230581
9.5  2.13628  0.0677061  0.0170596
9.5  2.19911  0.119928  0.19774
9.5  2.26195  0.258759  1.70226
9.5  2.32478  0  0
9.5  2.38761  0  0
9.5  2.45044  0  0
9.5  2.51327  0  0
9.5  2.57611  0  0
9.5  2.63894  0  0
9.5  2.70177  0  0
9.5  2.7646  0  0
9.5  2.82743  0  0
9.5  2.89027  0  0
9.5  2.9531  0  0
9.5  3.01593  0  0
9.5  3.07876  0  0
10  0  0  0
10  0.0628319  0  0
10  0.125664  0  0
10  0.188496  0  0
10  0.251327  0  0
10  0.314159  0  0
10  0.376991  0  0
10  0.439823  0  0
10  0.502655  0  0
10  0.565487  0  0
10  0.628319  0  0
10  0.69115  0  0
10  0.753982  0.405645  0.293527
10  0.816814  0.0888465  0.0584532
10  0.879646  0.0676566  0.0165592
10  0.942478  0.0645642  0.0136776
10  1.00531  0.0745941  0.01775
10  1.06814  0.0728971  0.0184241
10  1.13097  0.0801844  0.0196146
10  1.19381  0.0954058  0.0324532
10  1.25664  0.109291  0.0448356
10  1.31947  0.0985324  0.0332155
10  1.3823  0.112302  0.0467615
10  1.44513  0.0998822  0.0305507
10  1.50796  0.123694  0.0610363
10  1.5708  0.113537  0.0476873
10  1.63363  0.103249  0.0351114
10  1.69646  0.101234  0.0390749
10  1.75929  0.126862  0.0588525
10  1.82212  0.0948095  0.031094
10  1.88496  0.107805  0.0450227
10  1.94779  0.0803441  0.018474
10  2.01062  0.093255  0.0300678
10  2.07345  0.0748654  0.017894
10  2.13628  0.0633545  0.0125334
10  2.19911  0.0553513  0.0096223
10  2.26195  0.0908318  0.0651501
10  2.32478  0.00192046  0.014092
10  2.38761  0  0
10  2.45044  0  0
10  2.51327  0  0
10  2.57611  0  0
10  2.63894  0  0
10  2.70177  0  0
10  2.7646  0  0
10  2.82743  0  0
10  2.89027  0  0
10  2.9531  0  0
10  3.01593  0  0
10  3.07876  0  0
10.5  0  0  0
10.5  0.0628319  0  0
10.5  0.125664  0  0
10.5  0.188496  0  0
10.5  0.251327  0  0
10.5  0.314159  0  0
10.5  0.376991  0  0
10.5  0.439823  0  0
10.5  0.502655  0  0
10.5  0.565487  0  0
10.5  0.628319  0  0
10.5  0.69115  0.232514  2.12153
10.5  0.753982  0.0882486  0.0678125
10.5  0.816814  0.0578296  0.012631
10.5  0.879646  0.058525  0.0109133
10.5  0.942478  0.0679984  0.0152788
10.5  1.00531  0.0828248  0.0217957
10.5  1.06814  0.0776564  0.0222758
10.5  1.13097  0.0981876  0.0335501
10.5  1.19381  0.0961755  0.0264448
10.5  1.25664  0.0899344  0.0267113
10.5  1.31947  0.116062  0.0494323
10.5  1.3823  0.118683  0.0565992
10.5  1.44513  0.105526  0.0362761
10.5  1.50796  0.106466  0.0399166
10.5  1.5708  0.116001  0.0487879
10.5  1.63363  0.103048  0.035924
10.5  1.69646  0.0969777  0.0297859
10.5  1.75929  0.133391  0.0835367
10.5  1.82212  0.130848  0.0739417
10.5  1.88496  0.0870889  0.0244749
10.5  1.94779  0.112221  0.0477477
10.5  2.01062  0.0765907  0.020789
10.5  2.07345  0.0777535  0.0197694
10.5  2.13628  0.0711658  0.0166903
10.5  2.19911  0.0680138  0.0179281
10.5  2.26195  0.0618635  0.015907
10.5  2.32478  0.133572  0.183631
10.5  2.38761  0.258759  1.70226
10.5  2.45044  0  0
10.5  2.51327  0  0
10.5  2.57611  0  0
10.5  2.63894  0  0
10.5  2.70177  0  0
10.5  2.7646  0  0
10.5  2.82743  0  0
10.5  2.89027  0  0
10.5  2.9531  0  0
10.5  3.01593  0  0
10.5  3.07876  0  0
11  0  0  0
11  0.0628319  0  0
11  0.125664  0  0
11  0.188496  0  0
11  0.251327  0  0
11  0.314159  0  0
11  0.376991  0  0
11  0.439823  0  0
11  0.502655  0  0
11  0.565487  0  0
11  0.628319  0  0
11  0.69115  0.264394  0.274652
11  0.753982  0.0589516  0.0161765
11  0.816814  0.0502623  0.00962082
11  0.879646  0.0664289  0.0147103
11  0.942478  0.0632983  0.0125821
11  1.00531  0.0786472  0.018444
11  1.06814  0.0814522  0.0215478
11  1.13097  0.0918498  0.0284678
11  1.19381  0.0933968  0.0279083
11  1.25664  0.0879925  0.0224572
11  1.31947  0.102464  0.0363968
11  1.3823  0.104079  0.0390651
11  1.44513  0.127916  0.0579976
11  1.50796  0.109996  0.0456443
11  1.5708  0.106862  0.0380004
11  1.63363  0.0964908  0.0271584
11  1.69646  0.101436  0.0346972
11  1.75929  0.131109  0.0719489
11  1.82212  0.104077  0.0380162
11  1.88496  0.0942941  0.0285944
11  1.94779  0.0908748  0.0298458
11  2.01062  0.0748138  0.0177353
11  2.07345  0.0770675  0.0188019
11  2.13628  0.0685972  0.0141444
11  2.19911  0.0542982  0.00917206
11  2.26195  0.060415  0.0129207
11  2.32478  0.0474921  0.00946808
11  2.38761  0.114928  0.16664
11  2.45044  0  0
11  2.51327  0  0
11  2.57611  0  0
11  2.63894  0  0
11  2.70177  0  0
11  2.7646  0  0
11  2.82743  0  0
11  2.89027  0  0
11  2.9531  0  0
11  3.01593  0  0
11  3.07876  0  0
11.5  0  0  0
11.5  0.0628319  0  0
11.5  0.125664  0  0
11.5  0.188496  0  0
11.5  0.251327  0  0
11.5  0.314159  0  0
11.5  0.376991  0  0
11.5  0.439823  0  0
11.5  0.502655  0  0
11.5  0.565487  0  0
11.5  0.628319  0.230351  0.12367
11.5  0.69115  0.056516  0.0245383
11.5  0.753982  0.0645704  0.0207691
11.5  0.816814  0.0538237  0.0105589
11.5  0.879646  0.0685874  0.0155035
11.5  0.942478  0.0653748  0.0154058
11.5  1.00531  0.0746402  0.0164521
11.5  1.06814  0.085278  0.0243193
11.5  1.13097  0.0906524  0.031763
11.5  1.19381  0.0953386  0.0348561
11.5  1.25664  0.0902381  0.0286499
11.5  1.31947  0.0979993  0.0299874
11.5  1.3823  0.0978974  0.0327723
11.5  1.44513  0.0892894  0.0252321
11.5  1.50796  0.100082  0.0313916
11.5  1.5708  0.130026  0.0767596
11.5  1.63363  0.0942133  0.0281406
11.5  1.69646  0.0969346  0.0302804
11.5  1.75929  0.106232  0.0408927
11.5  1.82212  0.103154  0.037705
11.5  1.88496  0.0904214  0.027656
11.5  1.94779  0.0823987  0.021176
11.5  2.01062  0.096338  0.0303053
11.5  2.07345  0.067007  0.0130197
11.5  2.13628  0.0723961  0.0202089
11.5  2.19911  0.0674344  0.0156203
11.5  2.26195  0.0616851  0.0132219
11.5  2.32478  0.0690172  0.0209903
11.5  2.38761  0.065775  0.0358512
11.5  2.45044  0.233667  0.233644
11.5  2.51327  0  0
11.5  2.57611  0  0
11.5  2.63894  0  0
11.5  2.70177  0  0
11.5  2.7646  0  0
11.5  2.82743  0  0
11.5  2.89027  0  0
11.5  2.9531  0  0
11.5  3.01593  0  0
11.5  3.07876  0  0
12  0  0  0
12  0.0628319  0  0
12  0.125664  0  0
12  0.188496  0  0
12  0.251327  0  0
12  0.314159  0  0
12  0.376991  0  0
12  0.439823  0  0
12  0.502655  0  0
12  0.565487  0.00384092  0.0281841
12  0.628319  0.0999715  0.134253
12  0.69115  0.0492403  0.0145468
12  0.753982  0.0599072  0.0158889
12  0.816814  0.0548799  0.0119865
12  0.879646  0.061878  0.0131386
12  0.942478  0.0567056  0.0104041
12  1.00531  0.0733846  0.0177799
12  1.06814  0.0936633  0.0306903
12  1.13097  0.0857359  0.026121
12  1.19381  0.100027  0.0346382
12  1.25664  0.0955686  0.0301857
12  1.31947  0.106499  0.04152
12  1.3823  0.0988225  0.0355283
12  1.44513  0.113317  0.0470367
12  1.50796  0.106448  0.0374938
12  1.5708  0.108273  0.0454488
12  1.63363  0.104718  0.0353905
12  1.69646  0.132241  0.0720522
12  1.75929  0.103973  0.0379159
12  1.82212  0.103035  0.0335978
12  1.88496  0.0869779  0.0244728
12  1.94779  0.0974571  0.0303828
12  2.01062  0.0833286  0.0238713
12  2.07345  0.0786437  0.0232294
12  2.13628  0.0745003  0.0180107
12  2.19911  0.0634739  0.0140654
12  2.26195  0.0676249  0.0192459
12  2.32478  0.0641041  0.0197809
12  2.38761  0.0812589  0.0465197
12  2.45044  0.104595  0.162607
12  2.51327  0  0
12  2.57611  0  0
12  2.63894  0  0
12  2.70177  0  0
12  2.7646  0  0
12  2.82743  0  0
12  2.89027  0  0
12  2.9531  0  0
12  3.01593  0  0
12  3.07876  0  0
12.5  0  0  0
12.5  0.0628319  0  0
12.5  0.125664  0  0
12.5  0.188496  0  0
12.5  0.251327  0  0
12.5  0.314159  0  0
12.5  0.376991  0  0
12.5  0.439823  0  0
12.5  0.502655  0  0
12.5  0.565487  0.222552  0.222539
12.5  0.628319  0.0741751  0.0490423
12.5  0.69115  0.0565243  0.0189775
12.5  0.753982  0.0632047  0.0184612
12.5  0.816814  0.058241  0.0121498
12.5  0.879646  0.0593261  0.0118199
12.5  0.942478  0.064278  0.015189
12.5  1.00531  0.0795717  0.0191857
12.5  1.06814  0.0924315  0.0289103
12.5  1.13097  0.0813951  0.0204664
12.5  1.19381  0.0934292  0.0358834
12.5  1.25664  0.0944787  0.0255632
12.5  1.31947  0.109016  0.0463766
12.5  1.3823  0.110009  0.0398886
12.5  1.44513  0.119641  0.0528408
12.5  1.50796  0.101078  0.0314268
12.5  1.5708  0.10529  0.036853
12.5  1.63363  0.103837  0.0374127
12.5  1.69646  0.101689  0.0334309
12.5  1.75929  0.106352  0.0400604
12.5  1.82212  0.0917733  0.0298663
12.5  1.88496  0.11468  0.0516464
12.5  1.94779  0.0809166  0.0206322
12.5  2.01062  0.0872947  0.0252431
12.5  2.07345  0.0814393  0.02227
12.5  2.13628  0.0696638  0.0132791
12.5  2.19911  0.0652661  0.0145924
12.5  2.26195  0.0581877  0.0145526
12.5  2.32478  0.0625936  0.0202794
12.5  2.38761  0.0548217  0.0223622
12.5  2.45044  0.0633712  0.0354566
12.5  2.51327  0.0287897  0.0628438
12.5  2.57611  0  0
12.5  2.63894  0  0
12.5  2.70177  0  0
12.5  2.7646  0  0
12.5  2.82743  0  0
12.5  2.89027  0  0
12.5  2.9531  0  0
12.5  3.01593  0  0
12.5  3.07876  0  0
13  0  0  0
13  0.0628319  0  0
13  0.125664  0  0
13  0.188496  0  0
13  0.251327  0  0
13  0.314159  0  0
13  0.376991  0  0
13  0.439823  0  0
13  0.502655  0  0
13  0.565487  0.109549  0.11298
13  0.628319  0.0719062  0.0402011
13  0.69115  0.0555833  0.0165445
13  0.753982  0.0542936  0.0118044
13  0.816814  0.0594858  0.0130273
13  0.879646  0.0609835  0.0129787
13  0.942478  0.0617702  0.0115297
13  1.00531  0.078595  0.0190576
13  1.06814  0.0803257  0.0185736
13  1.13097  0.0793965  0.018495
13  1.19381  0.0875151  0.0253364
13  1.25664  0.105999  0.0363821
13  1.31947  0.107231  0.0392981
13  1.3823  0.0925097  0.0258735
13  1.44513  0.112135  0.0512842
13  1.50796  0.12052  0.0541601
13  1.5708  0.0989472  0.0325788
13  1.63363  0.107665  0.0427197
13  1.69646  0.112054  0.0427882
13  1.75929  0.105368  0.0390266
13  1.82212  0.100203  0.0380935
13  1.88496  0.0994634  0.036738
13  1.94779  0.0846264  0.0271107
13  2.01062  0.0906791  0.0272179
13  2.07345  0.0774061  0.0197108
13  2.13628  0.0652171  0.0128178
13  2.19911  0.0648635  0.013659
13  2.26195  0.0618521  0.0139333
13  2.32478  0.0560541  0.0140942
13  2.38761  0.0581332  0.0177872
13  2.45044  0.0554832  0.0238351
13  2.51327  0.0742949  0.108569
13  2.57611  0  0
13  2.63894  0  0
13  2.70177  0  0
13  2.7646  0  0
13  2.82743  0  0
13  2.89027  0  0
13  2.9531  0  0
13  3.01593  0  0
13  3.07876  0  0
13.5  0  0  0
13.5  0.0628319  0  0
13.5  0.125664  0  0
13.5  0.188496  0  0
13.5  0.251327  0  0
13.5  0.314159  0  0
13.5  0.376991  0  0
13.5  0.439823  0  0
13.5  0.502655  0.000523761  0.00384329
13.5  0.565487  0.0647144  0.0618223
13.5  0.628319  0.0489507  0.0197275
13.5  0.69115  0.0611175  0.0239367
13.5  0.753982  0.059256  0.0167619
13.5  0.816814  0.0554214  0.010996
13.5  0.879646  0.063267  0.0138317
13.5  0.942478  0.0642882  0.0134445
13.5  1.00531  0.078305  0.02186
13.5  1.06814  0.0900056  0.0266225
13.5  1.13097  0.0881506  0.0252835
13.5  1.19381  0.0878233  0.0261297
13.5  1.25664  0.0928463  0.0272525
13.5  1.31947  0.0914457  0.024218
13.5  1.3823  0.102459  0.0367136
13.5  1.44513  0.114906  0.0413817
13.5  1.50796  0.120735  0.0487683
13.5  1.5708  0.111072  0.0413895
13.5  1.63363  0.0971917  0.0275942
13.5  1.69646  0.0936694  0.027466
13.5  1.75929  0.101821  0.0339767
13.5  1.82212  0.0952486  0.0292917
13.5  1.88496  0.0991428  0.033454
13.5  1.94779  0.106156  0.0397317
13.5  2.01062  0.0760783  0.0198875
13.5  2.07345  0.0706366  0.0177539
13.5  2.13628  0.0696736  0.014492
13.5  2.19911  0.0741517  0.0195628
13.5  2.26195  0.0545496  0.00997376
13.5  2.32478  0.050359  0.00969765
13.5  2.38761  0.057436  0.0172934
13.5  2.45044  0.0600617  0.0294324
13.5  2.51327  0.06884  0.0721671
13.5  2.57611  0  0
13.5  2.63894  0  0
13.5  2.70177  0  0
13.5  2.7646  0  0
13.5  2.82743  0  0
13.5  2.89027  0  0
13.5  2.9531  0  0
13.5  3.01593  0  0
13.5  3.07876  0  0
14  0  0  0
14  0.0628319  0  0
14  0.125664  0  0
14  0.188496  0  0
14  0.251327  0  0
14  0.314159  0  0
14  0.376991  0  0
14  0.439823  0  0
14  0.502655  0.0779356  0.119869
14  0.565487  0.0753045  0.0695936
14  0.628319  0.056319  0.0253807
14  0.69115  0.064037  0.0241229
14  0.753982  0.0571457  0.0149719
14  0.816814  0.0655296  0.017484
14  0.879646  0.0710955  0.018534
14  0.942478  0.0619661  0.0110735
14  1.00531  0.0859158  0.0230671
14  1.06814  0.0869713  0.0278261
14  1.13097  0.087262  0.0232459
14  1.19381  0.107542  0.0417897
14  1.25664  0.0963667  0.0312577
14  1.31947  0.101327  0.0337651
14  1.3823  0.131149  0.0666827
14  1.44513  0.103568  0.0335254
14  1.50796  0.110676  0.037164
14  1.5708  0.110389  0.0470346
14  1.63363  0.0943299  0.0278233
14  1.69646  0.0990278  0.0283985
14  1.75929  0.103824  0.0362355
14  1.82212  0.084111  0.0196983
14  1.88496  0.0907392  0.0258178
14  1.94779  0.0801824  0.0217864
14  2.01062  0.076679  0.0165714
14  2.07345  0.0804901  0.0217938
14  2.13628  0.0673162  0.013353
14  2.19911  0.0742184  0.0184217
14  2.26195  0.0581796  0.0120098
14  2.32478  0.0509169  0.0125281
14  2.38761  0.0691566  0.0271142
14  2.45044  0.0569249  0.0271988
14  2.51327  0.0558866  0.0349868
14  2.57611  0.0722223  0.131491
14  2.63894  0  0
14  2.70177  0  0
14  2.7646  0  0
14  2.82743  0  0
14  2.89027  0  0
14  2.9531  0  0
14  3.01593  0  0
14  3.07876  0  0
14.5  0  0  0
14.5  0.0628319  0  0
14.5  0.125664  0  0
14.5  0.188496  0  0
14.5  0.251327  0  0
14.5  0.314159  0  0
14.5  0.376991  0  0
14.5  0.439823  0  0
14.5  0.502655  0.103618  0.131413
14.5  0.565487  0.0731151  0.0521428
14.5  0.628319  0.0558443  0.0279137
14.5  0.69115  0.0568518  0.0199502
14.5  0.753982  0.0557  0.0137834
14.5  0.816814  0.0597179  0.0143098
14.5  0.879646  0.0602876  0.0140002
14.5  0.942478  0.0634632  0.0120112
14.5  1.00531  0.0736082  0.0166958
14.5  1.06814  0.080833  0.0182444
14.5  1.13097  0.075353  0.0188779
14.5  1.19381  0.0848134  0.0209918
14.5  1.25664  0.097696  0.0305784
14.5  1.31947  0.0916172  0.0264613
14.5  1.3823  0.102632  0.0359929
14.5  1.44513  0.107512  0.0371633
14.5  1.50796  0.102317  0.0314137
14.5  1.5708  0.119992  0.0518435
14.5  1.63363  0.118435  0.0473884
14.5  1.69646  0.110795  0.0412168
14.5  1.75929  0.100749  0.0326433
14.5  1.82212  0.0878085  0.0239873
14.5  1.88496  0.0771278  0.0175204
14.5  1.94779  0.0921233  0.0281127
14.5  2.01062  0.0743002  0.0168191
14.5  2.07345  0.0753449  0.017089
14.5  2.13628  0.0700584  0.0172327
14.5  2.19911  0.0656206  0.0137548
14.5  2.26195  0.060788  0.0136625
14.5  2.32478  0.056455  0.0122439
14.5  2.38761  0.0402209  0.00810664
14.5  2.45044  0.064043  0.0322499
14.5  2.51327  0.0559952  0.0285516
14.5  2.57611  0.0848548  0.0998612
14.5  2.63894  0  0
14.5  2.70177  0  0
14.5  2.7646  0  0
14.5  2.82743  0  0
14.5  2.89027  0  0
14.5  2.9531  0  0
14.5  3.01593  0  0
14.5  3.07876  0  0
15  0  0  0
15  0.0628319  0  0
15  0.125664  0  0
15  0.188496  0  0
15  0.251327  0  0
15  0.314159  0  0
15  0.376991  0  0
15  0.439823  0.250796  2.12815
15  0.502655  0.0685827  0.117473
15  0.565487  0.0803755  0.067478
15  0.628319  0.0507529  0.0216768
15  0.69115  0.0587356  0.0197226
15  0.753982  0.0525533  0.0115204
15  0.816814  0.0640587  0.0149348
15  0.879646  0.0613863  0.0118473
15  0.942478  0.0691047  0.0151283
15  1.00531  0.0867887  0.0221047
15  1.06814  0.0908425  0.0259537
15  1.13097  0.0869271  0.0223913
15  1.19381  0.0965512  0.0321801
15  1.25664  0.103887  0.0375992
15  1.31947  0.100624  0.0308208
15  1.3823  0.105366  0.0390974
15  1.44513  0.0993282  0.0269722
15  1.50796  0.0930495  0.0270491
15  1.5708  0.102935  0.0352917
15  1.63363  0.110198  0.0386951
15  1.69646  0.102581  0.0330883
15  1.75929  0.1119  0.0448796
15  1.82212  0.0962784  0.0288501
15  1.88496  0.125019  0.0687722
15  1.94779  0.097712  0.0318966
15  2.01062  0.0863714  0.0221634
15  2.07345  0.0774717  0.0180565
15  2.13628  0.0598409  0.0113625
15  2.19911  0.0606597  0.011583
15  2.26195  0.0527218  0.0103418
15  2.32478  0.0554659  0.0132933
15  2.38761  0.058912  0.0192041
15  2.45044  0.0603774  0.0294157
15  2.51327  0.066976  0.0563744
15  2.57611  0.163983  0.0837695
15  2.63894  0  0
15  2.70177  0  0
15  2.7646  0  0
15  2.82743  0  0
15  2.89027  0  0
15  2.9531  0  0
15  3.01593  0  0
15  3.07876  0  0
15.5  0  0  0
15.5  0.0628319  0  0
15.5  0.125664  0  0
15.5  0.188496  0  0
15.5  0.251327  0  0
15.5  0.314159  0  0
15.5  0.376991  0  0
15.5  0.439823  0.024093  0.176791
15.5  0.502655  0.0645627  0.114129
15.5  0.565487  0.0732503  0.0600165
15.5  0.628319  0.0516394  0.020783
15.5  0.69115  0.0574708  0.0183062
15.5  0.753982  0.052957  0.0121129
15.5  0.816814  0.0513851  0.00919595
15.5  0.879646  0.0576957  0.00908424
15.5  0.942478  0.0664314  0.0152831
15.5  1.00531  0.0774172  0.0217181
15.5  1.06814  0.0747735  0.0161028
15.5  1.13097  0.0905622  0.0247846
15.5  1.19381  0.0913784  0.0273286
15.5  1.25664  0.0888092  0.0268994
15.5  1.31947  0.0803868  0.0171011
15.5  1.3823  0.0997432  0.0320502
15.5  1.44513  0.110007  0.0438644
15.5  1.50796  0.116428  0.0407737
15.5  1.5708  0.100764  0.0307513
15.5  1.63363  0.0961078  0.0271355
15.5  1.69646  0.123529  0.0589608
15.5  1.75929  0.105397  0.0388275
15.5  1.82212  0.107238  0.0356312
15.5  1.88496  0.0980791  0.0297833
15.5  1.94779  0.0813614  0.0195799
15.5  2.01062  0.0799445  0.0196373
15.5  2.07345  0.076627  0.0173372
15.5  2.13628  0.060759  0.0110437
15.5  2.19911  0.0571213  0.0101765
15.5  2.26195  0.0579649  0.0117248
15.5  2.32478  0.056504  0.0135047
15.5  2.38761  0.0477962  0.0131615
15.5  2.45044  0.0402804  0.0123149
15.5  2.51327  0.0505275  0.0240258
15.5  2.57611  0.0520199  0.0422476
15.5  2.63894  0.258759  1.70226
15.5  2.70177  0  0
15.5  2.7646  0  0
15.5  2.82743  0  0
15.5  2.89027  0  0
15.5  2.9531  0  0
15.5  3.01593  0  0
15.5  3.07876  0  0
16  0  0  0
16  0.0628319  0  0
16  0.125664  0  0
16  0.188496  0  0
16  0.251327  0  0
16  0.314159  0  0
16  0.376991  0  0
16  0.439823  0.0920674  0.0462651
16  0.502655  0.0746184  0.119884
16  0.565487  0.0599428  0.0445179
16  0.628319  0.0571086  0.0296412
16  0.69115  0.047261  0.0120689
16  0.753982  0.0645755  0.0195455
16  0.816814  0.0646549  0.0136141
16  0.879646  0.0610887  0.0119867
16  0.942478  0.070034  0.0150252
16  1.00531  0.0914426  0.027753
16  1.06814  0.0881097  0.0261925
16  1.13097  0.084044  0.0209583
16  1.19381  0.0897093  0.0230478
16  1.25664  0.123779  0.0611075
16  1.31947  0.0928308  0.0255885
16  1.3823  0.0941128  0.0251438
16  1.44513  0.111215  0.0389129
16  1.50796  0.101186  0.0344299
16  1.5708  0.107347  0.0408625
16  1.63363  0.10088  0.0305665
16  1.69646  0.123922  0.0521226
16  1.75929  0.099165  0.0322671
16  1.82212  0.104808  0.039064
16  1.88496  0.0922474  0.0256284
16  1.94779  0.0836959  0.0209982
16  2.01062  0.0815623  0.0227175
16  2.07345  0.0710387  0.0162817
16  2.13628  0.0701603  0.0144456
16  2.19911  0.0637656  0.0132411
16  2.26195  0.0579546  0.0131053
16  2.32478  0.0473114  0.00945913
16  2.38761  0.054725  0.0182808
16  2.45044  0.0574779  0.0239004
16  2.51327  0.0519667  0.0327146
16  2.57611  0.0601978  0.0589027
16  2.63894  0.260881  0.15739
16  2.70177  0  0
16  2.7646  0  0
16  2.82743  0  0
16  2.89027  0  0
16  2.9531  0  0
16  3.01593  0  0
16  3.07876  0  0
16.5  0  0  0
16.5  0.0628319  0  0
16.5  0.125664  0  0
16.5  0.188496  0  0
16.5  0.251327  0  0
16.5  0.314159  0  0
16.5  0.376991  0  0
16.5  0.439823  0.0410011  0.0583906
16.5  0.502655  0.0893688  0.140942
16.5  0.565487  0.0505905  0.0249907
16.5  0.628319  0.0640814  0.029421
16.5  0.69115  0.0530965  0.0151731
16.5  0.753982  0.048875  0.00991702
16.5  0.816814  0.0576194  0.0118988
16.5  0.879646  0.0590772  0.0113262
16.5  0.942478  0.0685567  0.0155402
16.5  1.00531  0.0816662  0.019737
16.5  1.06814  0.080954  0.0187051
16.5  1.13097  0.0839399  0.0213806
16.5  1.19381  0.0858087  0.0209518
16.5  1.25664  0.0880038  0.0239326
16.5  1.31947  0.101055  0.0329764
16.5  1.3823  0.0903519  0.0270036
16.5  1.44513  0.11061  0.0410952
16.5  1.50796  0.106889  0.0372059
16.5  1.5708  0.100425  0.0312792
16.5  1.63363  0.119894  0.0455859
16.5  1.69646  0.108264  0.0389373
16.5  1.75929  0.110167  0.0388143
16.5  1.82212  0.0986443  0.0333558
16.5  1.88496  0.0866284  0.0207991
16.5  1.94779  0.0888389  0.0240636
16.5  2.01062  0.0852268  0.0237462
16.5  2.07345  0.0835001  0.0231784
16.5  2.13628  0.0683414  0.0128209
16.5  2.19911  0.0672554  0.0147925
16.5  2.26195  0.0554256  0.0102314
16.5  2.32478  0.0515212  0.0111422
16.5  2.38761  0.0478856  0.0110903
16.5  2.45044  0.0426226  0.0148222
16.5  2.51327  0.0576745  0.0347972
16.5  2.57611  0.0996588  0.142393
16.5  2.63894  0.0558179  0.113023
16.5  2.70177  0  0
16.5  2.7646  0  0
16.5  2.82743  0  0
16.5  2.89027  0  0
16.5  2.9531  0  0
16.5  3.01593  0  0
16.5  3.07876  0  0
17  0  0  0
17  0.0628319  0  0
17  0.125664  0  0
17  0.188496  0  0
17  0.251327  0  0
17  0.314159  0  0
17  0.376991  0  0
17  0.439823  0.0856475  0.0865808
17  0.502655  0.0574  0.0546899
17  0.565487  0.0659976  0.0472698
17  0.628319  0.0698429  0.0458538
17  0.69115  0.0564281  0.0195447
17  0.753982  0.0585918  0.0144895
17  0.816814  0.0538159  0.00926685
17  0.879646  0.0676507  0.0148812
17  0.942478  0.0654096  0.0133064
17  1.00531  0.079743  0.0213268
17  1.06814  0.0760054  0.0191962
17  1.13097  0.0919989  0.0256922
17  1.19381  0.104799  0.0323548
17  1.25664  0.089113  0.0222453
17  1.31947  0.0906413  0.0262139
17  1.3823  0.090348  0.0231048
17  1.44513  0.0992316  0.0312391
17  1.50796  0.105151  0.0340281
17  1.5708  0.0920874  0.0219397
17  1.63363  0.114123  0.0446114
17  1.69646  0.0912833  0.0254803
17  1.75929  0.109826  0.0420804
17  1.82212  0.0993807  0.0305608
17  1.88496  0.0928435  0.0267384
17  1.94779  0.0897174  0.0247288
17  2.01062  0.0755461  0.018514
17  2.07345  0.0797711  0.0201856
17  2.13628  0.0687579  0.0141134
17  2.19911  0.0609452  0.0107264
17  2.26195  0.0594433  0.0124849
17  2.32478  0.0572946  0.0133898
17  2.38761  0.0651011  0.0239739
17  2.45044  0.0531471  0.0220139
17  2.51327  0.0697613  0.0495585
17  2.57611  0.0501018  0.0340268
17  2.63894  0.141975  0.135591
17  2.70177  0  0
17  2.7646  0  0
17  2.82743  0  0
17  2.89027  0  0
17  2.9531  0  0
17  3.01593  0  0
17  3.07876  0  0
17.5  0  0  0
17.5  0.0628319  0  0
17.5  0.125664  0  0
17.5  0.188496  0  0
17.5  0.251327  0  0
17.5  0.314159  0  0
17.5  0.376991  0  0
17.5  0.439823  0.0578045  0.0892481
17.5  0.502655  0.0790677  0.0690951
17.5  0.565487  0.0536007  0.0297425
17.5  0.628319  0.0776509  0.046566
17.5  0.69115  0.0540775  0.0165507
17.5  0.753982  0.0612711  0.0186247
17.5  0.816814  0.0493519  0.00809955
17.5  0.879646  0.0577651  0.00972686
17.5  0.942478  0.0623551  0.0113763
17.5  1.00531  0.0805066  0.0206295
17.5  1.06814  0.0823518  0.0185285
17.5  1.13097  0.105468  0.0411789
17.5  1.19381  0.072984  0.0136798
17.5  1.25664  0.100603  0.0302446
17.5  1.31947  0.0895484  0.0245122
17.5  1.3823  0.104038  0.0326857
17.5  1.44513  0.098076  0.0274131
17.5  1.50796  0.0980152  0.0287355
17.5  1.5708  0.104857  0.0353665
17.5  1.63363  0.00117221  0.263253
17.5  1.69646  0.100931  0.03144
17.5  1.75929  0.109281  0.04076
17.5  1.82212  0.101326  0.0340765
17.5  1.88496  0.0876308  0.0203404
17.5  1.94779  0.0886284  0.0262874
17.5  2.01062  0.0815388  0.0205697
17.5  2.07345  0.0739658  0.0166871
17.5  2.13628  0.0755034  0.0174164
17.5  2.19911  0.0631824  0.0133037
17.5  2.26195  0.0523232  0.00946398
17.5  2.32478  0.0737249  0.0256188
17.5  2.38761  0.0523276  0.0165141
17.5  2.45044  0.0577259  0.0281265
17.5  2.51327  0.0513446  0.023193
17.5  2.57611  0.121313  0.0879746
17.5  2.63894  0.0647897  0.0931393
17.5  2.70177  0  0
17.5  2.7646  0  0
17.5  2.82743  0  0
17.5  2.89027  0  0
17.5  2.9531  0  0
17.5  3.01593  0  0
17.5  3.07876  0  0
18  0  0  0
18  0.0628319  0  0
18  0.125664  0  0
18  0.188496  0  0
18  0.251327  0  0
18  0.314159  0  0
18  0.376991  0.00226963  0.0166542
18  0.439823  0.10245  0.121019
18  0.502655  0.0574056  0.055105
18  0.565487  0.0760088  0.0567343
18  0.628319  0.0567253  0.0232755
18  0.69115  0.0849353  0.0503519
18  0.753982  0.0500468  0.0101855
18  0.816814  0.0604053  0.012357
18  0.879646  0.0595991  0.0105613
18  0.942478  0.0711192  0.0158016
18  1.00531  0.0691407  0.0147146
18  1.06814  0.0867965  0.0262722
18  1.13097  0.0767452  0.0173932
18  1.19381  0.0879287  0.0206135
18  1.25664  0.0904054  0.024483
18  1.31947  0.0954277  0.0296294
18  1.3823  0.0987486  0.0306923
18  1.44513  0.0908589  0.020074
18  1.50796  0.0861467  0.0216891
18  1.5708  0.0919526  0.0240897
18  1.63363  0.102771  0.0302122
18  1.69646  0.105342  0.0340368
18  1.75929  0.102349  0.0296724
18  1.82212  0.0996953  0.0327839
18  1.88496  0.126579  0.0593782
18  1.94779  0.0826375  0.0217676
18  2.01062  0.078371  0.0185825
18  2.07345  0.0772807  0.017758
18  2.13628  0.07099  0.0155615
18  2.19911  0.0651631  0.0137853
18  2.26195  0.0519431  0.00923261
18  2.32478  0.0525392  0.0118531
18  2.38761  0.056564  0.0171964
18  2.45044  0.0662762  0.0365672
18  2.51327  0.0633409  0.0542559
18  2.57611  0.0549384  0.0434762
18  2.63894  0.159853  0.085166
18  2.70177  0  0
18  2.7646  0  0
18  2.82743  0  0
18  2.89027  0  0
18  2.9531  0  0
18  3.01593  0  0
18  3.07876  0  0
18.5  0  0  0
18.5  0.0628319  0  0
18.5  0.125664  0  0
18.5  0.188496  0  0
18.5  0.251327  0  0
18.5  0.314159  0  0
18.5  0.376991  0.016062  0.117861
18.5  0.439823  0.0535127  0.101193
18.5  0.502655  0.0665851  0.0579911
18.5  0.565487  0.0401622  0.0158043
18.5  0.628319  0.0578706  0.0243655
18.5  0.69115  0.0643231  0.023079
18.5  0.753982  0.0621483  0.0149041
18.5  0.816814  0.0563371  0.0111099
18.5  0.879646  0.0633407  0.0127506
18.5  0.942478  0.0702481  0.0145005
18.5  1.00531  0.0758132  0.0167499
18.5  1.06814  0.0743168  0.0145009
18.5  1.13097  0.083438  0.022297
18.5  1.19381  0.0874692  0.0227051
18.5  1.25664  0.106561  0.0331833
18.5  1.31947  0.101563  0.0319167
18.5  1.3823  0.102717  0.0293949
18.5  1.44513  0.102301  0.0263668
18.5  1.50796  0.0992436  0.0273553
18.5  1.5708  0.111664  0.0379388
18.5  1.63363  0.105757  0.0315331
18.5  1.69646  0.0874015  0.0203922
18.5  1.75929  0.0987512  0.0295224
18.5  1.82212  0.0943456  0.0281101
18.5  1.88496  0.0855121  0.0227246
18.5  1.94779  0.0767936  0.0170603
18.5  2.01062  0.0816827  0.0205626
18.5  2.07345  0.0677207  0.013618
18.5  2.13628  0.064551  0.0124873
18.5  2.19911  0.062131  0.0119774
18.5  2.26195  0.0599829  0.0127348
18.5  2.32478  0.0641912  0.0161487
18.5  2.38761  0.0681558  0.0275922
18.5  2.45044  0.0533832  0.0180056
18.5  2.51327  0.0580542  0.0352643
18.5  2.57611  0.0491185  0.0357819
18.5  2.63894  0.0510061  0.0529488
18.5  2.70177  0.0777246  0.0395843
18.5  2.7646  0  0
18.5  2.82743  0  0
18.5  2.89027  0  0
18.5  2.9531  0  0
18.5  3.01593  0  0
18.5  3.07876  0  0
19  0  0  0
19  0.0628319  0  0
19  0.125664  0  0
19  0.188496  0  0
19  0.251327  0  0
19  0.314159  0.258759  1.70225
19  0.376991  0.179299  0.178975
19  0.439823  0.0660714  0.107098
19  0.502655  0.0657964  0.0629433
19  0.565487  0.0725144  0.0518878
19  0.628319  0.0646234  0.0283028
19  0.69115  0.0478566  0.0123031
19  0.753982  0.0589613  0.0142565
19  0.816814  0.0502074  0.0090859
19  0.879646  0.0147963  0.175596
19  0.942478  0.0658593  0.0122604
19  1.00531  0.0742666  0.0159195
19  1.06814  0.0745195  0.0165863
19  1.13097  0.0889554  0.021188
19  1.19381  0.0909067  0.0263352
19  1.25664  0.0866124  0.0206468
19  1.31947  0.08922  0.0213607
19  1.3823  0.089515  0.0213143
19  1.44513  0.10138  0.0275912
19  1.50796  0.103038  0.0293226
19  1.5708  0.105115  0.0307691
19  1.63363  0.118524  0.0429843
19  1.69646  0.0854622  0.0184514
19  1.75929  0.111126  0.0384314
19  1.82212  0.087882  0.0195307
19  1.88496  0.0945089  0.0253058
19  1.94779  0.0740077  0.0143919
19  2.01062  0.0954226  0.0291491
19  2.07345  0.070161  0.0142628
19  2.13628  0.0746175  0.0160127
19  2.19911  0.0521875  0.0074253
19  2.26195  0.00115511  0.185632
19  2.32478  0.054474  0.0115509
19  2.38761  0.0504526  0.0171093
19  2.45044  0.0618147  0.0355138
19  2.51327  0.0583529  0.0353032
19  2.57611  0.0543567  0.0433988
19  2.63894  0.0779238  0.0881924
19  2.70177  0.121049  0.0666431
19  2.7646  0  0
19  2.82743  0  0
19  2.89027  0  0
19  2.9531  0  0
19  3.01593  0  0
19  3.07876  0  0
19.5  0  0  0
19.5  0.0628319  0  0
19.5  0.125664  0  0
19.5  0.188496  0  0
19.5  0.251327  0  0
19.5  0.314159  0.251577  2.01657
19.5  0.376991  0.0637348  0.0934498
19.5  0.439823  0.126399  0.129451
19.5  0.502655  0.0399693  0.0238069
19.5  0.565487  0.0554998  0.0320875
19.5  0.628319  0.0724398  0.0414704
19.5  0.69115  0.0559021  0.0172908
19.5  0.753982  0.0605535  0.0142248
19.5  0.816814  0.0547357  0.00910108
19.5  0.879646  0.060524  0.0105341
19.5  0.942478  0.0726067  0.0171366
19.5  1.00531  0.069373  0.0132713
19.5  1.06814  0.0844342  0.0215249
19.5  1.13097  0.0889829  0.0225547
19.5  1.19381  0.0936606  0.0247778
19.5  1.25664  0.0834557  0.0196015
19.5  1.31947  0.105598  0.0325078
19.5  1.3823  0.0914194  0.0222843
19.5  1.44513  0.105862  0.0333563
19.5  1.50796  0.10064  0.0309562
19.5  1.5708  0.104107  0.0321911
19.5  1.63363  0.0978762  0.0269051
19.5  1.69646  0.0848823  0.0181238
19.5  1.75929  0.127667  0.0568194
19.5  1.82212  0.0903007  0.023499
19.5  1.88496  0.0995499  0.0293126
19.5  1.94779  0.0884143  0.0214721
19.5  2.01062  0.0762524  0.0150441
19.5  2.07345  0.0755505  0.0163422
19.5  2.13628  0.0715198  0.0135489
19.5  2.19911  0.0562612  0.00932699
19.5  2.26195  0.0529501  0.00908412
19.5  2.32478  0.0514996  0.0125387
19.5  2.38761  0.0529404  0.0155095
19.5  2.45044  0.0524754  0.0177218
19.5  2.51327  0.050779  0.0291533
19.5  2.57611  0.0974774  0.134606
19.5  2.63894  0.128843  0.130037
19.5  2.70177  0.0593237  0.0899078
19.5  2.7646  0  0
19.5  2.82743  0  0
19.5  2.89027  0  0
19.5  2.9531  0  0
19.5  3.01593  0  0
19.5  3.07876  0  0
20  0  0  0
20  0.0628319  0  0
20  0.125664  0  0
20  0.188496  0  0
20  0.251327  0  0
20  0.314159  0  0
20  0.376991  0.108449  0.073348
20  0.439823  0.0606234  0.0997268
20  0.502655  0.0635454  0.0513415
20  0.565487  0.0492431  0.0240782
20  0.628319  0.0645563  0.0310366
20  0.69115  0.0550281  0.0173412
20  0.753982  0.056576  0.0119921
20  0.816814  0.0571778  0.0101953
20  0.879646  0.055065  0.00822223
20  0.942478  0.0651029  0.0126392
20  1.00531  0.0790435  0.016758
20  1.06814  0.0853966  0.0201615
20  1.13097  0.087427  0.0217963
20  1.19381  0.100907  0.0259716
20  1.25664  0.093438  0.0226013
20  1.31947  0.0855558  0.0221299
20  1.3823  0.115638  0.0441038
20  1.44513  0.0989002  0.0283679
20  1.50796  0.106518  0.0312542
20  1.5708  0.107249  0.0340873
20  1.63363  0.0988621  0.0255794
20  1.69646  0.101052  0.0279941
20  1.75929  0.100666  0.0282927
20  1.82212  0.0848389  0.0189507
20  1.88496  0.0854076  0.0211649
20  1.94779  0.0816444  0.0195284
20  2.01062  0.0917571  0.0224204
20  2.07345  0.0819963  0.0200123
20  2.13628  0.0705273  0.0133526
20  2.19911  0.0630731  0.0111443
20  2.26195  0.0582344  0.011616
20  2.32478  0.0487492  0.00984606
20  2.38761  0.0567249  0.0174605
20  2.45044  0.0728343  0.0399061
20  2.51327  0.0705738  0.0597648
20  2.57611  0.151339  0.109652
20  2.63894  0.124661  0.136596
20  2.70177  0.133494  0.130658
20  2.7646  0  0
20  2.82743  0  0
20  2.89027  0  0
20  2.9531  0  0
20  3.01593  0  0
20  3.07876  0  0
20.5  0  0  0
20.5  0.0628319  0  0
20.5  0.125664  0  0
20.5  0.188496  0  0
20.5  0.251327  0  0
20.5  0.314159  0  0
20.5  0.376991  0.0309852  0.040619
20.5  0.439823  0.0503447  0.0508063
20.5  0.502655  0.0919894  0.110863
20.5  0.565487  0.0736626  0.0533037
20.5  0.628319  0.0488746  0.0161765
20.5  0.69115  0.0527069  0.0143846
20.5  0.753982  0.0578663  0.0134993
20.5  0.816814  0.0555304  0.0100422
20.5  0.879646  0.0553152  0.0087073
20.5  0.942478  0.0687952  0.0127558
20.5  1.00531  0.0709708  0.013626
20.5  1.06814  0.0856959  0.018254
20.5  1.13097  0.0879843  0.0216384
20.5  1.19381  0.0878789  0.0211484
20.5  1.25664  0.0879836  0.0191612
20.5  1.31947  0.0887713  0.0208248
20.5  1.3823  0.10521  0.0333289
20.5  1.44513  0.099851  0.0279376
20.5  1.50796  0.0986539  0.0256315
20.5  1.5708  0.0924504  0.0232584
20.5  1.63363  0.0937432  0.0287069
20.5  1.69646  0.00708663  0.228681
20.5  1.75929  0.10869  0.0332036
20.5  1.82212  0.0954788  0.0270461
20.5  1.88496  0.0969929  0.0272858
20.5  1.94779  0.094808  0.0236573
20.5  2.01062  0.0705726  0.0131422
20.5  2.07345  0.0874678  0.0215434
20.5  2.13628  0.0650528  0.0125466
20.5  2.19911  0.0595335  0.010122
20.5  2.26195  0.0519185  0.00903029
20.5  2.32478  0.0548104  0.0122174
20.5  2.38761  0.0593467  0.0207119
20.5  2.45044  0.0712667  0.0413521
20.5  2.51327  0.0430956  0.0196849
20.5  2.57611  0.0347018  0.0170652
20.5  2.63894  0.0711699  0.116647
20.5  2.70177  0.0538637  0.0709504
20.5  2.7646  0  0
20.5  2.82743  0  0
20.5  2.89027  0  0
20.5  2.9531  0  0
20.5  3.01593  0  0
20.5  3.07876  0  0
21  0  0  0
21  0.0628319  0  0
21  0.125664  0  0
21  0.188496  0  0
21  0.251327  0  0
21  0.314159  0  0
21  0.376991  0.0757245  0.0753698
21  0.439823  0.146913  0.0970671
21  0.502655  0.046822  0.0242796
21  0.565487  0.0540869  0.0321341
21  0.628319  0.062809  0.0261845
21  0.69115  0.0635524  0.0217881
21  0.753982  0.0477032  0.00823428
21  0.816814  0.0573508  0.0113559
21  0.879646  0.0598705  0.00971325
21  0.942478  0.061169  0.00965484
21  1.00531  0.0655733  0.00975468
21  1.06814  0.0811904  0.0173448
21  1.13097  0.0850212  0.0187069
21  1.19381  0.0885972  0.0194389
21  1.25664  0.0936648  0.0230293
21  1.31947  0.0925207  0.0258349
21  1.3823  0.0932628  0.0253958
21  1.44513  0.118947  0.0471386
21  1.50796  0.108822  0.0375555
21  1.5708  0.0981257  0.0238023
21  1.63363  0.122444  0.0488747
21  1.69646  0.0966646  0.0266141
21  1.75929  0.100881  0.0313723
21  1.82212  0.0963369  0.0303978
21  1.88496  0.0818408  0.0185913
21  1.94779  0.0920004  0.0253499
21  2.01062  0.0743396  0.0147917
21  2.07345  0.0696143  0.0123816
21  2.13628  0.0632042  0.0107803
21  2.19911  0.0677259  0.0153122
21  2.26195  0.0638706  0.0125824
21  2.32478  0.0590569  0.0129976
21  2.38761  0.0586203  0.0184956
21  2.45044  0.0685819  0.0359373
21  2.51327  0.0822955  0.067811
21  2.57611  0.0730002  0.070434
21  2.63894  0.102493  0.118671
21  2.70177  0.0542634  0.0632923
21  2.7646  0  0
21  2.82743  0  0
21  2.89027  0  0
21  2.9531  0  0
21  3.01593  0  0
21  3.07876  0  0
21.5  0  0  0
21.5  0.0628319  0  0
21.5  0.125664  0  0
21.5  0.188496  0  0
21.5  0.251327  0  0
21.5  0.314159  0  0
21.5  0.376991  0.0451784  0.0900149
21.5  0.439823  0.0684835  0.109914
21.5  0.502655  0.0848993  0.138414
21.5  0.565487  0.056509  0.0374476
21.5  0.628319  0.0821149  0.0532096
21.5  0.69115  0.0699596  0.0307137
21.5  0.753982  0.0596062  0.0139748
21.5  0.816814  0.050629  0.00914261
21.5  0.879646  0.0589155  0.00918488
21.5  0.942478  0.0683109  0.0114479
21.5  1.00531  0.067464  0.0112214
21.5  1.06814  0.0800144  0.0175982
21.5  1.13097  0.0887051  0.0224761
21.5  1.19381  0.106734  0.0310212
21.5  1.25664  0.103305  0.0288268
21.5  1.31947  0.0788283  0.0185074
21.5  1.3823  0.112375  0.0367068
21.5  1.44513  0.105831  0.0319585
21.5  1.50796  0.0964359  0.0260737
21.5  1.5708  0.103353  0.0310158
21.5  1.63363  0.109618  0.0324083
21.5  1.69646  0.107867  0.0301207
21.5  1.75929  0.0885269  0.0206955
21.5  1.82212  0.0893728  0.0207248
21.5  1.88496  0.0897617  0.021086
21.5  1.94779  0.0741132  0.0134148
21.5  2.01062  0.0744611  0.0158853
21.5  2.07345  0.0783763  0.0191874
21.5  2.13628  0.0687417  0.0133252
21.5  2.19911  0.0616108  0.010545
21.5  2.26195  0.0555186  0.0100367
21.5  2.32478  0.0535061  0.0109097
21.5  2.38761  0.0656373  0.0236156
21.5  2.45044  0.058827  0.0226639
21.5  2.51327  0.0490571  0.0227573
21.5  2.57611  0.0785072  0.0764984
21.5  2.63894  0.0376569  0.0325671
21.5  2.70177  0.0961097  0.0505943
21.5  2.7646  0  0
21.5  2.82743  0  0
21.5  2.89027  0  0
21.5  2.9531  0  0
21.5  3.01593  0  0
21.5  3.07876  0  0
22  0  0  0
22  0.0628319  0  0
22  0.125664  0  0
22  0.188496  0  0
22  0.251327  0  0
22  0.314159  0.258759  1.70226
22  0.376991  0.0449818  0.0816752
22  0.439823  0.0611123  0.100637
22  0.502655  0.0421049  0.0230729
22  0.565487  0.0761039  0.0519729
22  0.628319  0.0601563  0.0276844
22  0.69115  0.0550538  0.0172856
22  0.753982  0.050378  0.0100144
22  0.816814  0.0500382  0.00741572
22  0.879646  0.0617056  0.0107158
22  0.942478  0.0718673  0.0139152
22  1.00531  0.0708746  0.0136926
22  1.06814  0.0725639  0.0147595
22  1.13097  0.082673  0.0193053
22  1.19381  0.082765  0.0195127
22  1.25664  0.0847626  0.0194992
22  1.31947  0.0997649  0.026213
22  1.3823  0.0913595  0.023783
22  1.44513  0.115819  0.0456931
22  1.50796  0.10466  0.0327047
22  1.5708  0.0878199  0.0214497
22  1.63363  0.109942  0.0351072
22  1.69646  0.106051  0.0343073
22  1.75929  0.104219  0.0309442
22  1.82212  0.0943809  0.0250003
22  1.88496  0.0870068  0.0192459
22  1.94779  0.0841534  0.0185599
22  2.01062  0.0750106  0.0145494
22  2.07345  0.0704588  0.0129545
22  2.13628  0.0579402  0.00811083
22  2.19911  0.0604883  0.00903453
22  2.26195  0.0598913  0.00991834
22  2.32478  0.0486933  0.00921195
22  2.38761  0.0690276  0.0250166
22  2.45044  0.0555163  0.0269145
22  2.51327  0.0768975  0.0560916
22  2.57611  0.0713527  0.0724677
22  2.63894  0.063236  0.103207
22  2.70177  0.111332  0.056223
22  2.7646  0  0
22  2.82743  0  0
22  2.89027  0  0
22  2.9531  0  0
22  3.01593  0  0
22  3.07876  0  0
22.5  0  0  0
22.5  0.0628319  0  0
22.5  0.125664  0  0
22.5  0.188496  0  0
22.5  0.251327  0  0
22.5  0.314159  0.258759  1.70226
22.5  0.376991  0.0571255  0.0708686
22.5  0.439823  0.0534424  0.0410315
22.5  0.502655  0.0791211  0.11193
22.5  0.565487  0.0734062  0.0547812
22.5  0.628319  0.0499836  0.0213387
22.5  0.69115  0.0542887  0.0149009
22.5  0.753982  0.0508443  0.00971839
22.5  0.816814  0.0614523  0.0110652
22.5  0.879646  0.0573057  0.00817334
22.5  0.942478  0.0676574  0.0109858
22.5  1.00531  0.0776794  0.0158913
22.5  1.06814  0.0660507  0.0113419
22.5  1.13097  0.0901796  0.02228
22.5  1.19381  0.100596  0.0292036
22.5  1.25664  0.085767  0.0216383
22.5  1.31947  0.086738  0.0176313
22.5  1.3823  0.111892  0.0419832
22.5  1.44513  0.105684  0.0309067
22.5  1.50796  0.0975185  0.0268545
22.5  1.5708  0.110093  0.033697
22.5  1.63363  0.108096  0.0392914
22.5  1.69646  0.0983864  0.0271279
22.5  1.75929  0.116434  0.0449323
22.5  1.82212  0.0935006  0.0250829
22.5  1.88496  0.0813102  0.0160493
22.5  1.94779  0.0791972  0.0168642
22.5  2.01062  0.082744  0.0175132
22.5  2.07345  0.0685559  0.0115612
22.5  2.13628  0.0688292  0.0122393
22.5  2.19911  0.0587612  0.00874831
22.5  2.26195  0.0559537  0.00890673
22.5  2.32478  0.0579784  0.0128763
22.5  2.38761  0.052545  0.0133899
22.5  2.45044  0.0633893  0.0261393
22.5  2.51327  0.0571754  0.0254729
22.5  2.57611  0.0952303  0.136804
22.5  2.63894  0.0663663  0.0941635
22.5  2.70177  0.0534795  0.102135
22.5  2.7646  0.00104752  0.00768657
22.5  2.82743  0  0
22.5  2.89027  0  0
22.5  2.9531  0  0
22.5  3.01593  0  0
22.5  3.07876  0  0
23  0  0  0
23  0.0628319  0  0
23  0.125664  0  0
23  0.188496  0  0
23  0.251327  0  0
23  0.314159  0.246587  1.36003
23  0.376991  0.0442802  0.0827607
23  0.439823  0.104736  0.118637
23  0.502655  0.0832861  0.120585
23  0.565487  0.0500772  0.0235528
23  0.628319  0.0688683  0.0399286
23  0.69115  0.0675786  0.0220566
23  0.753982  0.0596803  0.0117124
23  0.816814  0.055382  0.00878321
23  0.879646  0.0591065  0.00880819
23  0.942478  0.0694263  0.0128022
23  1.00531  0.0658332  0.0112332
23  1.06814  0.076599  0.0157807
23  1.13097  0.0803226  0.0170189
23  1.19381  0.0867042  0.0197593
23  1.25664  0.108739  0.0380457
23  1.31947  0.110339  0.038633
23  1.3823  0.0945695  0.0240503
23  1.44513  0.101881  0.0313024
23  1.50796  0.0923025  0.023031
23  1.5708  0.0995488  0.0281856
23  1.63363  0.116073  0.044491
23  1.69646  0.100354  0.0307798
23  1.75929  0.103102  0.0294075
23  1.82212  0.0897016  0.0210876
23  1.88496  0.0855262  0.0212357
23  1.94779  0.0958793  0.0269312
23  2.01062  0.0819026  0.0159874
23  2.07345  0.0688452  0.0125248
23  2.13628  0.0771598  0.0154409
23  2.19911  0.065247  0.0110438
23  2.26195  0.0557438  0.00953081
23  2.32478  0.0679211  0.0160392
23  2.38761  0.0679448  0.021343
23  2.45044  0.0657906  0.0300048
23  2.51327  0.0682869  0.0416402
23  2.57611  0.0586087  0.0400979
23  2.63894  0.0456497  0.032533
23  2.70177  0.026444  0.0254874
23  2.7646  0.258759  1.70226
23  2.82743  0  0
23  2.89027  0  0
23  2.9531  0  0
23  3.01593  0  0
23  3.07876  0  0
23.5  0  0  0
23.5  0.0628319  0  0
23.5  0.125664  0  0
23.5  0.188496  0  0
23.5  0.251327  0  0
23.5  0.314159  0.00261881  0.0192164
23.5  0.376991  0.0860356  0.0840262
23.5  0.439823  0.0424348  0.030325
23.5  0.502655  0.0831085  0.0680897
23.5  0.565487  0.0624831  0.0345474
23.5  0.628319  0.0615531  0.0262063
23.5  0.69115  0.0543165  0.0130264
23.5  0.753982  0.0532998  0.00998365
23.5  0.816814  0.0567455  0.00958771
23.5  0.879646  0.0534742  0.00705682
23.5  0.942478  0.0707899  0.0122589
23.5  1.00531  0.0754115  0.0165663
23.5  1.06814  0.0791062  0.0166918
23.5  1.13097  0.0750954  0.0146851
23.5  1.19381  0.0896951  0.0237978
23.5  1.25664  0.0841503  0.0199035
23.5  1.31947  0.0961605  0.0265011
23.5  1.3823  0.108555  0.0349338
23.5  1.44513  0.0977993  0.0249427
23.5  1.50796  0.105312  0.0327626
23.5  1.5708  0.0944693  0.0254638
23.5  1.63363  0.0955555  0.025248
23.5  1.69646  0.109367  0.038996
23.5  1.75929  0.100961  0.0297745
23.5  1.82212  0.107332  0.0347821
23.5  1.88496  0.0924926  0.0236238
23.5  1.94779  0.0720721  0.014302
23.5  2.01062  0.0791607  0.0173843
23.5  2.07345  0.0732484  0.0128091
23.5  2.13628  0.069515  0.0127856
23.5  2.19911  0.0635095  0.0107637
23.5  2.26195  0.0655908  0.0121197
23.5  2.32478  0.0620508  0.0118897
23.5  2.38761  0.0560044  0.0145125
23.5  2.45044  0.0623221  0.025786
23.5  2.51327  0.0561452  0.0283122
23.5  2.57611  0.0793067  0.110847
23.5  2.63894  0.0487132  0.0386798
23.5  2.70177  0.1279  0.121865
23.5  2.7646  0.107231  0.0547583
23.5  2.82743  0  0
23.5  2.89027  0  0
23.5  2.9531  0  0
23.5  3.01593  0  0
23.5  3.07876  0  0
24  0  0  0
24  0.0628319  0  0
24  0.125664  0  0
24  0.188496  0  0
24  0.251327  0  0
24  0.314159  0.0873095  0.0437935
24  0.376991  0.0471377  0.052151
24  0.439823  0.0612456  0.0591116
24  0.502655  0.0467148  0.026558
24  0.565487  0.0650464  0.0500832
24  0.628319  0.061941  0.0371487
24  0.69115  0.0547418  0.0143963
24  0.753982  0.0587035  0.0125598
24  0.816814  0.0544924  0.00809824
24  0.879646  0.054225  0.00705796
24  0.942478  0.0669527  0.0121959
24  1.00531  0.0673079  0.0111511
24  1.06814  0.0860692  0.0212397
24  1.13097  0.0922253  0.0223415
24  1.19381  0.0852405  0.0201987
24  1.25664  0.0886454  0.0199763
24  1.31947  0.111713  0.0399323
24  1.3823  0.091749  0.0232319
24  1.44513  0.110563  0.0409755
24  1.50796  0.101495  0.0283335
24  1.5708  0.0899113  0.0202668
24  1.63363  0.107152  0.0369309
24  1.69646  0.0957097  0.0246604
24  1.75929  0.101298  0.029638
24  1.82212  0.0950754  0.0279292
24  1.88496  0.0816245  0.0180166
24  1.94779  0.0820877  0.0174851
24  2.01062  0.0778964  0.0152573
24  2.07345  0.0806958  0.0173701
24  2.13628  0.0676346  0.0125311
24  2.19911  0.0594439  0.00932914
24  2.26195  0.0589967  0.00886764
24  2.32478  0.0706575  0.0181182
24  2.38761  0.0661911  0.0224386
24  2.45044  0.0602804  0.025014
24  2.51327  0.0568891  0.029362
24  2.57611  0.0625015  0.042036
24  2.63894  0.0625333  0.102874
24  2.70177  0.0458793  0.069952
24  2.7646  0.00122211  0.00896767
24  2.82743  0  0
24  2.89027  0  0
24  2.9531  0  0
24  3.01593  0  0
24  3.07876  0  0
24.5  0  0  0
24.5  0.0628319  0  0
24.5  0.125664  0  0
24.5  0.188496  0  0
24.5  0.251327  0  0
24.5  0.314159  0.107091  0.0972165
24.5  0.376991  0.0509453  0.0746536
24.5  0.439823  0.107709  0.123829
24.5  0.502655  0.057268  0.0509183
24.5  0.565487  0.110973  0.152901
24.5  0.628319  0.0582856  0.0250499
24.5  0.69115  0.066611  0.0171356
24.5  0.753982  0.0553954  0.0104052
24.5  0.816814  0.0642766  0.01109
24.5  0.879646  0.0639886  0.00953066
24.5  0.942478  0.0593329  0.00801396
24.5  1.00531  0.065413  0.0113201
24.5  1.06814  0.0795366  0.01703
24.5  1.13097  0.0946021  0.0247293
24.5  1.19381  0.113063  0.0404924
24.5  1.25664  0.0866795  0.020509
24.5  1.31947  0.0999152  0.027438
24.5  1.3823  0.101224  0.0311145
24.5  1.44513  0.101461  0.0267558
24.5  1.50796  0.100677  0.0289402
24.5  1.5708  0.111492  0.0341932
24.5  1.63363  0.0957563  0.0239993
24.5  1.69646  0.108558  0.0384663
24.5  1.75929  0.0835119  0.0186957
24.5  1.82212  0.0877263  0.0201314
24.5  1.88496  0.100647  0.0317196
24.5  1.94779  0.0849279  0.0204118
24.5  2.01062  0.0747458  0.0127989
24.5  2.07345  0.0721246  0.0130331
24.5  2.13628  0.0712483  0.0123293
24.5  2.19911  0.0598882  0.00934596
24.5  2.26195  0.0557314  0.00854115
24.5  2.32478  0.0511684  0.00888986
24.5  2.38761  0.05696  0.0135655
24.5  2.45044  0.0676459  0.0268027
24.5  2.51327  0.104336  0.0907342
24.5  2.57611  0.0517501  0.0417571
24.5  2.63894  0.0872605  0.118796
24.5  2.70177  0.0948891  0.0762821
24.5  2.7646  0.107606  0.087812
24.5  2.82743  0  0
24.5  2.89027  0  0
24.5  2.9531  0  0
24.5  3.01593  0  0
24.5  3.07876  0  0
