2  0  0  0
2  0.0628319  0  0
2  0.125664  0  0
2  0.188496  0  0
2  0.251327  0  0
2  0.314159  0  0
2  0.376991  0  0
2  0.439823  0  0
2  0.502655  0  0
2  0.565487  0  0
2  0.628319  0  0
2  0.69115  0  0
2  0.753982  0  0
2  0.816814  0  0
2  0.879646  0  0
2  0.942478  0  0
2  1.00531  0  0
2  1.06814  0  0
2  1.13097  0  0
2  1.19381  0  0
2  1.25664  0  0
2  1.31947  0  0
2  1.3823  0  0
2  1.44513  0  0
2  1.50796  0  0
2  1.5708  0  0
2  1.63363  0  0
2  1.69646  0  0
2  1.75929  0  0
2  1.82212  0  0
2  1.88496  0  0
2  1.94779  0  0
2  2.01062  0  0
2  2.07345  0  0
2  2.13628  0  0
2  2.19911  0  0
2  2.26195  0  0
2  2.32478  0  0
2  2.38761  0  0
2  2.45044  0  0
2  2.51327  0  0
2  2.57611  0  0
2  2.63894  0  0
2  2.70177  0  0
2  2.7646  0  0
2  2.82743  0  0
2  2.89027  0  0
2  2.9531  0  0
2  3.01593  0  0
2  3.07876  0  0
2.5  0  0  0
2.5  0.0628319  0  0
2.5  0.125664  0  0
2.5  0.188496  0  0
2.5  0.251327  0  0
2.5  0.314159  0  0
2.5  0.376991  0  0
2.5  0.439823  0  0
2.5  0.502655  0  0
2.5  0.565487  0  0
2.5  0.628319  0  0
2.5  0.69115  0  0
2.5  0.753982  0  0
2.5  0.816814  0  0
2.5  0.879646  0  0
2.5  0.942478  0  0
2.5  1.00531  0  0
2.5  1.06814  0  0
2.5  1.13097  0  0
2.5  1.19381  0  0
2.5  1.25664  0.250796  2.12815
2.5  1.31947  0.42652  0.215417
2.5  1.3823  0.184877  0.269896
2.5  1.44513  0.320969  0.335178
2.5  1.50796  0.33708  0.208938
2.5  1.5708  0.257481  0.302314
2.5  1.63363  0.382469  0.19127
2.5  1.69646  0.32188  0.161316
2.5  1.75929  0.165679  0.131146
2.5  1.82212  0.21146  0.134302
2.5  1.88496  0  0
2.5  1.94779  0  0
2.5  2.01062  0  0
2.5  2.07345  0  0
2.5  2.13628  0  0
2.5  2.19911  0  0
2.5  2.26195  0  0
2.5  2.32478  0  0
2.5  2.38761  0  0
2.5  2.45044  0  0
2.5  2.51327  0  0
2.5  2.57611  0  0
2.5  2.63894  0  0
2.5  2.70177  0  0
2.5  2.7646  0  0
2.5  2.82743  0  0
2.5  2.89027  0  0
2.5  2.9531  0  0
2.5  3.01593  0  0
2.5  3.07876  0  0
3  0  0  0
3  0.0628319  0  0
3  0.125664  0  0
3  0.188496  0  0
3  0.251327  0  0
3  0.314159  0  0
3  0.376991  0  0
3  0.439823  0  0
3  0.502655  0  0
3  0.565487  0  0
3  0.628319  0  0
3  0.69115  0  0
3  0.753982  0  0
3  0.816814  0  0
3  0.879646  0  0
3  0.942478  0.225899  0.230364
3  1.00531  0.13359  0.222173
3  1.06814  0.103244  0.0546183
3  1.13097  0.145229  0.115786
3  1.19381  0.0922209  0.0297387
3  1.25664  0.101592  0.0363172
3  1.31947  0.0998318  0.034818
3  1.3823  0.131914  0.068884
3  1.44513  0.123632  0.057625
3  1.50796  0.152178  0.106018
3  1.5708  0.0987898  0.0337026
3  1.63363  0.117248  0.0642786
3  1.69646  0.115612  0.054815
3  1.75929  0.362104  0.257167
3  1.82212  0.132015  0.0755481
3  1.88496  0.0905518  0.0333428
3  1.94779  0.120423  0.0709421
3  2.01062  0.125322  0.109167
3  2.07345  0.307561  0.193002
3  2.13628  0.298967  0.162621
3  2.19911  0.144521  0.210275
3  2.26195  0  0
3  2.32478  0  0
3  2.38761  0  0
3  2.45044  0  0
3  2.51327  0  0
3  2.57611  0  0
3  2.63894  0  0
3  2.70177  0  0
3  2.7646  0  0
3  2.82743  0  0
3  2.89027  0  0
3  2.9531  0  0
3  3.01593  0  0
3  3.07876  0  0
3.5  0  0  0
3.5  0.0628319  0  0
3.5  0.125664  0  0
3.5  0.188496  0  0
3.5  0.251327  0  0
3.5  0.314159  0  0
3.5  0.376991  0  0
3.5  0.439823  0  0
3.5  0.502655  0  0
3.5  0.565487  0  0
3.5  0.628319  0  0
3.5  0.69115  0  0
3.5  0.753982  0.310279  0.201023
3.5  0.816814  0.085692  0.0511033
3.5  0.879646  0.0896474  0.0365802
3.5  0.942478  0.0822713  0.023109
3.5  1.00531  0.0892066  0.0291908
3.5  1.06814  0.082121  0.0252405
3.5  1.13097  0.0920366  0.02968
3.5  1.19381  0.109354  0.0465799
3.5  1.25664  0.101095  0.0418866
3.5  1.31947  0.115911  0.0534941
3.5  1.3823  0.122144  0.0609462
3.5  1.44513  0.118072  0.0539022
3.5  1.50796  0.125603  0.0637717
3.5  1.5708  0.111622  0.0460623
3.5  1.63363  0.108198  0.041333
3.5  1.69646  0.0996924  0.0359288
3.5  1.75929  0.124927  0.0659257
3.5  1.82212  0.130872  0.0752221
3.5  1.88496  0.10308  0.0398886
3.5  1.94779  0.082981  0.0237064
3.5  2.01062  0.0979535  0.0388367
3.5  2.07345  0.0909267  0.0260076
3.5  2.13628  0.0760654  0.0215892
3.5  2.19911  0.0747222  0.0238752
3.5  2.26195  0.106346  0.103046
3.5  2.32478  0.259075  0.247868
3.5  2.38761  0  0
3.5  2.45044  0  0
3.5  2.51327  0  0
3.5  2.57611  0  0
3.5  2.63894  0  0
3.5  2.70177  0  0
3.5  2.7646  0  0
3.5  2.82743  0  0
3.5  2.89027  0  0
3.5  2.9531  0  0
3.5  3.01593  0  0
3.5  3.07876  0  0
4  0  0  0
4  0.0628319  0  0
4  0.125664  0  0
4  0.188496  0  0
4  0.251327  0  0
4  0.314159  0  0
4  0.376991  0  0
4  0.439823  0  0
4  0.502655  0  0
4  0.565487  0  0
4  0.628319  0  0
4  0.69115  0.1381  0.182591
4  0.753982  0.0632077  0.0217321
4  0.816814  0.0589056  0.014329
4  0.879646  0.076226  0.021925
4  0.942478  0.080817  0.0246084
4  1.00531  0.0867606  0.025856
4  1.06814  0.0859488  0.0274679
4  1.13097  0.0840342  0.0238782
4  1.19381  0.0841967  0.0230375
4  1.25664  0.103431  0.0382718
4  1.31947  0.115221  0.0591836
4  1.3823  0.10013  0.0333339
4  1.44513  0.110426  0.0440308
4  1.50796  0.115368  0.0480947
4  1.5708  0.113054  0.0423319
4  1.63363  0.118685  0.0530175
4  1.69646  0.119408  0.0557442
4  1.75929  0.103197  0.0431492
4  1.82212  0.116084  0.0466508
4  1.88496  0.0984723  0.0324222
4  1.94779  0.0932668  0.0330118
4  2.01062  0.0782089  0.0206308
4  2.07345  0.0975537  0.0430042
4  2.13628  0.063464  0.0145367
4  2.19911  0.0604575  0.0124691
4  2.26195  0.0627247  0.0143917
4  2.32478  0.0633191  0.0218469
4  2.38761  0.150784  0.130569
4  2.45044  0  0
4  2.51327  0  0
4  2.57611  0  0
4  2.63894  0  0
4  2.70177  0  0
4  2.7646  0  0
4  2.82743  0  0
4  2.89027  0  0
4  2.9531  0  0
4  3.01593  0  0
4  3.07876  0  0
4.5  0  0  0
4.5  0.0628319  0  0
4.5  0.125664  0  0
4.5  0.188496  0  0
4.5  0.251327  0  0
4.5  0.314159  0  0
4.5  0.376991  0  0
4.5  0.439823  0  0
4.5  0.502655  0  0
4.5  0.565487  0.0247914  0.181916
4.5  0.628319  0.10067  0.155889
4.5  0.69115  0.0734381  0.0409141
4.5  0.753982  0.0575878  0.0133539
4.5  0.816814  0.059855  0.0136272
4.5  0.879646  0.0664826  0.015107
4.5  0.942478  0.0750486  0.0200157
4.5  1.00531  0.0797815  0.0205561
4.5  1.06814  0.0846235  0.0259736
4.5  1.13097  0.0952143  0.0323588
4.5  1.19381  0.0987352  0.0371677
4.5  1.25664  0.106242  0.0436904
4.5  1.31947  0.105531  0.0451144
4.5  1.3823  0.140901  0.0887189
4.5  1.44513  0.115078  0.0553539
4.5  1.50796  0.114876  0.0491301
4.5  1.5708  0.117857  0.0530738
4.5  1.63363  0.114173  0.0475642
4.5  1.69646  0.11593  0.0531629
4.5  1.75929  0.105066  0.0412191
4.5  1.82212  0.10898  0.0382537
4.5  1.88496  0.084816  0.0281344
4.5  1.94779  0.112558  0.0477643
4.5  2.01062  0.0931697  0.0262142
4.5  2.07345  0.0954212  0.0338829
4.5  2.13628  0.0709089  0.0170902
4.5  2.19911  0.0681337  0.016219
4.5  2.26195  0.062392  0.0144868
4.5  2.32478  0.0729926  0.0278992
4.5  2.38761  0.0606225  0.0233049
4.5  2.45044  0.0812426  0.138526
4.5  2.51327  0.021998  0.161418
4.5  2.57611  0  0
4.5  2.63894  0  0
4.5  2.70177  0  0
4.5  2.7646  0  0
4.5  2.82743  0  0
4.5  2.89027  0  0
4.5  2.9531  0  0
4.5  3.01593  0  0
4.5  3.07876  0  0
5  0  0  0
5  0.0628319  0  0
5  0.125664  0  0
5  0.188496  0  0
5  0.251327  0  0
5  0.314159  0  0
5  0.376991  0  0
5  0.439823  0  0
5  0.502655  0  0
5  0.565487  0.109872  0.127684
5  0.628319  0.0732135  0.045117
5  0.69115  0.0593198  0.0236253
5  0.753982  0.0630875  0.0192078
5  0.816814  0.0679675  0.0178599
5  0.879646  0.0634219  0.0135618
5  0.942478  0.0731746  0.0197225
5  1.00531  0.082812  0.0213923
5  1.06814  0.0829858  0.0271963
5  1.13097  0.0865662  0.0276839
5  1.19381  0.0896896  0.0282558
5  1.25664  0.11148  0.0423409
5  1.31947  0.0977223  0.0338824
5  1.3823  0.115286  0.0466647
5  1.44513  0.11366  0.0426747
5  1.50796  0.0989549  0.0304115
5  1.5708  0.125982  0.0687356
5  1.63363  0.127798  0.0591422
5  1.69646  0.109943  0.0435268
5  1.75929  0.102167  0.0330873
5  1.82212  0.0901132  0.0265968
5  1.88496  0.0911948  0.0278292
5  1.94779  0.0982915  0.0361992
5  2.01062  0.0900788  0.0280802
5  2.07345  0.0716462  0.0169028
5  2.13628  0.0745543  0.0178152
5  2.19911  0.0775537  0.0238327
5  2.26195  0.0730615  0.0197135
5  2.32478  0.0616149  0.0188977
5  2.38761  0.0585601  0.0194225
5  2.45044  0.104359  0.156777
5  2.51327  0.123477  0.138052
5  2.57611  0  0
5  2.63894  0  0
5  2.70177  0  0
5  2.7646  0  0
5  2.82743  0  0
5  2.89027  0  0
5  2.9531  0  0
5  3.01593  0  0
5  3.07876  0  0
5.5  0  0  0
5.5  0.0628319  0  0
5.5  0.125664  0  0
5.5  0.188496  0  0
5.5  0.251327  0  0
5.5  0.314159  0  0
5.5  0.376991  0  0
5.5  0.439823  0  0
5.5  0.502655  0.174887  0.174867
5.5  0.565487  0.125563  0.168303
5.5  0.628319  0.0685388  0.0433828
5.5  0.69115  0.0643894  0.0277376
5.5  0.753982  0.0576152  0.0146579
5.5  0.816814  0.0591946  0.0120206
5.5  0.879646  0.0660735  0.014883
5.5  0.942478  0.0616002  0.0134164
5.5  1.00531  0.0706415  0.0152605
5.5  1.06814  0.0933777  0.0279662
5.5  1.13097  0.0948363  0.0307718
5.5  1.19381  0.125112  0.0634099
5.5  1.25664  0.0947332  0.0293313
5.5  1.31947  0.117387  0.0465236
5.5  1.3823  0.112882  0.0443205
5.5  1.44513  0.117984  0.0496585
5.5  1.50796  0.0994764  0.0298312
5.5  1.5708  0.115268  0.0509202
5.5  1.63363  0.11179  0.0473039
5.5  1.69646  0.125265  0.0604221
5.5  1.75929  0.0970704  0.0295375
5.5  1.82212  0.0947301  0.0303522
5.5  1.88496  0.106106  0.0406912
5.5  1.94779  0.0932311  0.0280511
5.5  2.01062  0.10055  0.0373286
5.5  2.07345  0.0815026  0.0225648
5.5  2.13628  0.0725209  0.0158397
5.5  2.19911  0.0604379  0.0138437
5.5  2.26195  0.0625393  0.0163451
5.5  2.32478  0.0613953  0.0177965
5.5  2.38761  0.0591206  0.0208205
5.5  2.45044  0.0600587  0.0345435
5.5  2.51327  0.0889016  0.0772438
5.5  2.57611  0.12229  0.0682735
5.5  2.63894  0  0
5.5  2.70177  0  0
5.5  2.7646  0  0
5.5  2.82743  0  0
5.5  2.89027  0  0
5.5  2.9531  0  0
5.5  3.01593  0  0
5.5  3.07876  0  0
6  0  0  0
6  0.0628319  0  0
6  0.125664  0  0
6  0.188496  0  0
6  0.251327  0  0
6  0.314159  0  0
6  0.376991  0  0
6  0.439823  0.135002  0.117787
6  0.502655  0.0731767  0.13128
6  0.565487  0.0597339  0.0462935
6  0.628319  0.0621455  0.0334751
6  0.69115  0.0731524  0.0352628
6  0.753982  0.0675707  0.0237667
6  0.816814  0.0553797  0.0121544
6  0.879646  0.0697653  0.0181599
6  0.942478  0.0691564  0.0148937
6  1.00531  0.0729349  0.0151491
6  1.06814  0.0838332  0.0241937
6  1.13097  0.0996218  0.0337216
6  1.19381  0.101514  0.034099
6  1.25664  0.101171  0.0360924
6  1.31947  0.117734  0.0486837
6  1.3823  0.111285  0.0420991
6  1.44513  0.111889  0.0365554
6  1.50796  0.107901  0.0375872
6  1.5708  0.10541  0.0349734
6  1.63363  0.1186  0.0530112
6  1.69646  0.108993  0.0365779
6  1.75929  0.0989039  0.0319204
6  1.82212  0.111161  0.0382197
6  1.88496  0.089237  0.0251082
6  1.94779  0.100989  0.0344906
6  2.01062  0.0861895  0.023189
6  2.07345  0.0725699  0.0167078
6  2.13628  0.074943  0.0181764
6  2.19911  0.0626035  0.0129744
6  2.26195  0.0623015  0.0133504
6  2.32478  0.0618141  0.0188596
6  2.38761  0.0700707  0.030284
6  2.45044  0.0710219  0.0448437
6  2.51327  0.10893  0.164472
6  2.57611  0.0852414  0.130977
6  2.63894  0  0
6  2.70177  0  0
6  2.7646  0  0
6  2.82743  0  0
6  2.89027  0  0
6  2.9531  0  0
6  3.01593  0  0
6  3.07876  0  0
6.5  0  0  0
6.5  0.0628319  0  0
6.5  0.125664  0  0
6.5  0.188496  0  0
6.5  0.251327  0  0
6.5  0.314159  0  0
6.5  0.376991  0.239094  2.29264
6.5  0.439823  0.224205  0.207644
6.5  0.502655  0.105372  0.102186
6.5  0.565487  0.0763209  0.0574592
6.5  0.628319  0.0660136  0.0365774
6.5  0.69115  0.058158  0.020925
6.5  0.753982  0.0605015  0.0143593
6.5  0.816814  0.0514961  0.00918566
6.5  0.879646  0.0723551  0.0162515
6.5  0.942478  0.0810129  0.0192568
6.5  1.00531  0.0814259  0.0195622
6.5  1.06814  0.0869616  0.0230569
6.5  1.13097  0.0918066  0.0253801
6.5  1.19381  0.0941655  0.0252127
6.5  1.25664  0.0989922  0.0289916
6.5  1.31947  0.103684  0.0290807
6.5  1.3823  0.101492  0.0318779
6.5  1.44513  0.104285  0.0317805
6.5  1.50796  0.122008  0.0488197
6.5  1.5708  0.114534  0.0393395
6.5  1.63363  0.107571  0.0357115
6.5  1.69646  0.113582  0.0390594
6.5  1.75929  0.129119  0.0581245
6.5  1.82212  0.100998  0.0323268
6.5  1.88496  0.100731  0.0301634
6.5  1.94779  0.0857934  0.0195094
6.5  2.01062  0.0880042  0.021133
6.5  2.07345  0.0771627  0.0172774
6.5  2.13628  0.0655225  0.012905
6.5  2.19911  0.0657044  0.0139379
6.5  2.26195  0.0596174  0.0143685
6.5  2.32478  0.0576818  0.0175079
6.5  2.38761  0.0612713  0.0207268
6.5  2.45044  0.0538593  0.0216517
6.5  2.51327  0.096794  0.150258
6.5  2.57611  0.123846  0.146989
6.5  2.63894  0.0467445  0.0893276
6.5  2.70177  0  0
6.5  2.7646  0  0
6.5  2.82743  0  0
6.5  2.89027  0  0
6.5  2.9531  0  0
6.5  3.01593  0  0
6.5  3.07876  0  0
7  0  0  0
7  0.0628319  0  0
7  0.125664  0  0
7  0.188496  0  0
7  0.251327  0  0
7  0.314159  0  0
7  0.376991  0.246657  2.2472
7  0.439823  0.0750942  0.0791643
7  0.502655  0.0946179  0.103398
7  0.565487  0.0965628  0.147381
7  0.628319  0.0644962  0.0353986
7  0.69115  0.0749441  0.0321487
7  0.753982  0.0641693  0.0161968
7  0.816814  0.058702  0.0112062
7  0.879646  0.0624756  0.0109154
7  0.942478  0.0793829  0.0182562
7  1.00531  0.0878402  0.0227686
7  1.06814  0.091854  0.0242982
7  1.13097  0.0967905  0.0255864
7  1.19381  0.0961924  0.0261504
7  1.25664  0.0975964  0.0255814
7  1.31947  0.107914  0.0384471
7  1.3823  0.0911836  0.0222327
7  1.44513  0.0945381  0.0255636
7  1.50796  0.103079  0.0319921
7  1.5708  0.11968  0.0467727
7  1.63363  0.095716  0.0265482
7  1.69646  0.0962676  0.028679
7  1.75929  0.0999723  0.0331976
7  1.82212  0.0972786  0.0287585
7  1.88496  0.0922871  0.0270442
7  1.94779  0.0903034  0.0241033
7  2.01062  0.0824538  0.0208177
7  2.07345  0.0899574  0.0266354
7  2.13628  0.0654811  0.0119915
7  2.19911  0.0714071  0.0169876
7  2.26195  0.0626502  0.014309
7  2.32478  0.0629989  0.0146691
7  2.38761  0.0758661  0.0328993
7  2.45044  0.0618958  0.0293998
7  2.51327  0.0536584  0.0344608
7  2.57611  0.0463105  0.0315687
7  2.63894  0.104218  0.0632083
7  2.70177  0  0
7  2.7646  0  0
7  2.82743  0  0
7  2.89027  0  0
7  2.9531  0  0
7  3.01593  0  0
7  3.07876  0  0
7.5  0  0  0
7.5  0.0628319  0  0
7.5  0.125664  0  0
7.5  0.188496  0  0
7.5  0.251327  0  0
7.5  0.314159  0  0
7.5  0.376991  0.258759  1.70226
7.5  0.439823  0.129228  0.0924088
7.5  0.502655  0.0820399  0.132345
7.5  0.565487  0.0793604  0.0634012
7.5  0.628319  0.0719281  0.0391083
7.5  0.69115  0.0613407  0.0187634
7.5  0.753982  0.0551811  0.0116905
7.5  0.816814  0.0656334  0.0124579
7.5  0.879646  0.0616767  0.0103428
7.5  0.942478  0.0653749  0.011046
7.5  1.00531  0.0855226  0.0210559
7.5  1.06814  0.0772671  0.0174848
7.5  1.13097  0.0911169  0.0231206
7.5  1.19381  0.108182  0.0393875
7.5  1.25664  0.107246  0.0331188
7.5  1.31947  0.0971321  0.0298487
7.5  1.3823  0.101437  0.0308377
7.5  1.44513  0.110891  0.039759
7.5  1.50796  0.0984538  0.0263756
7.5  1.5708  0.116475  0.0409575
7.5  1.63363  0.105396  0.0319564
7.5  1.69646  0.0993418  0.0295915
7.5  1.75929  0.119537  0.0464651
7.5  1.82212  0.0848847  0.0200599
7.5  1.88496  0.0835317  0.0206156
7.5  1.94779  0.0832617  0.0198524
7.5  2.01062  0.0690981  0.0128108
7.5  2.07345  0.0873285  0.0195612
7.5  2.13628  0.0711533  0.0146656
7.5  2.19911  0.0648397  0.0113975
7.5  2.26195  0.0683546  0.0143268
7.5  2.32478  0.0665878  0.0170956
7.5  2.38761  0.0704449  0.0234496
7.5  2.45044  0.0512882  0.0174711
7.5  2.51327  0.0629425  0.0459426
7.5  2.57611  0.0681926  0.111353
7.5  2.63894  0.0747537  0.0769811
7.5  2.70177  0  0
7.5  2.7646  0  0
7.5  2.82743  0  0
7.5  2.89027  0  0
7.5  2.9531  0  0
7.5  3.01593  0  0
7.5  3.07876  0  0
8  0  0  0
8  0.0628319  0  0
8  0.125664  0  0
8  0.188496  0  0
8  0.251327  0  0
8  0.314159  0  0
8  0.376991  0.177043  0.141938
8  0.439823  0.0611038  0.0990253
8  0.502655  0.0513955  0.0397228
8  0.565487  0.0739986  0.0472951
8  0.628319  0.0730099  0.0339418
8  0.69115  0.0714747  0.027209
8  0.753982  0.0610105  0.0135856
8  0.816814  0.0579573  0.0113821
8  0.879646  0.0685883  0.0146781
8  0.942478  0.0735036  0.0150624
8  1.00531  0.078748  0.0183816
8  1.06814  0.0927384  0.0263102
8  1.13097  0.0968399  0.0281166
8  1.19381  0.0984061  0.0279975
8  1.25664  0.0882963  0.0224969
8  1.31947  0.0882618  0.0204243
8  1.3823  0.10725  0.0354743
8  1.44513  0.11188  0.0373278
8  1.50796  0.113625  0.0401818
8  1.5708  0.104362  0.0343777
8  1.63363  0.0911705  0.024791
8  1.69646  0.11798  0.0432715
8  1.75929  0.110063  0.043103
8  1.82212  0.093264  0.0270063
8  1.88496  0.0962104  0.0286507
8  1.94779  0.0887828  0.0223387
8  2.01062  0.0866193  0.0220888
8  2.07345  0.0763207  0.0161325
8  2.13628  0.0782362  0.016349
8  2.19911  0.0587163  0.00946228
8  2.26195  0.0750587  0.0158795
8  2.32478  0.0580439  0.0111748
8  2.38761  0.0784717  0.0355457
8  2.45044  0.0956943  0.0654414
8  2.51327  0.0844025  0.0747631
8  2.57611  0.0792231  0.118196
8  2.63894  0.139802  0.0881735
8  2.70177  0.0173796  0.00912615
8  2.7646  0  0
8  2.82743  0  0
8  2.89027  0  0
8  2.9531  0  0
8  3.01593  0  0
8  3.07876  0  0
8.5  0  0  0
8.5  0.0628319  0  0
8.5  0.125664  0  0
8.5  0.188496  0  0
8.5  0.251327  0  0
8.5  0.314159  0  0
8.5  0.376991  0.133327  0.131698
8.5  0.439823  0.0775431  0.125053
8.5  0.502655  0.0700564  0.118289
8.5  0.565487  0.0790386  0.0512746
8.5  0.628319  0.0843195  0.0477368
8.5  0.69115  0.0693766  0.0228331
8.5  0.753982  0.0680961  0.0168181
8.5  0.816814  0.0645763  0.0130902
8.5  0.879646  0.0639526  0.0115102
8.5  0.942478  0.0660508  0.0114336
8.5  1.00531  0.0789709  0.0176325
8.5  1.06814  0.0920379  0.0255265
8.5  1.13097  0.0799266  0.0162833
8.5  1.19381  0.0999092  0.0284913
8.5  1.25664  0.100818  0.0300551
8.5  1.31947  0.111718  0.0409859
8.5  1.3823  0.113267  0.0408309
8.5  1.44513  0.102427  0.0318859
8.5  1.50796  0.112232  0.0420973
8.5  1.5708  0.0878701  0.0223918
8.5  1.63363  0.114068  0.0441098
8.5  1.69646  0.102845  0.032304
8.5  1.75929  0.11999  0.0503777
8.5  1.82212  0.0899447  0.0248102
8.5  1.88496  0.110103  0.0402457
8.5  1.94779  0.0856871  0.0187085
8.5  2.01062  0.0748123  0.0141377
8.5  2.07345  0.0806217  0.0182574
8.5  2.13628  0.0769494  0.0145905
8.5  2.19911  0.0667691  0.0116225
8.5  2.26195  0.06123  0.0125169
8.5  2.32478  0.0680296  0.0179519
8.5  2.38761  0.0875427  0.0301812
8.5  2.45044  0.0831556  0.0466412
8.5  2.51327  0.0819258  0.0724508
8.5  2.57611  0.0614007  0.0564518
8.5  2.63894  0.0981831  0.108724
8.5  2.70177  0.205652  0.205576
8.5  2.7646  0  0
8.5  2.82743  0  0
8.5  2.89027  0  0
8.5  2.9531  0  0
8.5  3.01593  0  0
8.5  3.07876  0  0
9  0  0  0
9  0.0628319  0  0
9  0.125664  0  0
9  0.188496  0  0
9  0.251327  0  0
9  0.314159  0  0
9  0.376991  0.0876712  0.0630712
9  0.439823  0.0506209  0.0543143
9  0.502655  0.0627161  0.0515481
9  0.565487  0.0800398  0.0630024
9  0.628319  0.0561619  0.020147
9  0.69115  0.0742116  0.025404
9  0.753982  0.0662113  0.017529
9  0.816814  0.0508468  0.00785203
9  0.879646  0.0710316  0.0136339
9  0.942478  0.0707083  0.0122362
9  1.00531  0.0880738  0.0211034
9  1.06814  0.0859422  0.0188149
9  1.13097  0.0778134  0.0152059
9  1.19381  0.102754  0.0362933
9  1.25664  0.122798  0.0572669
9  1.31947  0.09755  0.029493
9  1.3823  0.0934738  0.024641
9  1.44513  0.118544  0.0437949
9  1.50796  0.137305  0.0712622
9  1.5708  0.106951  0.0354109
9  1.63363  0.116755  0.0457191
9  1.69646  0.0868063  0.0213113
9  1.75929  0.0920967  0.0226376
9  1.82212  0.100478  0.0300138
9  1.88496  0.0788427  0.0164862
9  1.94779  0.0910272  0.0223623
9  2.01062  0.0852733  0.0217446
9  2.07345  0.0725634  0.013571
9  2.13628  0.0653798  0.0115958
9  2.19911  0.0578184  0.00922252
9  2.26195  0.0660543  0.0134859
9  2.32478  0.0608233  0.0137821
9  2.38761  0.0720644  0.0264884
9  2.45044  0.0898873  0.0435336
9  2.51327  0.084073  0.0606009
9  2.57611  0.0637422  0.0471546
9  2.63894  0.165855  0.145613
9  2.70177  0.117107  0.0789296
9  2.7646  0  0
9  2.82743  0  0
9  2.89027  0  0
9  2.9531  0  0
9  3.01593  0  0
9  3.07876  0  0
9.5  0  0  0
9.5  0.0628319  0  0
9.5  0.125664  0  0
9.5  0.188496  0  0
9.5  0.251327  0  0
9.5  0.314159  0.257417  1.80375
9.5  0.376991  0.0657489  0.0864618
9.5  0.439823  0.0395453  0.0309766
9.5  0.502655  0.0441168  0.0272146
9.5  0.565487  0.0721754  0.0503494
9.5  0.628319  0.0671197  0.0255036
9.5  0.69115  0.0766734  0.0259494
9.5  0.753982  0.0638709  0.0136064
9.5  0.816814  0.0648922  0.0138487
9.5  0.879646  0.0676882  0.0135694
9.5  0.942478  0.0755765  0.0160178
9.5  1.00531  0.0990289  0.031642
9.5  1.06814  0.0801441  0.0177349
9.5  1.13097  0.0902343  0.0256141
9.5  1.19381  0.0918632  0.0229741
9.5  1.25664  0.116168  0.0468619
9.5  1.31947  0.100813  0.032306
9.5  1.3823  0.0914926  0.0239402
9.5  1.44513  0.103989  0.0286799
9.5  1.50796  0.110036  0.0380511
9.5  1.5708  0.100039  0.0264716
9.5  1.63363  0.097771  0.0285654
9.5  1.69646  0.102835  0.0290219
9.5  1.75929  0.0868923  0.0204623
9.5  1.82212  0.112978  0.0419198
9.5  1.88496  0.0941725  0.0287326
9.5  1.94779  0.0864928  0.02142
9.5  2.01062  0.0867249  0.0212071
9.5  2.07345  0.0712908  0.0138951
9.5  2.13628  0.0680599  0.0126473
9.5  2.19911  0.0712909  0.0140737
9.5  2.26195  0.0645182  0.0135699
9.5  2.32478  0.0650777  0.0150282
9.5  2.38761  0.0677964  0.0214929
9.5  2.45044  0.0574882  0.021582
9.5  2.51327  0.0798458  0.0546708
9.5  2.57611  0.0617562  0.0450881
9.5  2.63894  0.0563941  0.101019
9.5  2.70177  0.124551  0.118642
9.5  2.7646  0  0
9.5  2.82743  0  0
9.5  2.89027  0  0
9.5  2.9531  0  0
9.5  3.01593  0  0
9.5  3.07876  0  0
10  0  0  0
10  0.0628319  0  0
10  0.125664  0  0
10  0.188496  0  0
10  0.251327  0  0
10  0.314159  0  0
10  0.376991  0.163484  0.104513
10  0.439823  0.178822  0.159279
10  0.502655  0.0806178  0.067242
10  0.565487  0.0742888  0.0509336
10  0.628319  0.0597833  0.0235039
10  0.69115  0.0607798  0.0178377
10  0.753982  0.0713953  0.0176787
10  0.816814  0.0552474  0.00832536
10  0.879646  0.0757782  0.015743
10  0.942478  0.0735389  0.0135065
10  1.00531  0.0693185  0.0140487
10  1.06814  0.0952605  0.0275497
10  1.13097  0.0878268  0.0215848
10  1.19381  0.0893433  0.0209231
10  1.25664  0.0900206  0.0256906
10  1.31947  0.101522  0.0302119
10  1.3823  0.093215  0.0285874
10  1.44513  0.106548  0.0359706
10  1.50796  0.107859  0.0375408
10  1.5708  0.107575  0.0377768
10  1.63363  0.103567  0.0329102
10  1.69646  0.109925  0.0365192
10  1.75929  0.103917  0.0386126
10  1.82212  0.0999533  0.0297426
10  1.88496  0.0919901  0.0235519
10  1.94779  0.0820271  0.0177055
10  2.01062  0.0808176  0.0175283
10  2.07345  0.0804222  0.0169704
10  2.13628  0.0666904  0.0109513
10  2.19911  0.0683534  0.0121751
10  2.26195  0.0619161  0.0126366
10  2.32478  0.051218  0.00916997
10  2.38761  0.0642208  0.0188534
10  2.45044  0.0730053  0.0302138
10  2.51327  0.0755301  0.0396094
10  2.57611  0.0911047  0.0870388
10  2.63894  0.0640827  0.0968411
10  2.70177  0.0453583  0.0729862
10  2.7646  0  0
10  2.82743  0  0
10  2.89027  0  0
10  2.9531  0  0
10  3.01593  0  0
10  3.07876  0  0
10.5  0  0  0
10.5  0.0628319  0  0
10.5  0.125664  0  0
10.5  0.188496  0  0
10.5  0.251327  0.258759  1.70225
10.5  0.314159  0.155837  0.0805757
10.5  0.376991  0.0618835  0.0755453
10.5  0.439823  0.103999  0.153379
10.5  0.502655  0.0711894  0.0602104
10.5  0.565487  0.0802385  0.0535644
10.5  0.628319  0.0783255  0.0311153
10.5  0.69115  0.0569159  0.014425
10.5  0.753982  0.0630615  0.0142615
10.5  0.816814  0.0544121  0.00975677
10.5  0.879646  0.0677552  0.0134601
10.5  0.942478  0.0629289  0.0120938
10.5  1.00531  0.0743908  0.0159855
10.5  1.06814  0.0913392  0.0223892
10.5  1.13097  0.0841014  0.0189915
10.5  1.19381  0.0787555  0.0167405
10.5  1.25664  0.0912728  0.0234922
10.5  1.31947  0.098301  0.0289883
10.5  1.3823  0.106215  0.0356449
10.5  1.44513  0.109305  0.0397618
10.5  1.50796  0.0986146  0.0332795
10.5  1.5708  0.0961173  0.0266199
10.5  1.63363  0.10421  0.0333115
10.5  1.69646  0.10208  0.0364932
10.5  1.75929  0.0941074  0.024896
10.5  1.82212  0.109733  0.0432378
10.5  1.88496  0.0983859  0.0278883
10.5  1.94779  0.0979679  0.0291674
10.5  2.01062  0.0823004  0.0201509
10.5  2.07345  0.0706333  0.0135196
10.5  2.13628  0.0652862  0.0118792
10.5  2.19911  0.0611666  0.00876731
10.5  2.26195  0.0602794  0.0124114
10.5  2.32478  0.0510659  0.00948623
10.5  2.38761  0.0856991  0.0316456
10.5  2.45044  0.0705218  0.0279374
10.5  2.51327  0.0817764  0.0524351
10.5  2.57611  0.0725176  0.0672853
10.5  2.63894  0.1549  0.12241
10.5  2.70177  0.0503768  0.0680343
10.5  2.7646  0.0586762  0.0587588
10.5  2.82743  0  0
10.5  2.89027  0  0
10.5  2.9531  0  0
10.5  3.01593  0  0
10.5  3.07876  0  0
11  0  0  0
11  0.0628319  0  0
11  0.125664  0  0
11  0.188496  0  0
11  0.251327  0  0
11  0.314159  0.099903  0.0585659
11  0.376991  0.087568  0.119574
11  0.439823  0.0552045  0.0920879
11  0.502655  0.0927984  0.0701899
11  0.565487  0.049782  0.0217085
11  0.628319  0.0755074  0.0355735
11  0.69115  0.0524727  0.0144946
11  0.753982  0.0597289  0.0115079
11  0.816814  0.0664717  0.0139461
11  0.879646  0.0516928  0.00786392
11  0.942478  0.0694068  0.0140654
11  1.00531  0.0731659  0.0155669
11  1.06814  0.0894985  0.0199153
11  1.13097  0.0933519  0.0242134
11  1.19381  0.0988641  0.0273252
11  1.25664  0.11724  0.048249
11  1.31947  0.114176  0.0444492
11  1.3823  0.11171  0.0369997
11  1.44513  0.107222  0.0342279
11  1.50796  0.113543  0.0385211
11  1.5708  0.0958846  0.0302791
11  1.63363  0.104402  0.0312014
11  1.69646  0.114478  0.0436557
11  1.75929  0.0998072  0.0294306
11  1.82212  0.0978049  0.0321783
11  1.88496  0.0886521  0.0226866
11  1.94779  0.0776206  0.0169181
11  2.01062  0.086471  0.0218779
11  2.07345  0.0782755  0.0179713
11  2.13628  0.0633148  0.0113658
11  2.19911  0.0605683  0.0100094
11  2.26195  0.0605589  0.0107539
11  2.32478  0.0627319  0.0133166
11  2.38761  0.0767621  0.024286
11  2.45044  0.0716392  0.0283412
11  2.51327  0.0566659  0.0279436
11  2.57611  0.0612102  0.0414712
11  2.63894  0.0850988  0.128526
11  2.70177  0.107292  0.0720146
11  2.7646  0.0965052  0.0607317
11  2.82743  0  0
11  2.89027  0  0
11  2.9531  0  0
11  3.01593  0  0
11  3.07876  0  0
11.5  0  0  0
11.5  0.0628319  0  0
11.5  0.125664  0  0
11.5  0.188496  0  0
11.5  0.251327  0  0
11.5  0.314159  0.112829  0.0608137
11.5  0.376991  0.153008  0.101784
11.5  0.439823  0.0871649  0.121348
11.5  0.502655  0.113112  0.157758
11.5  0.565487  0.091255  0.0587213
11.5  0.628319  0.0680773  0.0280717
11.5  0.69115  0.0633778  0.0172325
11.5  0.753982  0.0607527  0.0136823
11.5  0.816814  0.0560247  0.00879573
11.5  0.879646  0.0641326  0.0116728
11.5  0.942478  0.0671033  0.011475
11.5  1.00531  0.0759667  0.0161682
11.5  1.06814  0.0971771  0.0290391
11.5  1.13097  0.0858328  0.0198167
11.5  1.19381  0.0871228  0.0206288
11.5  1.25664  0.0863242  0.0191378
11.5  1.31947  0.106502  0.0386225
11.5  1.3823  0.10638  0.0339243
11.5  1.44513  0.102729  0.0308205
11.5  1.50796  0.106847  0.0324329
11.5  1.5708  0.13529  0.0579361
11.5  1.63363  0.115064  0.0395793
11.5  1.69646  0.093392  0.0270831
11.5  1.75929  0.136895  0.0718959
11.5  1.82212  0.0990322  0.0331878
11.5  1.88496  0.0976109  0.0298309
11.5  1.94779  0.0832259  0.0196891
11.5  2.01062  0.0772664  0.0173218
11.5  2.07345  0.079692  0.0165246
11.5  2.13628  0.0603441  0.00963506
11.5  2.19911  0.0580644  0.0098729
11.5  2.26195  0.0604198  0.00974313
11.5  2.32478  0.0636413  0.0134388
11.5  2.38761  0.0665679  0.0222419
11.5  2.45044  0.0656203  0.0228989
11.5  2.51327  0.0600076  0.0349228
11.5  2.57611  0.0760089  0.0517668
11.5  2.63894  0.114781  0.165176
11.5  2.70177  0.0911398  0.0916802
11.5  2.7646  0.098421  0.0898078
11.5  2.82743  0  0
11.5  2.89027  0  0
11.5  2.9531  0  0
11.5  3.01593  0  0
11.5  3.07876  0  0
12  0  0  0
12  0.0628319  0  0
12  0.125664  0  0
12  0.188496  0  0
12  0.251327  0.258759  1.70226
12  0.314159  0.0942963  0.0941865
12  0.376991  0.0660749  0.104613
12  0.439823  0.106505  0.122513
12  0.502655  0.0874153  0.0725626
12  0.565487  0.0708492  0.0459598
12  0.628319  0.0757011  0.0306648
12  0.69115  0.078553  0.0286647
12  0.753982  0.0605934  0.0120244
12  0.816814  0.0571669  0.00954435
12  0.879646  0.0630722  0.00984009
12  0.942478  0.0656989  0.0121926
12  1.00531  0.0693246  0.0118747
12  1.06814  0.0912973  0.02393
12  1.13097  0.0813658  0.0188636
12  1.19381  0.0913222  0.0257435
12  1.25664  0.100996  0.029934
12  1.31947  0.100764  0.0270492
12  1.3823  0.131979  0.0649907
12  1.44513  0.102407  0.0325347
12  1.50796  0.106738  0.0339301
12  1.5708  0.135358  0.0734113
12  1.63363  0.113979  0.0446844
12  1.69646  0.102181  0.0337188
12  1.75929  0.0935485  0.0236474
12  1.82212  0.107559  0.0403777
12  1.88496  0.122529  0.0613027
12  1.94779  0.0962154  0.0297798
12  2.01062  0.0874607  0.0242065
12  2.07345  0.0667708  0.011419
12  2.13628  0.0701269  0.014341
12  2.19911  0.0651495  0.0119556
12  2.26195  0.0537285  0.00798701
12  2.32478  0.0593596  0.0129229
12  2.38761  0.0588561  0.01594
12  2.45044  0.0760798  0.0430466
12  2.51327  0.0913005  0.0651942
12  2.57611  0.102613  0.153653
12  2.63894  0.108149  0.158661
12  2.70177  0.131247  0.155883
12  2.7646  0.102505  0.0793956
12  2.82743  0.258759  1.70226
12  2.89027  0  0
12  2.9531  0  0
12  3.01593  0  0
12  3.07876  0  0
12.5  0  0  0
12.5  0.0628319  0  0
12.5  0.125664  0  0
12.5  0.188496  0  0
12.5  0.251327  0  0
12.5  0.314159  0.03394  0.0666957
12.5  0.376991  0.0581413  0.0940452
12.5  0.439823  0.0577324  0.0563777
12.5  0.502655  0.0768413  0.0498299
12.5  0.565487  0.078266  0.0512519
12.5  0.628319  0.0661438  0.0347685
12.5  0.69115  0.0594169  0.0152308
12.5  0.753982  0.0666619  0.0155745
12.5  0.816814  0.0571158  0.00997094
12.5  0.879646  0.0604125  0.0110603
12.5  0.942478  0.0664898  0.0103253
12.5  1.00531  0.0755002  0.0159385
12.5  1.06814  0.085776  0.0201919
12.5  1.13097  0.0858009  0.0218762
12.5  1.19381  0.0929865  0.0226265
12.5  1.25664  0.0994999  0.028783
12.5  1.31947  0.0897087  0.0228059
12.5  1.3823  0.108088  0.0349546
12.5  1.44513  0.105912  0.0312151
12.5  1.50796  0.117004  0.04257
12.5  1.5708  0.103784  0.0320725
12.5  1.63363  0.107376  0.0347677
12.5  1.69646  0.0909799  0.0242592
12.5  1.75929  0.103937  0.0344851
12.5  1.82212  0.101569  0.0307319
12.5  1.88496  0.108242  0.0366618
12.5  1.94779  0.0956719  0.0268436
12.5  2.01062  0.0705859  0.0139567
12.5  2.07345  0.0807936  0.0206904
12.5  2.13628  0.0692497  0.0120183
12.5  2.19911  0.0622569  0.0108526
12.5  2.26195  0.0568502  0.00922907
12.5  2.32478  0.0514258  0.00991759
12.5  2.38761  0.0673539  0.0249402
12.5  2.45044  0.0573854  0.0205382
12.5  2.51327  0.0713806  0.0411044
12.5  2.57611  0.0936729  0.0753051
12.5  2.63894  0.116971  0.165762
12.5  2.70177  0.0434252  0.047588
12.5  2.7646  0.178083  0.131461
12.5  2.82743  0  0
12.5  2.89027  0  0
12.5  2.9531  0  0
12.5  3.01593  0  0
12.5  3.07876  0  0
13  0  0  0
13  0.0628319  0  0
13  0.125664  0  0
13  0.188496  0  0
13  0.251327  0  0
13  0.314159  0.236735  0.118632
13  0.376991  0.144416  0.184512
13  0.439823  0.0525217  0.0467677
13  0.502655  0.0919396  0.0685605
13  0.565487  0.100713  0.069566
13  0.628319  0.0719423  0.0331347
13  0.69115  0.0686368  0.0246607
13  0.753982  0.0660228  0.0144524
13  0.816814  0.0569991  0.0103528
13  0.879646  0.0604869  0.01024
13  0.942478  0.0716463  0.0129142
13  1.00531  0.069912  0.0127276
13  1.06814  0.0826002  0.0189912
13  1.13097  0.0882147  0.0213665
13  1.19381  0.0913421  0.0227741
13  1.25664  0.0998382  0.0311677
13  1.31947  0.0923771  0.022554
13  1.3823  0.0955931  0.0260683
13  1.44513  0.0926005  0.0236957
13  1.50796  0.115484  0.0433192
13  1.5708  0.0951179  0.0231147
13  1.63363  0.120846  0.0421779
13  1.69646  0.103284  0.0335819
13  1.75929  0.108548  0.034808
13  1.82212  0.136096  0.0651707
13  1.88496  0.0843686  0.0200569
13  1.94779  0.0887833  0.0225685
13  2.01062  0.0787778  0.0166085
13  2.07345  0.076112  0.0167609
13  2.13628  0.0696057  0.0137988
13  2.19911  0.058077  0.00880904
13  2.26195  0.0562587  0.00974494
13  2.32478  0.0554754  0.010689
13  2.38761  0.0590741  0.0165335
13  2.45044  0.0718705  0.0334265
13  2.51327  0.0559851  0.0296866
13  2.57611  0.0632457  0.0444615
13  2.63894  0.117139  0.175481
13  2.70177  0.0747768  0.0791488
13  2.7646  0.0431518  0.0535274
13  2.82743  0  0
13  2.89027  0  0
13  2.9531  0  0
13  3.01593  0  0
13  3.07876  0  0
13.5  0  0  0
13.5  0.0628319  0  0
13.5  0.125664  0  0
13.5  0.188496  0  0
13.5  0.251327  0  0
13.5  0.314159  0.141854  0.132602
13.5  0.376991  0.0780071  0.104004
13.5  0.439823  0.0603795  0.0455326
13.5  0.502655  0.0564313  0.0320036
13.5  0.565487  0.111449  0.0988562
13.5  0.628319  0.0578251  0.021762
13.5  0.69115  0.0772779  0.0285511
13.5  0.753982  0.0524456  0.00903287
13.5  0.816814  0.0607965  0.0117183
13.5  0.879646  0.066085  0.0118057
13.5  0.942478  0.0691048  0.0121976
13.5  1.00531  0.0916031  0.0233231
13.5  1.06814  0.0765737  0.0148871
13.5  1.13097  0.0832341  0.0188719
13.5  1.19381  0.0903974  0.0244209
13.5  1.25664  0.0907622  0.0225342
13.5  1.31947  0.101789  0.0289558
13.5  1.3823  0.1033  0.0313919
13.5  1.44513  0.0870936  0.0210391
13.5  1.50796  0.100949  0.029746
13.5  1.5708  0.111774  0.0376746
13.5  1.63363  0.101271  0.0327619
13.5  1.69646  0.133867  0.0643853
13.5  1.75929  0.101022  0.0287758
13.5  1.82212  0.0756054  0.0150241
13.5  1.88496  0.0857561  0.0190006
13.5  1.94779  0.090148  0.0236631
13.5  2.01062  0.0855441  0.0221285
13.5  2.07345  0.0864304  0.0240727
13.5  2.13628  0.067805  0.0113863
13.5  2.19911  0.0622856  0.0110499
13.5  2.26195  0.0641518  0.0121821
13.5  2.32478  0.0547423  0.0108296
13.5  2.38761  0.0652263  0.0204402
13.5  2.45044  0.0554336  0.0189353
13.5  2.51327  0.08806  0.0606277
13.5  2.57611  0.0594856  0.0351785
13.5  2.63894  0.0835875  0.118059
13.5  2.70177  0.123417  0.112111
13.5  2.7646  0.22884  0.119574
13.5  2.82743  0  0
13.5  2.89027  0  0
13.5  2.9531  0  0
13.5  3.01593  0  0
13.5  3.07876  0  0
14  0  0  0
14  0.0628319  0  0
14  0.125664  0  0
14  0.188496  0  0
14  0.251327  0.242862  2.33709
14  0.314159  0.235145  0.235149
14  0.376991  0.116489  0.159461
14  0.439823  0.126462  0.147513
14  0.502655  0.0642647  0.0407084
14  0.565487  0.0736592  0.0392894
14  0.628319  0.0683819  0.0303755
14  0.69115  0.0636246  0.020819
14  0.753982  0.0481849  0.00756098
14  0.816814  0.0512473  0.00818479
14  0.879646  0.0613372  0.0112335
14  0.942478  0.0772641  0.0158824
14  1.00531  0.0713178  0.0140225
14  1.06814  0.0939358  0.0295326
14  1.13097  0.0845518  0.0206158
14  1.19381  0.0951458  0.0282367
14  1.25664  0.0982337  0.0263816
14  1.31947  0.0929662  0.0241336
14  1.3823  0.10909  0.0363401
14  1.44513  0.142788  0.0768206
14  1.50796  0.116548  0.0464382
14  1.5708  0.101231  0.0311173
14  1.63363  0.106588  0.0347605
14  1.69646  0.108757  0.0366465
14  1.75929  0.16694  0.124964
14  1.82212  0.0984273  0.0296949
14  1.88496  0.0805665  0.0174331
14  1.94779  0.081698  0.0173835
14  2.01062  0.0810393  0.016982
14  2.07345  0.0818578  0.0207731
14  2.13628  0.0787046  0.0181192
14  2.19911  0.066853  0.0127613
14  2.26195  0.0657889  0.0135417
14  2.32478  0.0559661  0.0105397
14  2.38761  0.0618999  0.0171473
14  2.45044  0.0705681  0.0292167
14  2.51327  0.0884565  0.0571826
14  2.57611  0.0687269  0.0487866
14  2.63894  0.124257  0.176005
14  2.70177  0.0725494  0.108602
14  2.7646  0.0367034  0.0645397
14  2.82743  0  0
14  2.89027  0  0
14  2.9531  0  0
14  3.01593  0  0
14  3.07876  0  0
14.5  0  0  0
14.5  0.0628319  0  0
14.5  0.125664  0  0
14.5  0.188496  0  0
14.5  0.251327  0.287106  0.274348
14.5  0.314159  0.0311815  0.0235063
14.5  0.376991  0.03556  0.0246957
14.5  0.439823  0.0656124  0.11502
14.5  0.502655  0.0701841  0.0640533
14.5  0.565487  0.0735932  0.0407969
14.5  0.628319  0.0512143  0.0177358
14.5  0.69115  0.0527659  0.0134203
14.5  0.753982  0.0683967  0.016853
14.5  0.816814  0.0491695  0.00714744
14.5  0.879646  0.0654475  0.0114754
14.5  0.942478  0.0733109  0.0149038
14.5  1.00531  0.075829  0.0182179
14.5  1.06814  0.0935398  0.0252554
14.5  1.13097  0.0856941  0.0224983
14.5  1.19381  0.0818862  0.0190425
14.5  1.25664  0.0804364  0.0179515
14.5  1.31947  0.0983351  0.0285041
14.5  1.3823  0.0937282  0.0295664
14.5  1.44513  0.125141  0.0563137
14.5  1.50796  0.10159  0.0282903
14.5  1.5708  0.112351  0.0387646
14.5  1.63363  0.0971846  0.0267775
14.5  1.69646  0.11709  0.0423678
14.5  1.75929  0.114296  0.0443005
14.5  1.82212  0.0976641  0.0285095
14.5  1.88496  0.0966546  0.0295503
14.5  1.94779  0.0861928  0.022283
14.5  2.01062  0.0966543  0.0314097
14.5  2.07345  0.0817389  0.0184855
14.5  2.13628  0.067563  0.0132234
14.5  2.19911  0.0619041  0.0100035
14.5  2.26195  0.059969  0.0104352
14.5  2.32478  0.0618808  0.0160004
14.5  2.38761  0.0569091  0.0166897
14.5  2.45044  0.0592507  0.0218369
14.5  2.51327  0.0797056  0.0498888
14.5  2.57611  0.0742346  0.0537797
14.5  2.63894  0.0620278  0.0526969
14.5  2.70177  0.0969599  0.091823
14.5  2.7646  0.0532401  0.086251
14.5  2.82743  0  0
14.5  2.89027  0  0
14.5  2.9531  0  0
14.5  3.01593  0  0
14.5  3.07876  0  0
15  0  0  0
15  0.0628319  0  0
15  0.125664  0  0
15  0.188496  0  0
15  0.251327  0.258759  1.70226
15  0.314159  0.142955  0.142048
15  0.376991  0.0946791  0.142031
15  0.439823  0.0745774  0.0723124
15  0.502655  0.0614987  0.0403361
15  0.565487  0.0749495  0.0464004
15  0.628319  0.0717353  0.0332404
15  0.69115  0.0751638  0.0280033
15  0.753982  0.0537626  0.00958408
15  0.816814  0.0605726  0.0104851
15  0.879646  0.0747564  0.0169909
15  0.942478  0.0679906  0.0109751
15  1.00531  0.0734095  0.0143354
15  1.06814  0.0833724  0.0208695
15  1.13097  0.0774526  0.0169346
15  1.19381  0.0821195  0.0189785
15  1.25664  0.106256  0.0357709
15  1.31947  0.106921  0.0336976
15  1.3823  0.103752  0.034028
15  1.44513  0.104241  0.0309987
15  1.50796  0.127763  0.0574411
15  1.5708  0.0937615  0.026014
15  1.63363  0.0940293  0.0252882
15  1.69646  0.123113  0.052535
15  1.75929  0.0929536  0.0240044
15  1.82212  0.101348  0.0311844
15  1.88496  0.100254  0.0299591
15  1.94779  0.0835963  0.0192278
15  2.01062  0.0807008  0.0188286
15  2.07345  0.0788711  0.0168255
15  2.13628  0.0582807  0.00872387
15  2.19911  0.0599549  0.00993832
15  2.26195  0.0623245  0.0118582
15  2.32478  0.0579208  0.0126416
15  2.38761  0.0544852  0.0120702
15  2.45044  0.0755933  0.0309688
15  2.51327  0.0731075  0.0413209
15  2.57611  0.054147  0.0356495
15  2.63894  0.105059  0.156795
15  2.70177  0.101064  0.0947299
15  2.7646  0.154395  0.0971052
15  2.82743  0.00488844  0.0358707
15  2.89027  0  0
15  2.9531  0  0
15  3.01593  0  0
15  3.07876  0  0
15.5  0  0  0
15.5  0.0628319  0  0
15.5  0.125664  0  0
15.5  0.188496  0  0
15.5  0.251327  0.168134  0.180957
15.5  0.314159  0.0724663  0.105334
15.5  0.376991  0.185409  0.0952641
15.5  0.439823  0.123994  0.167049
15.5  0.502655  0.0767589  0.0633924
15.5  0.565487  0.0635232  0.0294094
15.5  0.628319  0.0633831  0.0222079
15.5  0.69115  0.0709691  0.0294324
15.5  0.753982  0.0608291  0.0125284
15.5  0.816814  0.0614108  0.0112153
15.5  0.879646  0.0644722  0.011258
15.5  0.942478  0.0674089  0.0104849
15.5  1.00531  0.075703  0.0150796
15.5  1.06814  0.0825277  0.0184289
15.5  1.13097  0.0816947  0.018796
15.5  1.19381  0.0955771  0.0277739
15.5  1.25664  0.104803  0.0380034
15.5  1.31947  0.105684  0.0335841
15.5  1.3823  0.0952412  0.0274117
15.5  1.44513  0.115533  0.0394214
15.5  1.50796  0.108767  0.0347446
15.5  1.5708  0.105404  0.030685
15.5  1.63363  0.115311  0.0398139
15.5  1.69646  0.102873  0.0300992
15.5  1.75929  0.0883507  0.0228434
15.5  1.82212  0.090342  0.0258107
15.5  1.88496  0.0833196  0.0194735
15.5  1.94779  0.091831  0.0250238
15.5  2.01062  0.0735209  0.0164233
15.5  2.07345  0.079059  0.0183203
15.5  2.13628  0.0636256  0.0107704
15.5  2.19911  0.0621215  0.0110484
15.5  2.26195  0.0542439  0.00849697
15.5  2.32478  0.0652584  0.0152386
15.5  2.38761  0.0562831  0.0155821
15.5  2.45044  0.0654524  0.0271878
15.5  2.51327  0.0530002  0.0259114
15.5  2.57611  0.0972632  0.154791
15.5  2.63894  0.0893314  0.0985921
15.5  2.70177  0.0803481  0.120605
15.5  2.7646  0.206152  0.11952
15.5  2.82743  0.0445393  0.17875
15.5  2.89027  0  0
15.5  2.9531  0  0
15.5  3.01593  0  0
15.5  3.07876  0  0
16  0  0  0
16  0.0628319  0  0
16  0.125664  0  0
16  0.188496  0  0
16  0.251327  0  0
16  0.314159  0.0396017  0.0764553
16  0.376991  0.100698  0.112826
16  0.439823  0.107846  0.161016
16  0.502655  0.0739568  0.0590378
16  0.565487  0.0682203  0.0360555
16  0.628319  0.0817861  0.0450754
16  0.69115  0.0616586  0.0195479
16  0.753982  0.0604478  0.0145949
16  0.816814  0.0564545  0.00993936
16  0.879646  0.0646536  0.0112026
16  0.942478  0.0736516  0.0144699
16  1.00531  0.0760364  0.017398
16  1.06814  0.0903913  0.0241817
16  1.13097  0.0920957  0.0244983
16  1.19381  0.0880929  0.0220788
16  1.25664  0.0895333  0.0212775
16  1.31947  0.102312  0.0339838
16  1.3823  0.106219  0.03277
16  1.44513  0.101493  0.0284785
16  1.50796  0.116917  0.0424148
16  1.5708  0.0987949  0.0263597
16  1.63363  0.0839556  0.0195658
16  1.69646  0.0945132  0.028977
16  1.75929  0.102387  0.0315459
16  1.82212  0.101275  0.0307082
16  1.88496  0.0882781  0.0217409
16  1.94779  0.0955243  0.0264032
16  2.01062  0.0788058  0.0152722
16  2.07345  0.0851791  0.0229777
16  2.13628  0.0645849  0.0100478
16  2.19911  0.0601789  0.010489
16  2.26195  0.0584993  0.00948821
16  2.32478  0.0614334  0.0127713
16  2.38761  0.049649  0.0109925
16  2.45044  0.0730691  0.0347494
16  2.51327  0.0549472  0.0212261
16  2.57611  0.0932482  0.0689287
16  2.63894  0.0962832  0.14309
16  2.70177  0.137222  0.148607
16  2.7646  0.0382247  0.0320995
16  2.82743  0.232777  0.118148
16  2.89027  0  0
16  2.9531  0  0
16  3.01593  0  0
16  3.07876  0  0
16.5  0  0  0
16.5  0.0628319  0  0
16.5  0.125664  0  0
16.5  0.188496  0  0
16.5  0.251327  0.0068089  0.0499627
16.5  0.314159  0.102071  0.116102
16.5  0.376991  0.168412  0.183051
16.5  0.439823  0.050664  0.0354282
16.5  0.502655  0.092722  0.0757909
16.5  0.565487  0.062394  0.0408251
16.5  0.628319  0.0744111  0.0320792
16.5  0.69115  0.0539141  0.0138063
16.5  0.753982  0.0542178  0.00990464
16.5  0.816814  0.0544415  0.00865818
16.5  0.879646  0.064241  0.0113851
16.5  0.942478  0.0698909  0.0124407
16.5  1.00531  0.0737026  0.0148646
16.5  1.06814  0.086658  0.0232567
16.5  1.13097  0.0895974  0.0243623
16.5  1.19381  0.100654  0.032719
16.5  1.25664  0.0934937  0.0235834
16.5  1.31947  0.100529  0.0283593
16.5  1.3823  0.0924861  0.0239443
16.5  1.44513  0.115369  0.0424858
16.5  1.50796  0.111985  0.0414781
16.5  1.5708  0.100808  0.0298517
16.5  1.63363  0.0989552  0.0288213
16.5  1.69646  0.0906385  0.0238025
16.5  1.75929  0.101315  0.0298704
16.5  1.82212  0.100084  0.032051
16.5  1.88496  0.103692  0.0320163
16.5  1.94779  0.0945292  0.027362
16.5  2.01062  0.0831585  0.0172091
16.5  2.07345  0.0884515  0.0234082
16.5  2.13628  0.0644824  0.0117185
16.5  2.19911  0.0509253  0.00650661
16.5  2.26195  0.0513411  0.0075226
16.5  2.32478  0.0557335  0.0106972
16.5  2.38761  0.0599684  0.017878
16.5  2.45044  0.0559583  0.0178213
16.5  2.51327  0.0848069  0.0609752
16.5  2.57611  0.0708734  0.0704324
16.5  2.63894  0.0603396  0.0515741
16.5  2.70177  0.0868595  0.0861287
16.5  2.7646  0.114577  0.139512
16.5  2.82743  0.0228709  0.167823
16.5  2.89027  0  0
16.5  2.9531  0  0
16.5  3.01593  0  0
16.5  3.07876  0  0
17  0  0  0
17  0.0628319  0  0
17  0.125664  0  0
17  0.188496  0  0
17  0.251327  0.104552  0.160885
17  0.314159  0.20737  0.187096
17  0.376991  0.106333  0.11301
17  0.439823  0.106222  0.0992923
17  0.502655  0.0948933  0.142657
17  0.565487  0.0676082  0.0449236
17  0.628319  0.0661558  0.0325077
17  0.69115  0.0653266  0.01782
17  0.753982  0.0575872  0.0131383
17  0.816814  0.0537093  0.00930596
17  0.879646  0.0704328  0.0145453
17  0.942478  0.0706705  0.0154758
17  1.00531  0.0846296  0.0208592
17  1.06814  0.077164  0.0158023
17  1.13097  0.0841458  0.0174728
17  1.19381  0.0816074  0.0182118
17  1.25664  0.0956865  0.0234297
17  1.31947  0.108473  0.036326
17  1.3823  0.101542  0.0310545
17  1.44513  0.0948551  0.024071
17  1.50796  0.11815  0.0428381
17  1.5708  0.100965  0.0282367
17  1.63363  0.10906  0.0384601
17  1.69646  0.100164  0.0292304
17  1.75929  0.117355  0.0448301
17  1.82212  0.0915501  0.0223115
17  1.88496  0.106056  0.0344134
17  1.94779  0.0907653  0.0240925
17  2.01062  0.0748465  0.0169338
17  2.07345  0.0697554  0.013391
17  2.13628  0.0627688  0.0103312
17  2.19911  0.0604975  0.0108181
17  2.26195  0.0527533  0.0088419
17  2.32478  0.0578045  0.0121788
17  2.38761  0.0686851  0.021957
17  2.45044  0.0573601  0.0265822
17  2.51327  0.0700702  0.0418346
17  2.57611  0.0949381  0.138354
17  2.63894  0.121549  0.159545
17  2.70177  0.0867854  0.112935
17  2.7646  0.0575834  0.0687198
17  2.82743  0.0116973  0.0858334
17  2.89027  0  0
17  2.9531  0  0
17  3.01593  0  0
17  3.07876  0  0
17.5  0  0  0
17.5  0.0628319  0  0
17.5  0.125664  0  0
17.5  0.188496  0  0
17.5  0.251327  0.0396381  0.0206627
17.5  0.314159  0.201486  0.167461
17.5  0.376991  0.0894159  0.0712962
17.5  0.439823  0.221645  0.122093
17.5  0.502655  0.0944684  0.0774377
17.5  0.565487  0.0890465  0.0628207
17.5  0.628319  0.0813029  0.0460021
17.5  0.69115  0.0550556  0.0138999
17.5  0.753982  0.0546045  0.011287
17.5  0.816814  0.058811  0.0102014
17.5  0.879646  0.059794  0.00881538
17.5  0.942478  0.0621585  0.0106637
17.5  1.00531  0.0737592  0.0147676
17.5  1.06814  0.0791411  0.0173408
17.5  1.13097  0.081793  0.0204842
17.5  1.19381  0.0893035  0.0225576
17.5  1.25664  0.0843899  0.0203336
17.5  1.31947  0.087342  0.0203874
17.5  1.3823  0.0915807  0.0253852
17.5  1.44513  0.09163  0.0221021
17.5  1.50796  0.111703  0.0424666
17.5  1.5708  0.0940654  0.0221441
17.5  1.63363  0.107632  0.0336574
17.5  1.69646  0.097633  0.0276197
17.5  1.75929  0.0894388  0.0222836
17.5  1.82212  0.0985325  0.0302256
17.5  1.88496  0.108608  0.0345726
17.5  1.94779  0.0213922  0.200694
17.5  2.01062  0.0821541  0.0191604
17.5  2.07345  0.0767536  0.0166359
17.5  2.13628  0.0626755  0.0103511
17.5  2.19911  0.0640883  0.0106476
17.5  2.26195  0.0561858  0.00971687
17.5  2.32478  0.0667693  0.0161812
17.5  2.38761  0.0670737  0.0213638
17.5  2.45044  0.0946961  0.0602742
17.5  2.51327  0.0722905  0.045074
17.5  2.57611  0.0724006  0.0468149
17.5  2.63894  0.0537248  0.047338
17.5  2.70177  0.135949  0.135948
17.5  2.7646  0.217066  0.217065
17.5  2.82743  0.0328514  0.0192841
17.5  2.89027  0  0
17.5  2.9531  0  0
17.5  3.01593  0  0
17.5  3.07876  0  0
18  0  0  0
18  0.0628319  0  0
18  0.125664  0  0
18  0.188496  0  0
18  0.251327  0.0632771  0.0631424
18  0.314159  0.171781  0.0874613
18  0.376991  0.105867  0.165935
18  0.439823  0.056904  0.0495203
18  0.502655  0.0777581  0.0636047
18  0.565487  0.0504483  0.0264046
18  0.628319  0.0593727  0.0245904
18  0.69115  0.0702342  0.0251875
18  0.753982  0.06117  0.0135942
18  0.816814  0.0535836  0.00847397
18  0.879646  0.0592749  0.00903812
18  0.942478  0.0669618  0.0117794
18  1.00531  0.0800162  0.0181507
18  1.06814  0.0748329  0.0159944
18  1.13097  0.0870892  0.0229427
18  1.19381  0.0965624  0.0277611
18  1.25664  0.102341  0.0336172
18  1.31947  0.118053  0.0510086
18  1.3823  0.0932834  0.0259557
18  1.44513  0.0947845  0.0283305
18  1.50796  0.104169  0.033953
18  1.5708  0.0963327  0.0284056
18  1.63363  0.111067  0.0357936
18  1.69646  0.10736  0.034893
18  1.75929  0.0935038  0.0250459
18  1.82212  0.0962283  0.0314826
18  1.88496  0.0932975  0.0253279
18  1.94779  0.0877164  0.0226077
18  2.01062  0.0789203  0.0159829
18  2.07345  0.0667482  0.0115346
18  2.13628  0.0715151  0.0128678
18  2.19911  0.0584438  0.010142
18  2.26195  0.0541191  0.00905698
18  2.32478  0.0630871  0.0156971
18  2.38761  0.0673194  0.0220019
18  2.45044  0.0603334  0.0226284
18  2.51327  0.0609885  0.0296916
18  2.57611  0.0728871  0.0456562
18  2.63894  0.134678  0.0930799
18  2.70177  0.127682  0.122162
18  2.7646  0.058454  0.0679712
18  2.82743  0.0573629  0.0298576
18  2.89027  0  0
18  2.9531  0  0
18  3.01593  0  0
18  3.07876  0  0
18.5  0  0  0
18.5  0.0628319  0  0
18.5  0.125664  0  0
18.5  0.188496  0  0
18.5  0.251327  0.265591  0.203583
18.5  0.314159  0.034171  0.0685556
18.5  0.376991  0.058515  0.10113
18.5  0.439823  0.133482  0.17862
18.5  0.502655  0.0621079  0.0397266
18.5  0.565487  0.0715556  0.0389303
18.5  0.628319  0.0770633  0.0384103
18.5  0.69115  0.0628182  0.0191277
18.5  0.753982  0.0584993  0.0115409
18.5  0.816814  0.0571301  0.00972997
18.5  0.879646  0.0606651  0.0104249
18.5  0.942478  0.0727305  0.0146681
18.5  1.00531  0.0850169  0.0207605
18.5  1.06814  0.08154  0.0172423
18.5  1.13097  0.102235  0.0308121
18.5  1.19381  0.0887482  0.0221842
18.5  1.25664  0.108088  0.0374956
18.5  1.31947  0.101698  0.0311433
18.5  1.3823  0.104128  0.0302426
18.5  1.44513  0.11971  0.0428812
18.5  1.50796  0.10107  0.0277405
18.5  1.5708  0.120864  0.0478896
18.5  1.63363  0.0968807  0.0270603
18.5  1.69646  0.0966532  0.0275108
18.5  1.75929  0.132041  0.0639267
18.5  1.82212  0.0925787  0.0246416
18.5  1.88496  0.0999827  0.028587
18.5  1.94779  0.0892315  0.0269038
18.5  2.01062  0.091106  0.0245584
18.5  2.07345  0.0740148  0.0163981
18.5  2.13628  0.0646126  0.0114976
18.5  2.19911  0.0601414  0.00976345
18.5  2.26195  0.0610983  0.01112
18.5  2.32478  0.0507618  0.00852443
18.5  2.38761  0.0571123  0.0164998
18.5  2.45044  0.0569026  0.0186127
18.5  2.51327  0.0718578  0.0426814
18.5  2.57611  0.042481  0.0199958
18.5  2.63894  0.0875932  0.133648
18.5  2.70177  0.0861468  0.106668
18.5  2.7646  0.201155  0.199741
18.5  2.82743  0.0710697  0.0578825
18.5  2.89027  0  0
18.5  2.9531  0  0
18.5  3.01593  0  0
18.5  3.07876  0  0
19  0  0  0
19  0.0628319  0  0
19  0.125664  0  0
19  0.188496  0  0
19  0.251327  0.247912  1.97438
19  0.314159  0.14053  0.136863
19  0.376991  0.10124  0.130131
19  0.439823  0.0501736  0.0326251
19  0.502655  0.0575861  0.0339663
19  0.565487  0.0841105  0.0665624
19  0.628319  0.0505866  0.01454
19  0.69115  0.0582943  0.0186742
19  0.753982  0.0557597  0.0107482
19  0.816814  0.0563067  0.00938513
19  0.879646  0.0581123  0.00952433
19  0.942478  0.07009  0.0152195
19  1.00531  0.0660033  0.011285
19  1.06814  0.0811629  0.020592
19  1.13097  0.0745563  0.0162392
19  1.19381  0.100501  0.0326667
19  1.25664  0.103433  0.0309263
19  1.31947  0.098805  0.0266257
19  1.3823  0.101334  0.0317225
19  1.44513  0.111948  0.0367178
19  1.50796  0.109131  0.0354099
19  1.5708  0.112954  0.0455369
19  1.63363  0.100781  0.0293949
19  1.69646  0.10098  0.0320474
19  1.75929  0.110674  0.0386179
19  1.82212  0.0947459  0.0241569
19  1.88496  0.114268  0.043834
19  1.94779  0.0744633  0.0147308
19  2.01062  0.0793618  0.0157529
19  2.07345  0.0757851  0.015857
19  2.13628  0.0670741  0.0132459
19  2.19911  0.0540563  0.00805913
19  2.26195  0.0553589  0.00965667
19  2.32478  0.0569532  0.0122484
19  2.38761  0.0562929  0.0132994
19  2.45044  0.0672189  0.0296019
19  2.51327  0.0762979  0.0533578
19  2.57611  0.0822665  0.0599805
19  2.63894  0.0953378  0.139626
19  2.70177  0.128221  0.102038
19  2.7646  0.11747  0.0864978
19  2.82743  0.308159  0.287935
19  2.89027  0  0
19  2.9531  0  0
19  3.01593  0  0
19  3.07876  0  0
19.5  0  0  0
19.5  0.0628319  0  0
19.5  0.125664  0  0
19.5  0.188496  0  0
19.5  0.251327  0.280305  0.280248
19.5  0.314159  0.193164  0.13585
19.5  0.376991  0.110283  0.14329
19.5  0.439823  0.0985587  0.140666
19.5  0.502655  0.0919982  0.0787709
19.5  0.565487  0.0708702  0.0485654
19.5  0.628319  0.0609038  0.0245689
19.5  0.69115  0.0648294  0.020413
19.5  0.753982  0.0717159  0.0187579
19.5  0.816814  0.0533707  0.00861261
19.5  0.879646  0.0649066  0.0105697
19.5  0.942478  0.0628284  0.011285
19.5  1.00531  0.0750432  0.0147183
19.5  1.06814  0.0891754  0.0240764
19.5  1.13097  0.0866906  0.02063
19.5  1.19381  0.0884236  0.0199899
19.5  1.25664  0.0977705  0.0302027
19.5  1.31947  0.0875057  0.0223543
19.5  1.3823  0.100668  0.0290453
19.5  1.44513  0.114335  0.0426603
19.5  1.50796  0.0938925  0.0264024
19.5  1.5708  0.113601  0.041237
19.5  1.63363  0.0988134  0.0276937
19.5  1.69646  0.101491  0.0300111
19.5  1.75929  0.0913603  0.0226592
19.5  1.82212  0.0955846  0.0283229
19.5  1.88496  0.0951652  0.0261391
19.5  1.94779  0.0881892  0.0248636
19.5  2.01062  0.0806654  0.0189326
19.5  2.07345  0.0729837  0.0139748
19.5  2.13628  0.0699545  0.0145373
19.5  2.19911  0.0502602  0.00723321
19.5  2.26195  0.0554847  0.00955999
19.5  2.32478  0.05826  0.0121404
19.5  2.38761  0.0619636  0.0172877
19.5  2.45044  0.0500194  0.0133165
19.5  2.51327  0.0694062  0.0403039
19.5  2.57611  0.0572959  0.0350389
19.5  2.63894  0.080634  0.0776688
19.5  2.70177  0.136766  0.108856
19.5  2.7646  0.0683206  0.0855235
19.5  2.82743  0.0857361  0.0751137
19.5  2.89027  0  0
19.5  2.9531  0  0
19.5  3.01593  0  0
19.5  3.07876  0  0
20  0  0  0
20  0.0628319  0  0
20  0.125664  0  0
20  0.188496  0  0
20  0.251327  0.262818  0.132623
20  0.314159  0.0593433  0.0707547
20  0.376991  0.132814  0.0936406
20  0.439823  0.039658  0.0262237
20  0.502655  0.0859307  0.139816
20  0.565487  0.0502286  0.0193174
20  0.628319  0.0711435  0.0278195
20  0.69115  0.0588091  0.0148867
20  0.753982  0.0564783  0.0104888
20  0.816814  0.0654186  0.0122979
20  0.879646  0.0493501  0.0070022
20  0.942478  0.0702671  0.0134447
20  1.00531  0.0769156  0.0167764
20  1.06814  0.0888839  0.0231175
20  1.13097  0.0950292  0.0271417
20  1.19381  0.0814959  0.0177248
20  1.25664  0.106095  0.0354961
20  1.31947  0.128347  0.0616204
20  1.3823  0.098466  0.0300544
20  1.44513  0.100502  0.029048
20  1.50796  0.123692  0.0525447
20  1.5708  0.0986328  0.0245822
20  1.63363  0.106586  0.0323714
20  1.69646  0.0951317  0.023604
20  1.75929  0.089035  0.0239015
20  1.82212  0.0924277  0.0243078
20  1.88496  0.0937575  0.0254099
20  1.94779  0.0903809  0.0223483
20  2.01062  0.0847494  0.0201837
20  2.07345  0.0801739  0.0166396
20  2.13628  0.0677963  0.013235
20  2.19911  0.065552  0.0133594
20  2.26195  0.0565742  0.0100382
20  2.32478  0.0517073  0.0104492
20  2.38761  0.0698658  0.0236467
20  2.45044  0.0594482  0.0236725
20  2.51327  0.0655825  0.0358596
20  2.57611  0.0631539  0.0460997
20  2.63894  0.0853777  0.101466
20  2.70177  0.0762823  0.116997
20  2.7646  0.199913  0.160803
20  2.82743  0.236167  0.136029
20  2.89027  0  0
20  2.9531  0  0
20  3.01593  0  0
20  3.07876  0  0
20.5  0  0  0
20.5  0.0628319  0  0
20.5  0.125664  0  0
20.5  0.188496  0  0
20.5  0.251327  0.104675  0.0624602
20.5  0.314159  0.0655013  0.0866675
20.5  0.376991  0.0784545  0.0826614
20.5  0.439823  0.0652058  0.0601129
20.5  0.502655  0.0941816  0.0810036
20.5  0.565487  0.0715026  0.0440035
20.5  0.628319  0.0806512  0.0372809
20.5  0.69115  0.0552584  0.0146049
20.5  0.753982  0.0593445  0.0119373
20.5  0.816814  0.0539136  0.00934357
20.5  0.879646  0.0569894  0.00809422
20.5  0.942478  0.0710149  0.0141575
20.5  1.00531  0.0855001  0.0213081
20.5  1.06814  0.0827047  0.0196655
20.5  1.13097  0.0933111  0.0284134
20.5  1.19381  0.0986799  0.0297664
20.5  1.25664  0.0981172  0.0280759
20.5  1.31947  0.0941328  0.0236092
20.5  1.3823  0.117434  0.0447891
20.5  1.44513  0.114047  0.0394497
20.5  1.50796  0.111736  0.0399965
20.5  1.5708  0.0970684  0.027948
20.5  1.63363  0.125294  0.0538618
20.5  1.69646  0.100734  0.0300646
20.5  1.75929  0.0954657  0.0288762
20.5  1.82212  0.0904859  0.0232275
20.5  1.88496  0.0915707  0.0238924
20.5  1.94779  0.0873605  0.0245138
20.5  2.01062  0.0800134  0.017518
20.5  2.07345  0.0713225  0.0135482
20.5  2.13628  0.0755654  0.0148055
20.5  2.19911  0.0593455  0.0097861
20.5  2.26195  0.0571635  0.0101773
20.5  2.32478  0.0637815  0.0152941
20.5  2.38761  0.0562436  0.0150039
20.5  2.45044  0.0568377  0.0220693
20.5  2.51327  0.0621733  0.0248374
20.5  2.57611  0.0657893  0.044899
20.5  2.63894  0.0733638  0.0652367
20.5  2.70177  0.0715939  0.109834
20.5  2.7646  0.112076  0.0922681
20.5  2.82743  0.0501567  0.0422206
20.5  2.89027  0  0
20.5  2.9531  0  0
20.5  3.01593  0  0
20.5  3.07876  0  0
21  0  0  0
21  0.0628319  0  0
21  0.125664  0  0
21  0.188496  0  0
21  0.251327  0.143008  0.0735006
21  0.314159  0.0586043  0.104415
21  0.376991  0.0441621  0.0450167
21  0.439823  0.0784655  0.126718
21  0.502655  0.0583479  0.0376078
21  0.565487  0.0606716  0.0325142
21  0.628319  0.0711531  0.0289055
21  0.69115  0.0611627  0.0181887
21  0.753982  0.0577862  0.0119148
21  0.816814  0.0534659  0.00862305
21  0.879646  0.057136  0.00855391
21  0.942478  0.0577225  0.00945157
21  1.00531  0.0713507  0.013435
21  1.06814  0.0740216  0.014386
21  1.13097  0.0842332  0.0183591
21  1.19381  0.0816161  0.0197354
21  1.25664  0.107652  0.0375721
21  1.31947  0.0985089  0.0297543
21  1.3823  0.10943  0.0353303
21  1.44513  0.0944693  0.0243063
21  1.50796  0.12889  0.0563155
21  1.5708  0.0927737  0.0231699
21  1.63363  0.114167  0.0423463
21  1.69646  0.0907099  0.0233768
21  1.75929  0.0983196  0.0297235
21  1.82212  0.10593  0.033693
21  1.88496  0.0877783  0.02
21  1.94779  0.0913683  0.0267459
21  2.01062  0.0827081  0.0190109
21  2.07345  0.08226  0.0192732
21  2.13628  0.0660309  0.0108936
21  2.19911  0.0515943  0.00787768
21  2.26195  0.0562391  0.00857471
21  2.32478  0.0579157  0.0114245
21  2.38761  0.061036  0.0168573
21  2.45044  0.0649069  0.0277963
21  2.51327  0.0612734  0.0289478
21  2.57611  0.0842537  0.133464
21  2.63894  0.0731736  0.0666772
21  2.70177  0.2207  0.238468
21  2.7646  0.0753408  0.0696147
21  2.82743  0.0183082  0.0336836
21  2.89027  0  0
21  2.9531  0  0
21  3.01593  0  0
21  3.07876  0  0
21.5  0  0  0
21.5  0.0628319  0  0
21.5  0.125664  0  0
21.5  0.188496  0  0
21.5  0.251327  0.111841  0.104857
21.5  0.314159  0.0923388  0.131891
21.5  0.376991  0.113744  0.0882425
21.5  0.439823  0.0513823  0.0403834
21.5  0.502655  0.0621973  0.0356728
21.5  0.565487  0.0942809  0.0796248
21.5  0.628319  0.058222  0.0195428
21.5  0.69115  0.0713274  0.02451
21.5  0.753982  0.046478  0.00787071
21.5  0.816814  0.0591125  0.0111039
21.5  0.879646  0.058327  0.00985979
21.5  0.942478  0.0644084  0.011661
21.5  1.00531  0.069236  0.0131943
21.5  1.06814  0.0775838  0.0161801
21.5  1.13097  0.0885894  0.0228343
21.5  1.19381  0.0912968  0.0252017
21.5  1.25664  0.103624  0.0292662
21.5  1.31947  0.0931581  0.0266313
21.5  1.3823  0.113246  0.0419727
21.5  1.44513  0.0940812  0.0253666
21.5  1.50796  0.106843  0.0376055
21.5  1.5708  0.0905585  0.0235813
21.5  1.63363  0.09852  0.0300569
21.5  1.69646  0.102367  0.0324924
21.5  1.75929  0.101773  0.0286042
21.5  1.82212  0.0958994  0.0272801
21.5  1.88496  0.102519  0.0352495
21.5  1.94779  0.0885928  0.0232099
21.5  2.01062  0.0730111  0.0157192
21.5  2.07345  0.0767617  0.0154043
21.5  2.13628  0.0651159  0.0117488
21.5  2.19911  0.0604612  0.00975427
21.5  2.26195  0.0512468  0.0080057
21.5  2.32478  0.0512259  0.0114224
21.5  2.38761  0.0486081  0.0109544
21.5  2.45044  0.0564288  0.0186974
21.5  2.51327  0.0465059  0.0160198
21.5  2.57611  0.0728151  0.0588926
21.5  2.63894  0.082641  0.0670035
21.5  2.70177  0.0714774  0.10033
21.5  2.7646  0.0948552  0.100375
21.5  2.82743  0.0351573  0.0578687
21.5  2.89027  0  0
21.5  2.9531  0  0
21.5  3.01593  0  0
21.5  3.07876  0  0
22  0  0  0
22  0.0628319  0  0
22  0.125664  0  0
22  0.188496  0  0
22  0.251327  0.121476  0.0786288
22  0.314159  0.0663375  0.111242
22  0.376991  0.105093  0.0922242
22  0.439823  0.0727539  0.111289
22  0.502655  0.0728083  0.0584891
22  0.565487  0.0924567  0.063867
22  0.628319  0.0719406  0.0316609
22  0.69115  0.0508847  0.0115924
22  0.753982  0.0546094  0.0123777
22  0.816814  0.0625914  0.0131783
22  0.879646  0.0520878  0.00690253
22  0.942478  0.0687906  0.0143157
22  1.00531  0.0775531  0.0167622
22  1.06814  0.0855872  0.0222339
22  1.13097  0.0898574  0.0213729
22  1.19381  0.0911426  0.0255389
22  1.25664  0.0970294  0.0306348
22  1.31947  0.0999204  0.0258281
22  1.3823  0.0995891  0.0298965
22  1.44513  0.11015  0.0399245
22  1.50796  0.10481  0.0328306
22  1.5708  0.101639  0.0292955
22  1.63363  0.102702  0.0300509
22  1.69646  0.0922631  0.0262078
22  1.75929  0.0741681  0.01561
22  1.82212  0.0867366  0.022315
22  1.88496  0.0977173  0.0286451
22  1.94779  0.0768705  0.0150651
22  2.01062  0.0898116  0.0263484
22  2.07345  0.0768114  0.0160078
22  2.13628  0.0656636  0.0111976
22  2.19911  0.059434  0.00933164
22  2.26195  0.057876  0.0093557
22  2.32478  0.0491467  0.00787597
22  2.38761  0.0497469  0.0115649
22  2.45044  0.0552749  0.0197816
22  2.51327  0.0616686  0.0309987
22  2.57611  0.0513172  0.0292412
22  2.63894  0.0527084  0.0418425
22  2.70177  0.141858  0.114316
22  2.7646  0.156015  0.129693
22  2.82743  0.0719093  0.0378321
22  2.89027  0  0
22  2.9531  0  0
22  3.01593  0  0
22  3.07876  0  0
22.5  0  0  0
22.5  0.0628319  0  0
22.5  0.125664  0  0
22.5  0.188496  0  0
22.5  0.251327  0.0818059  0.0613329
22.5  0.314159  0.108428  0.092332
22.5  0.376991  0.0815541  0.10223
22.5  0.439823  0.0832124  0.129431
22.5  0.502655  0.0590377  0.0335714
22.5  0.565487  0.0602722  0.0322052
22.5  0.628319  0.0807454  0.0369827
22.5  0.69115  0.0569692  0.0137675
22.5  0.753982  0.0546752  0.0100875
22.5  0.816814  0.058495  0.00968364
22.5  0.879646  0.060482  0.0100826
22.5  0.942478  0.0656696  0.0124713
22.5  1.00531  0.0800433  0.0180006
22.5  1.06814  0.0837688  0.0193162
22.5  1.13097  0.0877088  0.0216653
22.5  1.19381  0.0960844  0.0264909
22.5  1.25664  0.0862203  0.0229467
22.5  1.31947  0.0824075  0.0202908
22.5  1.3823  0.0941838  0.022651
22.5  1.44513  0.127009  0.0535237
22.5  1.50796  0.116485  0.0445579
22.5  1.5708  0.0972748  0.0283819
22.5  1.63363  0.0949402  0.0250914
22.5  1.69646  0.10337  0.0331492
22.5  1.75929  0.107278  0.0367819
22.5  1.82212  0.100286  0.0273249
22.5  1.88496  0.090878  0.0238882
22.5  1.94779  0.0743976  0.016248
22.5  2.01062  0.079622  0.0174143
22.5  2.07345  0.0749533  0.0152104
22.5  2.13628  0.0747546  0.0173894
22.5  2.19911  0.0585399  0.00899356
22.5  2.26195  0.0523361  0.00888986
22.5  2.32478  0.0532427  0.00892737
22.5  2.38761  0.0649714  0.020906
22.5  2.45044  0.0661534  0.0261717
22.5  2.51327  0.0659188  0.0395337
22.5  2.57611  0.0749629  0.0533014
22.5  2.63894  0.0587774  0.0569741
22.5  2.70177  0.0562496  0.057267
22.5  2.7646  0.120044  0.12977
22.5  2.82743  0.0495178  0.032419
22.5  2.89027  0  0
22.5  2.9531  0  0
22.5  3.01593  0  0
22.5  3.07876  0  0
23  0  0  0
23  0.0628319  0  0
23  0.125664  0  0
23  0.188496  0  0
23  0.251327  0.186326  0.109523
23  0.314159  0.0980636  0.109963
23  0.376991  0.0654171  0.111925
23  0.439823  0.0904609  0.14005
23  0.502655  0.105438  0.154696
23  0.565487  0.0772402  0.0497269
23  0.628319  0.0558908  0.0187723
23  0.69115  0.0528512  0.0140219
23  0.753982  0.053121  0.00940812
23  0.816814  0.0538787  0.0098798
23  0.879646  0.0566502  0.00928388
23  0.942478  0.0633562  0.0104172
23  1.00531  0.0657057  0.0122251
23  1.06814  0.077514  0.0163698
23  1.13097  0.0903057  0.0242106
23  1.19381  0.100887  0.0346546
23  1.25664  0.0956268  0.0244685
23  1.31947  0.112612  0.0441045
23  1.3823  0.130169  0.0635909
23  1.44513  0.102364  0.0336907
23  1.50796  0.111353  0.0380004
23  1.5708  0.0990203  0.028778
23  1.63363  0.0929282  0.0231554
23  1.69646  0.094269  0.027322
23  1.75929  0.09061  0.0224576
23  1.82212  0.0907058  0.0231601
23  1.88496  0.0920326  0.0238247
23  1.94779  0.0877677  0.022135
23  2.01062  0.0705702  0.0140778
23  2.07345  0.0751606  0.0181014
23  2.13628  0.0725895  0.0146864
23  2.19911  0.0570877  0.00890968
23  2.26195  0.0621077  0.0124049
23  2.32478  0.0574094  0.0104691
23  2.38761  0.0566836  0.0158025
23  2.45044  0.0508056  0.0142828
23  2.51327  0.0528205  0.0199032
23  2.57611  0.0584388  0.0470544
23  2.63894  0.0635022  0.0463007
23  2.70177  0.11552  0.130007
23  2.7646  0.0444253  0.0882866
23  2.82743  0.10309  0.0593672
23  2.89027  0  0
23  2.9531  0  0
23  3.01593  0  0
23  3.07876  0  0
23.5  0  0  0
23.5  0.0628319  0  0
23.5  0.125664  0  0
23.5  0.188496  0  0
23.5  0.251327  0.191351  0.0969975
23.5  0.314159  0.0993409  0.0828502
23.5  0.376991  0.100303  0.125612
23.5  0.439823  0.0654933  0.0660964
23.5  0.502655  0.113248  0.144177
23.5  0.565487  0.0831331  0.0611132
23.5  0.628319  0.0613834  0.0259475
23.5  0.69115  0.0529836  0.013594
23.5  0.753982  0.0556447  0.0104009
23.5  0.816814  0.0630026  0.0120748
23.5  0.879646  0.0585818  0.00883537
23.5  0.942478  0.0647707  0.0114437
23.5  1.00531  0.0667226  0.0121885
23.5  1.06814  0.0768186  0.018118
23.5  1.13097  0.0948187  0.0271279
23.5  1.19381  0.0979873  0.0291419
23.5  1.25664  0.107774  0.0353839
23.5  1.31947  0.0892389  0.0206614
23.5  1.3823  0.0868646  0.0214606
23.5  1.44513  0.0998622  0.0277645
23.5  1.50796  0.0814214  0.0185426
23.5  1.5708  0.103005  0.0304209
23.5  1.63363  0.0896184  0.0263989
23.5  1.69646  0.123701  0.0605199
23.5  1.75929  0.0934363  0.027368
23.5  1.82212  0.0974289  0.0304383
23.5  1.88496  0.0874917  0.0215532
23.5  1.94779  0.0724083  0.0146345
23.5  2.01062  0.0785978  0.0165286
23.5  2.07345  0.0825383  0.0200724
23.5  2.13628  0.071552  0.0154637
23.5  2.19911  0.0559683  0.00801284
23.5  2.26195  0.0557565  0.00938198
23.5  2.32478  0.0631634  0.0138725
23.5  2.38761  0.0679998  0.0236228
23.5  2.45044  0.0563867  0.0198782
23.5  2.51327  0.0592744  0.0264841
23.5  2.57611  0.0590521  0.0328928
23.5  2.63894  0.0657352  0.051199
23.5  2.70177  0.10812  0.114507
23.5  2.7646  0.0437662  0.0600581
23.5  2.82743  0.273039  0.266547
23.5  2.89027  0  0
23.5  2.9531  0  0
23.5  3.01593  0  0
23.5  3.07876  0  0
24  0  0  0
24  0.0628319  0  0
24  0.125664  0  0
24  0.188496  0  0
24  0.251327  0.102135  0.100952
24  0.314159  0.0721986  0.0866764
24  0.376991  0.123326  0.0875498
24  0.439823  0.0672186  0.0635856
24  0.502655  0.0586148  0.0369818
24  0.565487  0.0524478  0.0255987
24  0.628319  0.0567428  0.0202509
24  0.69115  0.0511789  0.0120507
24  0.753982  0.0510819  0.00859222
24  0.816814  0.0586499  0.0113792
24  0.879646  0.0612349  0.0104321
24  0.942478  0.067748  0.0130656
24  1.00531  0.0711588  0.0147476
24  1.06814  0.0847667  0.0199736
24  1.13097  0.0823545  0.018426
24  1.19381  0.097408  0.0278258
24  1.25664  0.106355  0.0364101
24  1.31947  0.0926299  0.0236767
24  1.3823  0.10965  0.0374695
24  1.44513  0.112221  0.0389069
24  1.50796  0.096847  0.0256798
24  1.5708  0.101081  0.031698
24  1.63363  0.0985871  0.0259063
24  1.69646  0.0976805  0.0263203
24  1.75929  0.0876101  0.0229657
24  1.82212  0.0989342  0.0358202
24  1.88496  0.0875088  0.0197647
24  1.94779  0.0810972  0.0184117
24  2.01062  0.0890117  0.0247313
24  2.07345  0.0679229  0.0121879
24  2.13628  0.068044  0.0118557
24  2.19911  0.0659586  0.0118434
24  2.26195  0.0579617  0.0105865
24  2.32478  0.0576324  0.0132366
24  2.38761  0.0575456  0.0146501
24  2.45044  0.0628778  0.0238986
24  2.51327  0.0645613  0.0362353
24  2.57611  0.056751  0.0347307
24  2.63894  0.068492  0.051903
24  2.70177  0.0487172  0.0466187
24  2.7646  0.136389  0.13724
24  2.82743  0.0618723  0.0337465
24  2.89027  0  0
24  2.9531  0  0
24  3.01593  0  0
24  3.07876  0  0
24.5  0  0  0
24.5  0.0628319  0  0
24.5  0.125664  0  0
24.5  0.188496  0  0
24.5  0.251327  0.0747142  0.0391802
24.5  0.314159  0.175776  0.0996507
24.5  0.376991  0.180626  0.159824
24.5  0.439823  0.0605114  0.0575334
24.5  0.502655  0.0927299  0.14095
24.5  0.565487  0.0624961  0.0279142
24.5  0.628319  0.053125  0.0167234
24.5  0.69115  0.0593474  0.0177228
24.5  0.753982  0.0521002  0.0100828
24.5  0.816814  0.0609277  0.0119821
24.5  0.879646  0.0630343  0.0114236
24.5  0.942478  0.0667721  0.0135386
24.5  1.00531  0.0668489  0.0119644
24.5  1.06814  0.0775915  0.0158123
24.5  1.13097  0.0860504  0.0216419
24.5  1.19381  0.0876171  0.0224058
24.5  1.25664  0.0875263  0.0222544
24.5  1.31947  0.105662  0.0321364
24.5  1.3823  0.100184  0.0339587
24.5  1.44513  0.0999632  0.0326949
24.5  1.50796  0.100179  0.0310749
24.5  1.5708  0.106931  0.0366372
24.5  1.63363  0.0920204  0.024531
24.5  1.69646  0.121946  0.0515384
24.5  1.75929  0.106385  0.0356547
24.5  1.82212  0.0805933  0.0196763
24.5  1.88496  0.0848743  0.019256
24.5  1.94779  0.0704163  0.0127176
24.5  2.01062  0.0809029  0.0177153
24.5  2.07345  0.0745022  0.0145275
24.5  2.13628  0.0646558  0.0102598
24.5  2.19911  0.0590723  0.00994952
24.5  2.26195  0.04959  0.00769765
24.5  2.32478  0.0662477  0.017558
24.5  2.38761  0.0478942  0.0114644
24.5  2.45044  0.0633649  0.025769
24.5  2.51327  0.0446953  0.0138984
24.5  2.57611  0.0673428  0.0581967
24.5  2.63894  0.0677779  0.0621368
24.5  2.70177  0.0987403  0.110129
24.5  2.7646  0.0388123  0.0671068
24.5  2.82743  0.105497  0.097902
24.5  2.89027  0  0
24.5  2.9531  0  0
24.5  3.01593  0  0
24.5  3.07876  0  0
