ASTAR: Stopping Powers and Range Tables for Alpha Particles

KAPTON POLYIMIDE FILM                                                   

Kinetic  |Total    |CSDA     |Detour|
Energy   |Stp. Pow.|Range    |Factor|
MeV      |MeV cm2/g|g/cm2    |      |

1.000E-03|3.370E+02|3.585E-06|0.4753|
1.500E-03|3.557E+02|5.022E-06|0.5015|
2.000E-03|3.707E+02|6.399E-06|0.5233|
2.500E-03|3.840E+02|7.724E-06|0.5419|
3.000E-03|3.963E+02|9.005E-06|0.5580|
4.000E-03|4.190E+02|1.146E-05|0.5849|
5.000E-03|4.399E+02|1.379E-05|0.6069|
6.000E-03|4.596E+02|1.601E-05|0.6254|
7.000E-03|4.783E+02|1.814E-05|0.6413|
8.000E-03|4.960E+02|2.019E-05|0.6553|
9.000E-03|5.131E+02|2.218E-05|0.6677|
1.000E-02|5.295E+02|2.410E-05|0.6788|
1.250E-02|5.680E+02|2.865E-05|0.7023|
1.500E-02|6.036E+02|3.292E-05|0.7212|
1.750E-02|6.368E+02|3.695E-05|0.7369|
2.000E-02|6.681E+02|4.078E-05|0.7503|
2.250E-02|6.977E+02|4.444E-05|0.7619|
2.500E-02|7.259E+02|4.795E-05|0.7720|
2.750E-02|7.527E+02|5.133E-05|0.7809|
3.000E-02|7.785E+02|5.460E-05|0.7889|
3.500E-02|8.270E+02|6.083E-05|0.8027|
4.000E-02|8.721E+02|6.671E-05|0.8142|
4.500E-02|9.143E+02|7.231E-05|0.8239|
5.000E-02|9.542E+02|7.766E-05|0.8323|
5.500E-02|9.919E+02|8.280E-05|0.8397|
6.000E-02|1.028E+03|8.775E-05|0.8462|
6.500E-02|1.062E+03|9.254E-05|0.8520|
7.000E-02|1.095E+03|9.718E-05|0.8573|
7.500E-02|1.126E+03|1.017E-04|0.8620|
8.000E-02|1.156E+03|1.061E-04|0.8664|
8.500E-02|1.185E+03|1.103E-04|0.8703|
9.000E-02|1.212E+03|1.145E-04|0.8740|
9.500E-02|1.239E+03|1.186E-04|0.8774|
1.000E-01|1.265E+03|1.226E-04|0.8805|
1.250E-01|1.382E+03|1.415E-04|0.8935|
1.500E-01|1.483E+03|1.589E-04|0.9032|
1.750E-01|1.570E+03|1.753E-04|0.9108|
2.000E-01|1.645E+03|1.908E-04|0.9171|
2.250E-01|1.711E+03|2.057E-04|0.9223|
2.500E-01|1.769E+03|2.201E-04|0.9267|
2.750E-01|1.819E+03|2.340E-04|0.9305|
3.000E-01|1.863E+03|2.476E-04|0.9339|
3.500E-01|1.934E+03|2.739E-04|0.9396|
4.000E-01|1.986E+03|2.994E-04|0.9443|
4.500E-01|2.022E+03|3.243E-04|0.9482|
5.000E-01|2.046E+03|3.489E-04|0.9515|
5.500E-01|2.060E+03|3.732E-04|0.9544|
6.000E-01|2.066E+03|3.975E-04|0.9570|
6.500E-01|2.064E+03|4.217E-04|0.9592|
7.000E-01|2.057E+03|4.459E-04|0.9613|
7.500E-01|2.046E+03|4.703E-04|0.9631|
8.000E-01|2.031E+03|4.948E-04|0.9648|
8.500E-01|2.013E+03|5.196E-04|0.9664|
9.000E-01|1.993E+03|5.445E-04|0.9678|
9.500E-01|1.971E+03|5.697E-04|0.9692|
1.000E+00|1.948E+03|5.953E-04|0.9704|
1.250E+00|1.821E+03|7.279E-04|0.9755|
1.500E+00|1.690E+03|8.704E-04|0.9792|
1.750E+00|1.566E+03|1.024E-03|0.9821|
2.000E+00|1.453E+03|1.190E-03|0.9845|
2.250E+00|1.351E+03|1.369E-03|0.9864|
2.500E+00|1.265E+03|1.560E-03|0.9879|
2.750E+00|1.191E+03|1.764E-03|0.9892|
3.000E+00|1.126E+03|1.980E-03|0.9903|
3.500E+00|1.018E+03|2.448E-03|0.9920|
4.000E+00|9.305E+02|2.962E-03|0.9932|
4.500E+00|8.589E+02|3.522E-03|0.9942|
5.000E+00|7.988E+02|4.126E-03|0.9949|
5.500E+00|7.476E+02|4.773E-03|0.9955|
6.000E+00|7.033E+02|5.463E-03|0.9960|
6.500E+00|6.645E+02|6.195E-03|0.9964|
7.000E+00|6.302E+02|6.968E-03|0.9967|
7.500E+00|5.997E+02|7.782E-03|0.9970|
8.000E+00|5.723E+02|8.636E-03|0.9972|
8.500E+00|5.476E+02|9.529E-03|0.9974|
9.000E+00|5.252E+02|1.046E-02|0.9976|
9.500E+00|5.047E+02|1.143E-02|0.9978|
1.000E+01|4.860E+02|1.244E-02|0.9979|
1.250E+01|4.115E+02|1.806E-02|0.9984|
1.500E+01|3.584E+02|2.458E-02|0.9987|
1.750E+01|3.184E+02|3.200E-02|0.9989|
2.000E+01|2.872E+02|4.028E-02|0.9990|
2.500E+01|2.412E+02|5.936E-02|0.9992|
2.750E+01|2.237E+02|7.013E-02|0.9992|
3.000E+01|2.088E+02|8.170E-02|0.9993|
3.500E+01|1.848E+02|1.072E-01|0.9993|
4.000E+01|1.660E+02|1.358E-01|0.9994|
4.500E+01|1.511E+02|1.674E-01|0.9994|
5.000E+01|1.388E+02|2.020E-01|0.9994|
5.500E+01|1.285E+02|2.395E-01|0.9995|
6.000E+01|1.198E+02|2.798E-01|0.9995|
6.500E+01|1.123E+02|3.229E-01|0.9995|
7.000E+01|1.057E+02|3.689E-01|0.9995|
7.500E+01|9.997E+01|4.175E-01|0.9995|
8.000E+01|9.487E+01|4.689E-01|0.9995|
8.500E+01|9.032E+01|5.229E-01|0.9995|
9.000E+01|8.623E+01|5.796E-01|0.9995|
9.500E+01|8.253E+01|6.389E-01|0.9995|
1.000E+02|7.917E+01|7.008E-01|0.9995|
1.250E+02|6.610E+01|1.048E+00|0.9996|
1.500E+02|5.707E+01|1.456E+00|0.9996|
1.750E+02|5.044E+01|1.923E+00|0.9996|
2.000E+02|4.536E+01|2.447E+00|0.9996|
2.250E+02|4.133E+01|3.025E+00|0.9996|
2.500E+02|3.805E+01|3.656E+00|0.9996|
2.750E+02|3.534E+01|4.338E+00|0.9996|
3.000E+02|3.304E+01|5.071E+00|0.9996|
3.500E+02|2.938E+01|6.679E+00|0.9996|
4.000E+02|2.659E+01|8.471E+00|0.9997|
4.500E+02|2.438E+01|1.044E+01|0.9997|
5.000E+02|2.259E+01|1.257E+01|0.9997|
5.500E+02|2.112E+01|1.486E+01|0.9997|
6.000E+02|1.987E+01|1.730E+01|0.9997|
6.500E+02|1.881E+01|1.989E+01|0.9997|
7.000E+02|1.790E+01|2.262E+01|0.9997|
7.500E+02|1.710E+01|2.548E+01|0.9997|
8.000E+02|1.641E+01|2.846E+01|0.9997|
8.500E+02|1.579E+01|3.157E+01|0.9997|
9.000E+02|1.523E+01|3.479E+01|0.9997|
9.500E+02|1.474E+01|3.813E+01|0.9997|
1.000E+03|1.429E+01|4.158E+01|0.9997|

