ASTAR: Stopping Powers and Range Tables for Alpha Particles

NEON                                                                    

Kinetic  |Total    |CSDA     |Detour|
Energy   |Stp. Pow.|Range    |Factor|
MeV      |MeV cm2/g|g/cm2    |      |

1.000E-03|1.695E+02|7.354E-06|0.3064|
1.500E-03|1.802E+02|1.020E-05|0.3281|
2.000E-03|1.882E+02|1.291E-05|0.3467|
2.500E-03|1.950E+02|1.552E-05|0.3629|
3.000E-03|2.010E+02|1.805E-05|0.3775|
4.000E-03|2.118E+02|2.289E-05|0.4027|
5.000E-03|2.216E+02|2.751E-05|0.4242|
6.000E-03|2.308E+02|3.192E-05|0.4430|
7.000E-03|2.396E+02|3.618E-05|0.4598|
8.000E-03|2.480E+02|4.028E-05|0.4748|
9.000E-03|2.560E+02|4.425E-05|0.4885|
1.000E-02|2.638E+02|4.809E-05|0.5010|
1.250E-02|2.823E+02|5.725E-05|0.5284|
1.500E-02|2.997E+02|6.584E-05|0.5513|
1.750E-02|3.160E+02|7.396E-05|0.5711|
2.000E-02|3.316E+02|8.168E-05|0.5883|
2.250E-02|3.464E+02|8.906E-05|0.6035|
2.500E-02|3.606E+02|9.613E-05|0.6172|
2.750E-02|3.743E+02|1.029E-04|0.6294|
3.000E-02|3.874E+02|1.095E-04|0.6406|
3.500E-02|4.125E+02|1.220E-04|0.6601|
4.000E-02|4.360E+02|1.338E-04|0.6767|
4.500E-02|4.582E+02|1.450E-04|0.6911|
5.000E-02|4.794E+02|1.556E-04|0.7038|
5.500E-02|4.996E+02|1.658E-04|0.7150|
6.000E-02|5.189E+02|1.757E-04|0.7250|
6.500E-02|5.375E+02|1.851E-04|0.7341|
7.000E-02|5.554E+02|1.943E-04|0.7423|
7.500E-02|5.726E+02|2.031E-04|0.7499|
8.000E-02|5.892E+02|2.118E-04|0.7568|
8.500E-02|6.054E+02|2.201E-04|0.7632|
9.000E-02|6.210E+02|2.283E-04|0.7691|
9.500E-02|6.362E+02|2.362E-04|0.7746|
1.000E-01|6.509E+02|2.440E-04|0.7797|
1.250E-01|7.190E+02|2.805E-04|0.8011|
1.500E-01|7.795E+02|3.139E-04|0.8174|
1.750E-01|8.338E+02|3.448E-04|0.8304|
2.000E-01|8.831E+02|3.740E-04|0.8411|
2.250E-01|9.279E+02|4.016E-04|0.8501|
2.500E-01|9.690E+02|4.279E-04|0.8578|
2.750E-01|1.007E+03|4.532E-04|0.8645|
3.000E-01|1.041E+03|4.776E-04|0.8704|
3.500E-01|1.102E+03|5.243E-04|0.8803|
4.000E-01|1.154E+03|5.685E-04|0.8885|
4.500E-01|1.197E+03|6.111E-04|0.8953|
5.000E-01|1.234E+03|6.522E-04|0.9012|
5.500E-01|1.264E+03|6.922E-04|0.9063|
6.000E-01|1.288E+03|7.314E-04|0.9109|
6.500E-01|1.307E+03|7.699E-04|0.9149|
7.000E-01|1.322E+03|8.079E-04|0.9186|
7.500E-01|1.333E+03|8.456E-04|0.9219|
8.000E-01|1.340E+03|8.830E-04|0.9249|
8.500E-01|1.345E+03|9.202E-04|0.9277|
9.000E-01|1.346E+03|9.574E-04|0.9303|
9.500E-01|1.346E+03|9.945E-04|0.9327|
1.000E+00|1.343E+03|1.032E-03|0.9349|
1.250E+00|1.297E+03|1.221E-03|0.9443|
1.500E+00|1.230E+03|1.418E-03|0.9516|
1.750E+00|1.161E+03|1.628E-03|0.9574|
2.000E+00|1.096E+03|1.849E-03|0.9622|
2.250E+00|1.036E+03|2.084E-03|0.9662|
2.500E+00|9.824E+02|2.332E-03|0.9696|
2.750E+00|9.335E+02|2.593E-03|0.9724|
3.000E+00|8.892E+02|2.868E-03|0.9749|
3.500E+00|8.127E+02|3.456E-03|0.9789|
4.000E+00|7.489E+02|4.098E-03|0.9819|
4.500E+00|6.961E+02|4.791E-03|0.9843|
5.000E+00|6.509E+02|5.534E-03|0.9862|
5.500E+00|6.117E+02|6.327E-03|0.9878|
6.000E+00|5.774E+02|7.169E-03|0.9891|
6.500E+00|5.472E+02|8.059E-03|0.9901|
7.000E+00|5.203E+02|8.996E-03|0.9910|
7.500E+00|4.963E+02|9.980E-03|0.9918|
8.000E+00|4.747E+02|1.101E-02|0.9925|
8.500E+00|4.551E+02|1.209E-02|0.9930|
9.000E+00|4.373E+02|1.321E-02|0.9935|
9.500E+00|4.210E+02|1.437E-02|0.9940|
1.000E+01|4.060E+02|1.558E-02|0.9943|
1.250E+01|3.460E+02|2.228E-02|0.9957|
1.500E+01|3.030E+02|3.002E-02|0.9966|
1.750E+01|2.704E+02|3.877E-02|0.9971|
2.000E+01|2.448E+02|4.850E-02|0.9975|
2.500E+01|2.069E+02|7.081E-02|0.9980|
2.750E+01|1.925E+02|8.334E-02|0.9982|
3.000E+01|1.801E+02|9.678E-02|0.9983|
3.500E+01|1.599E+02|1.263E-01|0.9985|
4.000E+01|1.442E+02|1.593E-01|0.9987|
4.500E+01|1.315E+02|1.956E-01|0.9988|
5.000E+01|1.211E+02|2.353E-01|0.9989|
5.500E+01|1.124E+02|2.782E-01|0.9989|
6.000E+01|1.049E+02|3.243E-01|0.9990|
6.500E+01|9.848E+01|3.735E-01|0.9990|
7.000E+01|9.287E+01|4.258E-01|0.9990|
7.500E+01|8.793E+01|4.811E-01|0.9991|
8.000E+01|8.354E+01|5.395E-01|0.9991|
8.500E+01|7.962E+01|6.008E-01|0.9991|
9.000E+01|7.609E+01|6.651E-01|0.9991|
9.500E+01|7.289E+01|7.322E-01|0.9991|
1.000E+02|6.998E+01|8.023E-01|0.9992|
1.250E+02|5.862E+01|1.194E+00|0.9992|
1.500E+02|5.074E+01|1.654E+00|0.9993|
1.750E+02|4.494E+01|2.179E+00|0.9993|
2.000E+02|4.048E+01|2.766E+00|0.9993|
2.250E+02|3.693E+01|3.413E+00|0.9993|
2.500E+02|3.405E+01|4.119E+00|0.9993|
2.750E+02|3.165E+01|4.881E+00|0.9994|
3.000E+02|2.962E+01|5.699E+00|0.9994|
3.500E+02|2.638E+01|7.492E+00|0.9994|
4.000E+02|2.390E+01|9.486E+00|0.9994|
4.500E+02|2.194E+01|1.167E+01|0.9994|
5.000E+02|2.035E+01|1.404E+01|0.9994|
5.500E+02|1.903E+01|1.658E+01|0.9994|
6.000E+02|1.792E+01|1.929E+01|0.9994|
6.500E+02|1.698E+01|2.216E+01|0.9995|
7.000E+02|1.616E+01|2.518E+01|0.9995|
7.500E+02|1.545E+01|2.835E+01|0.9995|
8.000E+02|1.483E+01|3.165E+01|0.9995|
8.500E+02|1.427E+01|3.509E+01|0.9995|
9.000E+02|1.378E+01|3.865E+01|0.9995|
9.500E+02|1.334E+01|4.234E+01|0.9995|
1.000E+03|1.294E+01|4.615E+01|0.9995|
