PSTAR: Stopping Powers and Range Tables for Protons

NEON                                                                    

Kinetic  |Total    |CSDA     |Detour|
Energy   |Stp. Pow.|Range    |Factor|
MeV      |MeV cm2/g|g/cm2    |      |

1.000E-03|7.424E+01|1.811E-05|0.2233|
1.500E-03|8.525E+01|2.434E-05|0.2581|
2.000E-03|9.474E+01|2.989E-05|0.2876|
2.500E-03|1.033E+02|3.494E-05|0.3129|
3.000E-03|1.111E+02|3.961E-05|0.3353|
4.000E-03|1.252E+02|4.807E-05|0.3732|
5.000E-03|1.379E+02|5.567E-05|0.4046|
6.000E-03|1.495E+02|6.264E-05|0.4312|
7.000E-03|1.602E+02|6.909E-05|0.4543|
8.000E-03|1.703E+02|7.514E-05|0.4745|
9.000E-03|1.798E+02|8.086E-05|0.4925|
1.000E-02|1.889E+02|8.628E-05|0.5087|
1.250E-02|2.072E+02|9.889E-05|0.5430|
1.500E-02|2.235E+02|1.105E-04|0.5711|
1.750E-02|2.382E+02|1.213E-04|0.5945|
2.000E-02|2.517E+02|1.315E-04|0.6146|
2.250E-02|2.642E+02|1.412E-04|0.6319|
2.500E-02|2.757E+02|1.505E-04|0.6472|
2.750E-02|2.865E+02|1.594E-04|0.6608|
3.000E-02|2.966E+02|1.680E-04|0.6729|
3.500E-02|3.149E+02|1.843E-04|0.6940|
4.000E-02|3.312E+02|1.998E-04|0.7116|
4.500E-02|3.457E+02|2.145E-04|0.7267|
5.000E-02|3.587E+02|2.287E-04|0.7397|
5.500E-02|3.702E+02|2.425E-04|0.7513|
6.000E-02|3.805E+02|2.558E-04|0.7616|
6.500E-02|3.897E+02|2.688E-04|0.7708|
7.000E-02|3.979E+02|2.814E-04|0.7791|
7.500E-02|4.051E+02|2.939E-04|0.7868|
8.000E-02|4.114E+02|3.061E-04|0.7938|
8.500E-02|4.170E+02|3.182E-04|0.8003|
9.000E-02|4.218E+02|3.301E-04|0.8063|
9.500E-02|4.259E+02|3.419E-04|0.8118|
1.000E-01|4.294E+02|3.536E-04|0.8171|
1.250E-01|4.389E+02|4.111E-04|0.8390|
1.500E-01|4.386E+02|4.680E-04|0.8560|
1.750E-01|4.319E+02|5.254E-04|0.8697|
2.000E-01|4.214E+02|5.839E-04|0.8812|
2.250E-01|4.087E+02|6.441E-04|0.8910|
2.500E-01|3.950E+02|7.063E-04|0.8995|
2.750E-01|3.811E+02|7.708E-04|0.9069|
3.000E-01|3.675E+02|8.376E-04|0.9135|
3.500E-01|3.393E+02|9.792E-04|0.9246|
4.000E-01|3.141E+02|1.132E-03|0.9336|
4.500E-01|2.936E+02|1.297E-03|0.9410|
5.000E-01|2.775E+02|1.473E-03|0.9471|
5.500E-01|2.646E+02|1.657E-03|0.9522|
6.000E-01|2.528E+02|1.851E-03|0.9565|
6.500E-01|2.421E+02|2.053E-03|0.9601|
7.000E-01|2.323E+02|2.264E-03|0.9632|
7.500E-01|2.234E+02|2.483E-03|0.9659|
8.000E-01|2.151E+02|2.711E-03|0.9683|
8.500E-01|2.075E+02|2.948E-03|0.9704|
9.000E-01|2.005E+02|3.193E-03|0.9722|
9.500E-01|1.940E+02|3.447E-03|0.9739|
1.000E+00|1.879E+02|3.709E-03|0.9753|
1.250E+00|1.631E+02|5.141E-03|0.9808|
1.500E+00|1.447E+02|6.771E-03|0.9843|
1.750E+00|1.304E+02|8.594E-03|0.9867|
2.000E+00|1.190E+02|1.060E-02|0.9884|
2.250E+00|1.096E+02|1.279E-02|0.9897|
2.500E+00|1.018E+02|1.516E-02|0.9907|
2.750E+00|9.515E+01|1.770E-02|0.9915|
3.000E+00|8.940E+01|2.042E-02|0.9921|
3.500E+00|7.997E+01|2.634E-02|0.9930|
4.000E+00|7.254E+01|3.291E-02|0.9937|
4.500E+00|6.650E+01|4.012E-02|0.9942|
5.000E+00|6.149E+01|4.795E-02|0.9946|
5.500E+00|5.725E+01|5.638E-02|0.9949|
6.000E+00|5.361E+01|6.541E-02|0.9952|
6.500E+00|5.046E+01|7.503E-02|0.9954|
7.000E+00|4.769E+01|8.523E-02|0.9956|
7.500E+00|4.524E+01|9.599E-02|0.9957|
8.000E+00|4.306E+01|1.073E-01|0.9959|
8.500E+00|4.110E+01|1.192E-01|0.9960|
9.000E+00|3.932E+01|1.317E-01|0.9961|
9.500E+00|3.771E+01|1.446E-01|0.9962|
1.000E+01|3.624E+01|1.582E-01|0.9962|
1.250E+01|3.044E+01|2.338E-01|0.9965|
1.500E+01|2.637E+01|3.223E-01|0.9967|
1.750E+01|2.334E+01|4.233E-01|0.9969|
2.000E+01|2.100E+01|5.364E-01|0.9970|
2.500E+01|1.759E+01|7.977E-01|0.9971|
2.750E+01|1.631E+01|9.454E-01|0.9972|
3.000E+01|1.522E+01|1.104E+00|0.9972|
3.500E+01|1.347E+01|1.454E+00|0.9973|
4.000E+01|1.212E+01|1.846E+00|0.9974|
4.500E+01|1.105E+01|2.279E+00|0.9975|
5.000E+01|1.017E+01|2.751E+00|0.9975|
5.500E+01|9.446E+00|3.261E+00|0.9975|
6.000E+01|8.830E+00|3.809E+00|0.9976|
6.500E+01|8.302E+00|4.393E+00|0.9976|
7.000E+01|7.844E+00|5.013E+00|0.9976|
7.500E+01|7.443E+00|5.668E+00|0.9977|
8.000E+01|7.089E+00|6.357E+00|0.9977|
8.500E+01|6.773E+00|7.078E+00|0.9977|
9.000E+01|6.490E+00|7.833E+00|0.9977|
9.500E+01|6.235E+00|8.619E+00|0.9978|
1.000E+02|6.004E+00|9.436E+00|0.9978|
1.250E+02|5.111E+00|1.397E+01|0.9979|
1.500E+02|4.502E+00|1.920E+01|0.9979|
1.750E+02|4.059E+00|2.506E+01|0.9980|
2.000E+02|3.723E+00|3.150E+01|0.9980|
2.250E+02|3.459E+00|3.847E+01|0.9981|
2.500E+02|3.247E+00|4.594E+01|0.9981|
2.750E+02|3.073E+00|5.386E+01|0.9982|
3.000E+02|2.927E+00|6.220E+01|0.9982|
3.500E+02|2.698E+00|8.003E+01|0.9983|
4.000E+02|2.526E+00|9.920E+01|0.9983|
4.500E+02|2.394E+00|1.196E+02|0.9984|
5.000E+02|2.289E+00|1.409E+02|0.9984|
5.500E+02|2.205E+00|1.632E+02|0.9985|
6.000E+02|2.135E+00|1.863E+02|0.9985|
6.500E+02|2.078E+00|2.100E+02|0.9985|
7.000E+02|2.029E+00|2.344E+02|0.9986|
7.500E+02|1.988E+00|2.593E+02|0.9986|
8.000E+02|1.953E+00|2.846E+02|0.9986|
8.500E+02|1.923E+00|3.104E+02|0.9987|
9.000E+02|1.897E+00|3.366E+02|0.9987|
9.500E+02|1.875E+00|3.631E+02|0.9987|
1.000E+03|1.855E+00|3.900E+02|0.9987|
1.500E+03|1.753E+00|6.689E+02|0.9989|
2.000E+03|1.727E+00|9.568E+02|0.9990|
2.500E+03|1.728E+00|1.246E+03|0.9991|
3.000E+03|1.739E+00|1.535E+03|0.9992|
4.000E+03|1.774E+00|2.105E+03|0.9993|
5.000E+03|1.811E+00|2.663E+03|0.9994|
6.000E+03|1.847E+00|3.209E+03|0.9995|
7.000E+03|1.880E+00|3.746E+03|0.9995|
8.000E+03|1.911E+00|4.274E+03|0.9995|
9.000E+03|1.939E+00|4.793E+03|0.9996|
1.000E+04|1.966E+00|5.305E+03|0.9996|

