    0.00    20.00     0.00     7.20     0.00
    0.00    20.00     7.20    14.40     0.00
    0.00    20.00    14.40    21.60     0.00
    0.00    20.00    21.60    28.80     0.00
    0.00    20.00    28.80    36.00     0.00
    0.00    20.00    36.00    43.20     0.00
    0.00    20.00    43.20    50.40     0.00
    0.00    20.00    50.40    57.60     0.00
    0.00    20.00    57.60    64.80     0.00
    0.00    20.00    64.80    72.00     0.00
    0.00    20.00    72.00    79.20     0.00
    0.00    20.00    79.20    86.40     0.00
    0.00    20.00    86.40    93.60     0.00
    0.00    20.00    93.60   100.80     0.00
    0.00    20.00   100.80   108.00     0.00
    0.00    20.00   108.00   115.20     0.00
    0.00    20.00   115.20   122.40     0.00
    0.00    20.00   122.40   129.60     0.00
    0.00    20.00   129.60   136.80     0.00
    0.00    20.00   136.80   144.00     0.00
    0.00    20.00   144.00   151.20     0.00
    0.00    20.00   151.20   158.40     0.00
    0.00    20.00   158.40   165.60     0.00
    0.00    20.00   165.60   172.80     0.00
    0.00    20.00   172.80   180.00     0.00
   20.00    40.00     0.00     7.20     0.00
   20.00    40.00     7.20    14.40     0.00
   20.00    40.00    14.40    21.60     0.00
   20.00    40.00    21.60    28.80     0.00
   20.00    40.00    28.80    36.00     0.00
   20.00    40.00    36.00    43.20     0.00
   20.00    40.00    43.20    50.40     0.00
   20.00    40.00    50.40    57.60     0.00
   20.00    40.00    57.60    64.80     0.00
   20.00    40.00    64.80    72.00     0.00
   20.00    40.00    72.00    79.20     0.00
   20.00    40.00    79.20    86.40     0.00
   20.00    40.00    86.40    93.60     0.00
   20.00    40.00    93.60   100.80     0.00
   20.00    40.00   100.80   108.00     0.00
   20.00    40.00   108.00   115.20     0.00
   20.00    40.00   115.20   122.40     0.00
   20.00    40.00   122.40   129.60     0.00
   20.00    40.00   129.60   136.80     0.00
   20.00    40.00   136.80   144.00     0.00
   20.00    40.00   144.00   151.20     0.00
   20.00    40.00   151.20   158.40     0.00
   20.00    40.00   158.40   165.60     0.00
   20.00    40.00   165.60   172.80     0.00
   20.00    40.00   172.80   180.00     0.00
   40.00    60.00     0.00     7.20     0.00
   40.00    60.00     7.20    14.40     0.00
   40.00    60.00    14.40    21.60     0.00
   40.00    60.00    21.60    28.80     0.00
   40.00    60.00    28.80    36.00     0.00
   40.00    60.00    36.00    43.20     0.00
   40.00    60.00    43.20    50.40     0.00
   40.00    60.00    50.40    57.60     0.00
   40.00    60.00    57.60    64.80     0.00
   40.00    60.00    64.80    72.00     0.00
   40.00    60.00    72.00    79.20     0.00
   40.00    60.00    79.20    86.40     0.00
   40.00    60.00    86.40    93.60     0.00
   40.00    60.00    93.60   100.80     0.00
   40.00    60.00   100.80   108.00     0.00
   40.00    60.00   108.00   115.20     0.00
   40.00    60.00   115.20   122.40     0.00
   40.00    60.00   122.40   129.60     0.00
   40.00    60.00   129.60   136.80     0.00
   40.00    60.00   136.80   144.00     0.00
   40.00    60.00   144.00   151.20     0.00
   40.00    60.00   151.20   158.40     0.00
   40.00    60.00   158.40   165.60     0.00
   40.00    60.00   165.60   172.80     0.00
   40.00    60.00   172.80   180.00     0.00
   60.00    80.00     0.00     7.20     0.00
   60.00    80.00     7.20    14.40     0.00
   60.00    80.00    14.40    21.60     0.00
   60.00    80.00    21.60    28.80     0.00
   60.00    80.00    28.80    36.00     0.00
   60.00    80.00    36.00    43.20     0.00
   60.00    80.00    43.20    50.40     0.00
   60.00    80.00    50.40    57.60     0.00
   60.00    80.00    57.60    64.80     0.01
   60.00    80.00    64.80    72.00     0.06
   60.00    80.00    72.00    79.20     0.12
   60.00    80.00    79.20    86.40     0.17
   60.00    80.00    86.40    93.60     0.19
   60.00    80.00    93.60   100.80     0.16
   60.00    80.00   100.80   108.00     0.12
   60.00    80.00   108.00   115.20     0.06
   60.00    80.00   115.20   122.40     0.01
   60.00    80.00   122.40   129.60     0.00
   60.00    80.00   129.60   136.80     0.00
   60.00    80.00   136.80   144.00     0.00
   60.00    80.00   144.00   151.20     0.00
   60.00    80.00   151.20   158.40     0.00
   60.00    80.00   158.40   165.60     0.00
   60.00    80.00   165.60   172.80     0.00
   60.00    80.00   172.80   180.00     0.00
   80.00   100.00     0.00     7.20     0.00
   80.00   100.00     7.20    14.40     0.00
   80.00   100.00    14.40    21.60     0.00
   80.00   100.00    21.60    28.80     0.00
   80.00   100.00    28.80    36.00     0.00
   80.00   100.00    36.00    43.20     0.11
   80.00   100.00    43.20    50.40     0.33
   80.00   100.00    50.40    57.60     0.54
   80.00   100.00    57.60    64.80     0.71
   80.00   100.00    64.80    72.00     0.81
   80.00   100.00    72.00    79.20     0.86
   80.00   100.00    79.20    86.40     0.92
   80.00   100.00    86.40    93.60     0.96
   80.00   100.00    93.60   100.80     0.92
   80.00   100.00   100.80   108.00     0.87
   80.00   100.00   108.00   115.20     0.82
   80.00   100.00   115.20   122.40     0.72
   80.00   100.00   122.40   129.60     0.52
   80.00   100.00   129.60   136.80     0.32
   80.00   100.00   136.80   144.00     0.11
   80.00   100.00   144.00   151.20     0.00
   80.00   100.00   151.20   158.40     0.00
   80.00   100.00   158.40   165.60     0.00
   80.00   100.00   165.60   172.80     0.00
   80.00   100.00   172.80   180.00     0.00
  100.00   120.00     0.00     7.20     0.00
  100.00   120.00     7.20    14.40     0.00
  100.00   120.00    14.40    21.60     0.00
  100.00   120.00    21.60    28.80     0.01
  100.00   120.00    28.80    36.00     0.22
  100.00   120.00    36.00    43.20     0.46
  100.00   120.00    43.20    50.40     0.60
  100.00   120.00    50.40    57.60     0.68
  100.00   120.00    57.60    64.80     0.75
  100.00   120.00    64.80    72.00     0.80
  100.00   120.00    72.00    79.20     0.87
  100.00   120.00    79.20    86.40     0.92
  100.00   120.00    86.40    93.60     0.97
  100.00   120.00    93.60   100.80     0.92
  100.00   120.00   100.80   108.00     0.86
  100.00   120.00   108.00   115.20     0.81
  100.00   120.00   115.20   122.40     0.75
  100.00   120.00   122.40   129.60     0.67
  100.00   120.00   129.60   136.80     0.56
  100.00   120.00   136.80   144.00     0.49
  100.00   120.00   144.00   151.20     0.22
  100.00   120.00   151.20   158.40     0.01
  100.00   120.00   158.40   165.60     0.00
  100.00   120.00   165.60   172.80     0.00
  100.00   120.00   172.80   180.00     0.00
  120.00   140.00     0.00     7.20     0.00
  120.00   140.00     7.20    14.40     0.00
  120.00   140.00    14.40    21.60     0.00
  120.00   140.00    21.60    28.80     0.08
  120.00   140.00    28.80    36.00     0.30
  120.00   140.00    36.00    43.20     0.46
  120.00   140.00    43.20    50.40     0.57
  120.00   140.00    50.40    57.60     0.67
  120.00   140.00    57.60    64.80     0.73
  120.00   140.00    64.80    72.00     0.80
  120.00   140.00    72.00    79.20     0.87
  120.00   140.00    79.20    86.40     0.92
  120.00   140.00    86.40    93.60     0.97
  120.00   140.00    93.60   100.80     0.91
  120.00   140.00   100.80   108.00     0.87
  120.00   140.00   108.00   115.20     0.81
  120.00   140.00   115.20   122.40     0.75
  120.00   140.00   122.40   129.60     0.67
  120.00   140.00   129.60   136.80     0.57
  120.00   140.00   136.80   144.00     0.48
  120.00   140.00   144.00   151.20     0.32
  120.00   140.00   151.20   158.40     0.08
  120.00   140.00   158.40   165.60     0.00
  120.00   140.00   165.60   172.80     0.00
  120.00   140.00   172.80   180.00     0.00
  140.00   160.00     0.00     7.20     0.00
  140.00   160.00     7.20    14.40     0.00
  140.00   160.00    14.40    21.60     0.00
  140.00   160.00    21.60    28.80     0.09
  140.00   160.00    28.80    36.00     0.31
  140.00   160.00    36.00    43.20     0.46
  140.00   160.00    43.20    50.40     0.57
  140.00   160.00    50.40    57.60     0.67
  140.00   160.00    57.60    64.80     0.74
  140.00   160.00    64.80    72.00     0.81
  140.00   160.00    72.00    79.20     0.86
  140.00   160.00    79.20    86.40     0.91
  140.00   160.00    86.40    93.60     0.96
  140.00   160.00    93.60   100.80     0.91
  140.00   160.00   100.80   108.00     0.86
  140.00   160.00   108.00   115.20     0.81
  140.00   160.00   115.20   122.40     0.76
  140.00   160.00   122.40   129.60     0.67
  140.00   160.00   129.60   136.80     0.58
  140.00   160.00   136.80   144.00     0.47
  140.00   160.00   144.00   151.20     0.30
  140.00   160.00   151.20   158.40     0.09
  140.00   160.00   158.40   165.60     0.00
  140.00   160.00   165.60   172.80     0.00
  140.00   160.00   172.80   180.00     0.00
  160.00   180.00     0.00     7.20     0.00
  160.00   180.00     7.20    14.40     0.00
  160.00   180.00    14.40    21.60     0.00
  160.00   180.00    21.60    28.80     0.10
  160.00   180.00    28.80    36.00     0.32
  160.00   180.00    36.00    43.20     0.49
  160.00   180.00    43.20    50.40     0.57
  160.00   180.00    50.40    57.60     0.69
  160.00   180.00    57.60    64.80     0.74
  160.00   180.00    64.80    72.00     0.82
  160.00   180.00    72.00    79.20     0.85
  160.00   180.00    79.20    86.40     0.93
  160.00   180.00    86.40    93.60     0.96
  160.00   180.00    93.60   100.80     0.92
  160.00   180.00   100.80   108.00     0.86
  160.00   180.00   108.00   115.20     0.81
  160.00   180.00   115.20   122.40     0.75
  160.00   180.00   122.40   129.60     0.66
  160.00   180.00   129.60   136.80     0.58
  160.00   180.00   136.80   144.00     0.48
  160.00   180.00   144.00   151.20     0.33
  160.00   180.00   151.20   158.40     0.09
  160.00   180.00   158.40   165.60     0.00
  160.00   180.00   165.60   172.80     0.00
  160.00   180.00   172.80   180.00     0.00
  180.00   200.00     0.00     7.20     0.00
  180.00   200.00     7.20    14.40     0.00
  180.00   200.00    14.40    21.60     0.00
  180.00   200.00    21.60    28.80     0.09
  180.00   200.00    28.80    36.00     0.32
  180.00   200.00    36.00    43.20     0.46
  180.00   200.00    43.20    50.40     0.58
  180.00   200.00    50.40    57.60     0.68
  180.00   200.00    57.60    64.80     0.76
  180.00   200.00    64.80    72.00     0.80
  180.00   200.00    72.00    79.20     0.87
  180.00   200.00    79.20    86.40     0.92
  180.00   200.00    86.40    93.60     0.95
  180.00   200.00    93.60   100.80     0.91
  180.00   200.00   100.80   108.00     0.86
  180.00   200.00   108.00   115.20     0.81
  180.00   200.00   115.20   122.40     0.74
  180.00   200.00   122.40   129.60     0.68
  180.00   200.00   129.60   136.80     0.58
  180.00   200.00   136.80   144.00     0.49
  180.00   200.00   144.00   151.20     0.33
  180.00   200.00   151.20   158.40     0.11
  180.00   200.00   158.40   165.60     0.00
  180.00   200.00   165.60   172.80     0.00
  180.00   200.00   172.80   180.00     0.00
  200.00   220.00     0.00     7.20     0.00
  200.00   220.00     7.20    14.40     0.00
  200.00   220.00    14.40    21.60     0.00
  200.00   220.00    21.60    28.80     0.09
  200.00   220.00    28.80    36.00     0.32
  200.00   220.00    36.00    43.20     0.45
  200.00   220.00    43.20    50.40     0.57
  200.00   220.00    50.40    57.60     0.67
  200.00   220.00    57.60    64.80     0.76
  200.00   220.00    64.80    72.00     0.80
  200.00   220.00    72.00    79.20     0.87
  200.00   220.00    79.20    86.40     0.92
  200.00   220.00    86.40    93.60     0.96
  200.00   220.00    93.60   100.80     0.92
  200.00   220.00   100.80   108.00     0.87
  200.00   220.00   108.00   115.20     0.81
  200.00   220.00   115.20   122.40     0.72
  200.00   220.00   122.40   129.60     0.67
  200.00   220.00   129.60   136.80     0.59
  200.00   220.00   136.80   144.00     0.46
  200.00   220.00   144.00   151.20     0.32
  200.00   220.00   151.20   158.40     0.09
  200.00   220.00   158.40   165.60     0.00
  200.00   220.00   165.60   172.80     0.00
  200.00   220.00   172.80   180.00     0.00
  220.00   240.00     0.00     7.20     0.00
  220.00   240.00     7.20    14.40     0.00
  220.00   240.00    14.40    21.60     0.00
  220.00   240.00    21.60    28.80     0.10
  220.00   240.00    28.80    36.00     0.32
  220.00   240.00    36.00    43.20     0.47
  220.00   240.00    43.20    50.40     0.61
  220.00   240.00    50.40    57.60     0.67
  220.00   240.00    57.60    64.80     0.75
  220.00   240.00    64.80    72.00     0.80
  220.00   240.00    72.00    79.20     0.87
  220.00   240.00    79.20    86.40     0.91
  220.00   240.00    86.40    93.60     0.96
  220.00   240.00    93.60   100.80     0.93
  220.00   240.00   100.80   108.00     0.86
  220.00   240.00   108.00   115.20     0.82
  220.00   240.00   115.20   122.40     0.74
  220.00   240.00   122.40   129.60     0.66
  220.00   240.00   129.60   136.80     0.57
  220.00   240.00   136.80   144.00     0.49
  220.00   240.00   144.00   151.20     0.34
  220.00   240.00   151.20   158.40     0.09
  220.00   240.00   158.40   165.60     0.00
  220.00   240.00   165.60   172.80     0.00
  220.00   240.00   172.80   180.00     0.00
  240.00   260.00     0.00     7.20     0.00
  240.00   260.00     7.20    14.40     0.00
  240.00   260.00    14.40    21.60     0.00
  240.00   260.00    21.60    28.80     0.09
  240.00   260.00    28.80    36.00     0.33
  240.00   260.00    36.00    43.20     0.46
  240.00   260.00    43.20    50.40     0.57
  240.00   260.00    50.40    57.60     0.66
  240.00   260.00    57.60    64.80     0.75
  240.00   260.00    64.80    72.00     0.81
  240.00   260.00    72.00    79.20     0.87
  240.00   260.00    79.20    86.40     0.91
  240.00   260.00    86.40    93.60     0.95
  240.00   260.00    93.60   100.80     0.92
  240.00   260.00   100.80   108.00     0.87
  240.00   260.00   108.00   115.20     0.79
  240.00   260.00   115.20   122.40     0.74
  240.00   260.00   122.40   129.60     0.68
  240.00   260.00   129.60   136.80     0.58
  240.00   260.00   136.80   144.00     0.46
  240.00   260.00   144.00   151.20     0.31
  240.00   260.00   151.20   158.40     0.10
  240.00   260.00   158.40   165.60     0.00
  240.00   260.00   165.60   172.80     0.00
  240.00   260.00   172.80   180.00     0.00
  260.00   280.00     0.00     7.20     0.00
  260.00   280.00     7.20    14.40     0.00
  260.00   280.00    14.40    21.60     0.00
  260.00   280.00    21.60    28.80     0.10
  260.00   280.00    28.80    36.00     0.32
  260.00   280.00    36.00    43.20     0.45
  260.00   280.00    43.20    50.40     0.58
  260.00   280.00    50.40    57.60     0.68
  260.00   280.00    57.60    64.80     0.76
  260.00   280.00    64.80    72.00     0.80
  260.00   280.00    72.00    79.20     0.87
  260.00   280.00    79.20    86.40     0.92
  260.00   280.00    86.40    93.60     0.95
  260.00   280.00    93.60   100.80     0.92
  260.00   280.00   100.80   108.00     0.87
  260.00   280.00   108.00   115.20     0.80
  260.00   280.00   115.20   122.40     0.75
  260.00   280.00   122.40   129.60     0.65
  260.00   280.00   129.60   136.80     0.59
  260.00   280.00   136.80   144.00     0.48
  260.00   280.00   144.00   151.20     0.31
  260.00   280.00   151.20   158.40     0.09
  260.00   280.00   158.40   165.60     0.00
  260.00   280.00   165.60   172.80     0.00
  260.00   280.00   172.80   180.00     0.00
  280.00   300.00     0.00     7.20     0.00
  280.00   300.00     7.20    14.40     0.00
  280.00   300.00    14.40    21.60     0.00
  280.00   300.00    21.60    28.80     0.09
  280.00   300.00    28.80    36.00     0.30
  280.00   300.00    36.00    43.20     0.49
  280.00   300.00    43.20    50.40     0.58
  280.00   300.00    50.40    57.60     0.67
  280.00   300.00    57.60    64.80     0.76
  280.00   300.00    64.80    72.00     0.80
  280.00   300.00    72.00    79.20     0.87
  280.00   300.00    79.20    86.40     0.91
  280.00   300.00    86.40    93.60     0.97
  280.00   300.00    93.60   100.80     0.92
  280.00   300.00   100.80   108.00     0.86
  280.00   300.00   108.00   115.20     0.80
  280.00   300.00   115.20   122.40     0.76
  280.00   300.00   122.40   129.60     0.67
  280.00   300.00   129.60   136.80     0.57
  280.00   300.00   136.80   144.00     0.46
  280.00   300.00   144.00   151.20     0.32
  280.00   300.00   151.20   158.40     0.09
  280.00   300.00   158.40   165.60     0.00
  280.00   300.00   165.60   172.80     0.00
  280.00   300.00   172.80   180.00     0.00
  300.00   320.00     0.00     7.20     0.00
  300.00   320.00     7.20    14.40     0.00
  300.00   320.00    14.40    21.60     0.00
  300.00   320.00    21.60    28.80     0.10
  300.00   320.00    28.80    36.00     0.31
  300.00   320.00    36.00    43.20     0.48
  300.00   320.00    43.20    50.40     0.59
  300.00   320.00    50.40    57.60     0.68
  300.00   320.00    57.60    64.80     0.75
  300.00   320.00    64.80    72.00     0.80
  300.00   320.00    72.00    79.20     0.88
  300.00   320.00    79.20    86.40     0.92
  300.00   320.00    86.40    93.60     0.96
  300.00   320.00    93.60   100.80     0.92
  300.00   320.00   100.80   108.00     0.86
  300.00   320.00   108.00   115.20     0.82
  300.00   320.00   115.20   122.40     0.75
  300.00   320.00   122.40   129.60     0.67
  300.00   320.00   129.60   136.80     0.61
  300.00   320.00   136.80   144.00     0.47
  300.00   320.00   144.00   151.20     0.33
  300.00   320.00   151.20   158.40     0.09
  300.00   320.00   158.40   165.60     0.00
  300.00   320.00   165.60   172.80     0.00
  300.00   320.00   172.80   180.00     0.00
  320.00   340.00     0.00     7.20     0.00
  320.00   340.00     7.20    14.40     0.00
  320.00   340.00    14.40    21.60     0.00
  320.00   340.00    21.60    28.80     0.09
  320.00   340.00    28.80    36.00     0.33
  320.00   340.00    36.00    43.20     0.49
  320.00   340.00    43.20    50.40     0.59
  320.00   340.00    50.40    57.60     0.65
  320.00   340.00    57.60    64.80     0.72
  320.00   340.00    64.80    72.00     0.81
  320.00   340.00    72.00    79.20     0.88
  320.00   340.00    79.20    86.40     0.92
  320.00   340.00    86.40    93.60     0.96
  320.00   340.00    93.60   100.80     0.93
  320.00   340.00   100.80   108.00     0.86
  320.00   340.00   108.00   115.20     0.80
  320.00   340.00   115.20   122.40     0.74
  320.00   340.00   122.40   129.60     0.66
  320.00   340.00   129.60   136.80     0.57
  320.00   340.00   136.80   144.00     0.48
  320.00   340.00   144.00   151.20     0.30
  320.00   340.00   151.20   158.40     0.10
  320.00   340.00   158.40   165.60     0.00
  320.00   340.00   165.60   172.80     0.00
  320.00   340.00   172.80   180.00     0.00
  340.00   360.00     0.00     7.20     0.00
  340.00   360.00     7.20    14.40     0.00
  340.00   360.00    14.40    21.60     0.00
  340.00   360.00    21.60    28.80     0.09
  340.00   360.00    28.80    36.00     0.33
  340.00   360.00    36.00    43.20     0.48
  340.00   360.00    43.20    50.40     0.59
  340.00   360.00    50.40    57.60     0.68
  340.00   360.00    57.60    64.80     0.73
  340.00   360.00    64.80    72.00     0.81
  340.00   360.00    72.00    79.20     0.86
  340.00   360.00    79.20    86.40     0.93
  340.00   360.00    86.40    93.60     0.95
  340.00   360.00    93.60   100.80     0.93
  340.00   360.00   100.80   108.00     0.85
  340.00   360.00   108.00   115.20     0.80
  340.00   360.00   115.20   122.40     0.76
  340.00   360.00   122.40   129.60     0.69
  340.00   360.00   129.60   136.80     0.58
  340.00   360.00   136.80   144.00     0.48
  340.00   360.00   144.00   151.20     0.32
  340.00   360.00   151.20   158.40     0.10
  340.00   360.00   158.40   165.60     0.00
  340.00   360.00   165.60   172.80     0.00
  340.00   360.00   172.80   180.00     0.00
  360.00   380.00     0.00     7.20     0.00
  360.00   380.00     7.20    14.40     0.00
  360.00   380.00    14.40    21.60     0.00
  360.00   380.00    21.60    28.80     0.09
  360.00   380.00    28.80    36.00     0.31
  360.00   380.00    36.00    43.20     0.45
  360.00   380.00    43.20    50.40     0.57
  360.00   380.00    50.40    57.60     0.68
  360.00   380.00    57.60    64.80     0.76
  360.00   380.00    64.80    72.00     0.82
  360.00   380.00    72.00    79.20     0.87
  360.00   380.00    79.20    86.40     0.92
  360.00   380.00    86.40    93.60     0.96
  360.00   380.00    93.60   100.80     0.92
  360.00   380.00   100.80   108.00     0.87
  360.00   380.00   108.00   115.20     0.80
  360.00   380.00   115.20   122.40     0.72
  360.00   380.00   122.40   129.60     0.68
  360.00   380.00   129.60   136.80     0.59
  360.00   380.00   136.80   144.00     0.50
  360.00   380.00   144.00   151.20     0.31
  360.00   380.00   151.20   158.40     0.10
  360.00   380.00   158.40   165.60     0.00
  360.00   380.00   165.60   172.80     0.00
  360.00   380.00   172.80   180.00     0.00
  380.00   400.00     0.00     7.20     0.00
  380.00   400.00     7.20    14.40     0.00
  380.00   400.00    14.40    21.60     0.00
  380.00   400.00    21.60    28.80     0.09
  380.00   400.00    28.80    36.00     0.33
  380.00   400.00    36.00    43.20     0.50
  380.00   400.00    43.20    50.40     0.57
  380.00   400.00    50.40    57.60     0.66
  380.00   400.00    57.60    64.80     0.75
  380.00   400.00    64.80    72.00     0.80
  380.00   400.00    72.00    79.20     0.86
  380.00   400.00    79.20    86.40     0.92
  380.00   400.00    86.40    93.60     0.97
  380.00   400.00    93.60   100.80     0.92
  380.00   400.00   100.80   108.00     0.87
  380.00   400.00   108.00   115.20     0.80
  380.00   400.00   115.20   122.40     0.73
  380.00   400.00   122.40   129.60     0.69
  380.00   400.00   129.60   136.80     0.57
  380.00   400.00   136.80   144.00     0.49
  380.00   400.00   144.00   151.20     0.31
  380.00   400.00   151.20   158.40     0.09
  380.00   400.00   158.40   165.60     0.00
  380.00   400.00   165.60   172.80     0.00
  380.00   400.00   172.80   180.00     0.00
  400.00   420.00     0.00     7.20     0.00
  400.00   420.00     7.20    14.40     0.00
  400.00   420.00    14.40    21.60     0.00
  400.00   420.00    21.60    28.80     0.09
  400.00   420.00    28.80    36.00     0.32
  400.00   420.00    36.00    43.20     0.47
  400.00   420.00    43.20    50.40     0.59
  400.00   420.00    50.40    57.60     0.69
  400.00   420.00    57.60    64.80     0.75
  400.00   420.00    64.80    72.00     0.81
  400.00   420.00    72.00    79.20     0.86
  400.00   420.00    79.20    86.40     0.93
  400.00   420.00    86.40    93.60     0.95
  400.00   420.00    93.60   100.80     0.92
  400.00   420.00   100.80   108.00     0.85
  400.00   420.00   108.00   115.20     0.81
  400.00   420.00   115.20   122.40     0.75
  400.00   420.00   122.40   129.60     0.66
  400.00   420.00   129.60   136.80     0.60
  400.00   420.00   136.80   144.00     0.47
  400.00   420.00   144.00   151.20     0.32
  400.00   420.00   151.20   158.40     0.10
  400.00   420.00   158.40   165.60     0.00
  400.00   420.00   165.60   172.80     0.00
  400.00   420.00   172.80   180.00     0.00
  420.00   440.00     0.00     7.20     0.00
  420.00   440.00     7.20    14.40     0.00
  420.00   440.00    14.40    21.60     0.00
  420.00   440.00    21.60    28.80     0.10
  420.00   440.00    28.80    36.00     0.31
  420.00   440.00    36.00    43.20     0.48
  420.00   440.00    43.20    50.40     0.58
  420.00   440.00    50.40    57.60     0.67
  420.00   440.00    57.60    64.80     0.75
  420.00   440.00    64.80    72.00     0.82
  420.00   440.00    72.00    79.20     0.87
  420.00   440.00    79.20    86.40     0.92
  420.00   440.00    86.40    93.60     0.96
  420.00   440.00    93.60   100.80     0.93
  420.00   440.00   100.80   108.00     0.86
  420.00   440.00   108.00   115.20     0.81
  420.00   440.00   115.20   122.40     0.75
  420.00   440.00   122.40   129.60     0.67
  420.00   440.00   129.60   136.80     0.59
  420.00   440.00   136.80   144.00     0.46
  420.00   440.00   144.00   151.20     0.33
  420.00   440.00   151.20   158.40     0.10
  420.00   440.00   158.40   165.60     0.00
  420.00   440.00   165.60   172.80     0.00
  420.00   440.00   172.80   180.00     0.00
  440.00   460.00     0.00     7.20     0.00
  440.00   460.00     7.20    14.40     0.00
  440.00   460.00    14.40    21.60     0.00
  440.00   460.00    21.60    28.80     0.10
  440.00   460.00    28.80    36.00     0.33
  440.00   460.00    36.00    43.20     0.46
  440.00   460.00    43.20    50.40     0.59
  440.00   460.00    50.40    57.60     0.65
  440.00   460.00    57.60    64.80     0.75
  440.00   460.00    64.80    72.00     0.80
  440.00   460.00    72.00    79.20     0.87
  440.00   460.00    79.20    86.40     0.92
  440.00   460.00    86.40    93.60     0.96
  440.00   460.00    93.60   100.80     0.92
  440.00   460.00   100.80   108.00     0.86
  440.00   460.00   108.00   115.20     0.81
  440.00   460.00   115.20   122.40     0.76
  440.00   460.00   122.40   129.60     0.67
  440.00   460.00   129.60   136.80     0.59
  440.00   460.00   136.80   144.00     0.47
  440.00   460.00   144.00   151.20     0.32
  440.00   460.00   151.20   158.40     0.10
  440.00   460.00   158.40   165.60     0.00
  440.00   460.00   165.60   172.80     0.00
  440.00   460.00   172.80   180.00     0.00
  460.00   480.00     0.00     7.20     0.00
  460.00   480.00     7.20    14.40     0.00
  460.00   480.00    14.40    21.60     0.00
  460.00   480.00    21.60    28.80     0.09
  460.00   480.00    28.80    36.00     0.31
  460.00   480.00    36.00    43.20     0.48
  460.00   480.00    43.20    50.40     0.59
  460.00   480.00    50.40    57.60     0.67
  460.00   480.00    57.60    64.80     0.74
  460.00   480.00    64.80    72.00     0.81
  460.00   480.00    72.00    79.20     0.87
  460.00   480.00    79.20    86.40     0.92
  460.00   480.00    86.40    93.60     0.96
  460.00   480.00    93.60   100.80     0.94
  460.00   480.00   100.80   108.00     0.86
  460.00   480.00   108.00   115.20     0.82
  460.00   480.00   115.20   122.40     0.74
  460.00   480.00   122.40   129.60     0.66
  460.00   480.00   129.60   136.80     0.58
  460.00   480.00   136.80   144.00     0.48
  460.00   480.00   144.00   151.20     0.32
  460.00   480.00   151.20   158.40     0.10
  460.00   480.00   158.40   165.60     0.00
  460.00   480.00   165.60   172.80     0.00
  460.00   480.00   172.80   180.00     0.00
  480.00   500.00     0.00     7.20     0.00
  480.00   500.00     7.20    14.40     0.00
  480.00   500.00    14.40    21.60     0.00
  480.00   500.00    21.60    28.80     0.10
  480.00   500.00    28.80    36.00     0.32
  480.00   500.00    36.00    43.20     0.48
  480.00   500.00    43.20    50.40     0.56
  480.00   500.00    50.40    57.60     0.69
  480.00   500.00    57.60    64.80     0.75
  480.00   500.00    64.80    72.00     0.81
  480.00   500.00    72.00    79.20     0.86
  480.00   500.00    79.20    86.40     0.92
  480.00   500.00    86.40    93.60     0.96
  480.00   500.00    93.60   100.80     0.92
  480.00   500.00   100.80   108.00     0.87
  480.00   500.00   108.00   115.20     0.82
  480.00   500.00   115.20   122.40     0.74
  480.00   500.00   122.40   129.60     0.65
  480.00   500.00   129.60   136.80     0.59
  480.00   500.00   136.80   144.00     0.48
  480.00   500.00   144.00   151.20     0.33
  480.00   500.00   151.20   158.40     0.09
  480.00   500.00   158.40   165.60     0.00
  480.00   500.00   165.60   172.80     0.00
  480.00   500.00   172.80   180.00     0.00
